5.157212	6.239966	7.456543
4.323651	3.993108	3.892498
3.899564	6.160498	8.005420
3.662943	3.442381	4.292791
3.019688	4.138940	7.842248
4.698714	6.113248	3.686631
3.347944	4.511197	8.547046
4.890248	6.209144	8.024353
3.133104	4.058145	8.037409
3.242165	5.798311	5.146614
3.563921	5.978675	4.726384
3.718417	6.174084	5.121206
3.046457	3.902593	4.028234
4.083966	4.883565	8.909168
3.618290	3.380473	4.819850
4.330363	4.933303	8.914118
4.505995	6.470995	4.117520
3.861750	5.418930	3.497285
5.142223	5.660627	7.417129
3.988794	6.031316	8.439322
4.754089	4.713394	4.141442
5.053203	5.223728	4.540699
4.026757	5.065724	8.948402
5.229301	6.110484	6.134678
4.049129	5.719372	3.244514
4.063379	3.552545	7.018332
4.852752	4.624940	5.800793
4.008738	4.887732	2.924753
4.192438	5.886084	3.346229
3.633867	6.121922	7.577751
4.239742	4.149405	8.335932
3.905798	5.700939	3.282840
3.167171	5.475213	7.271995
4.325223	5.041574	3.162513
3.407571	4.545537	3.156750
5.286852	5.580660	6.473143
4.893210	4.992445	8.377110
3.801939	5.410816	8.793054
3.537430	5.070464	8.861219
4.822180	5.974432	8.353795
4.542875	6.568208	4.642514
3.571344	4.477909	8.928396
3.527565	4.511699	3.248509
4.697650	5.499181	8.793026
4.260888	6.509649	7.529891
5.221748	6.563656	5.216418
3.944849	3.701258	4.313891
3.951539	5.033914	9.025231
3.442308	5.792520	4.185127
5.230192	6.181630	5.109479
4.309396	4.525204	8.329851
4.182495	3.680540	6.728742
4.738381	6.922183	5.822388
3.749356	4.850476	3.176830
4.557714	6.479334	4.753157
5.454061	5.611387	5.784005
3.527719	3.352188	6.576554
3.765186	4.793198	8.902786
2.518553	3.797708	5.462055
5.363185	6.045350	5.852434
3.973391	6.467679	5.150511
4.890772	5.417194	8.393150
3.760957	5.705379	8.007588
4.725148	4.194209	6.768303
3.046539	3.927550	3.774923
4.332401	4.039554	5.999231
4.491415	4.815636	3.264463
4.266867	3.811630	7.030604
3.012935	5.291849	4.567211
2.942761	4.140044	7.650752
2.945240	4.680074	4.962602
5.384532	6.394337	5.677464
3.878635	4.939647	3.125026
4.140860	5.258579	3.015796
3.194410	4.455393	3.504374
3.700111	4.618206	3.092928
3.280448	3.356088	5.581035
3.987799	5.408521	8.990055
4.178692	5.468120	3.004294
5.224271	6.274751	6.853453
3.676429	3.997495	8.597258
4.993507	5.069710	4.053430
3.508994	3.394095	7.208825
4.779124	4.609004	4.629001
3.526379	5.287973	3.537027
2.889213	3.490497	5.053040
4.879928	6.039494	4.158624
5.016266	6.436032	4.687449
3.560844	3.739830	3.975550
3.254588	4.310007	8.620759
4.137652	5.120854	9.121912
4.676318	4.516171	7.903089
2.828139	3.397482	5.536623
4.469232	5.078486	8.692733
4.062454	5.053347	9.036075
4.091049	4.443718	8.928253
2.857393	4.410425	4.325483
3.560926	3.671814	7.586564
3.370009	4.880598	3.395412
2.797462	4.399589	6.761209
4.344002	5.065898	3.140786
4.053026	6.467151	6.852903
4.819452	4.519511	7.420752
3.382482	4.102661	8.572155
3.709506	5.204725	8.700776
4.405800	4.562831	3.869924
3.741007	3.887296	3.576977
4.271603	5.455574	8.940202
3.718561	4.873303	3.117624
2.976297	4.390930	7.173577
5.138467	4.891000	6.297670
4.649965	6.619525	6.345141
3.263760	3.495592	4.263974
4.288247	5.245558	9.024515
4.008880	5.063398	3.052668
3.967979	5.584858	2.962756
4.546795	4.398239	4.343631
3.374853	5.385189	3.915606
3.983893	5.630510	8.491726
3.695602	5.355012	3.699450
4.362877	5.402760	8.987126
4.419684	5.892725	3.431899
3.509078	5.256928	4.420989
3.906498	4.720869	8.967250
4.505572	6.005503	3.151369
4.293631	4.641233	3.530669
3.702248	4.668363	2.987229
3.215273	4.722805	3.428749
3.436477	3.174469	7.181473
4.663618	5.274855	3.319442
3.418631	4.961244	8.541148
4.208228	3.643064	6.142280
3.470392	5.747909	6.282944
4.081250	6.113195	8.632161
4.077179	5.516122	3.179693
3.493583	4.290431	3.386894
4.240139	4.501822	8.648516
5.135438	5.618467	7.553831
2.943223	5.036412	6.877756
4.675969	4.203682	7.499917
3.837356	4.177082	8.653498
2.726525	3.755445	6.768096
4.448514	4.669476	3.610094
5.314480	5.839960	6.825395
3.953828	5.021535	2.911954
4.821504	5.780552	8.401652
4.125174	3.563534	6.689317
3.980719	3.754293	7.637683
3.905433	5.006425	9.074120
3.678954	6.034841	7.525013
5.258020	5.565720	5.148773
4.226693	6.281302	8.101381
3.819603	6.353265	5.931740
5.187755	6.576189	6.273680
4.524661	5.244671	8.602423
4.857921	6.395675	8.115522
3.982473	5.081828	3.044187
3.982151	4.627546	2.948450
4.319769	4.127390	4.494535
4.860438	5.768254	7.933083
3.019602	3.401914	6.780751
3.863581	3.777722	7.927375
4.035141	5.935259	3.716733
3.429848	5.617643	4.148326
2.865973	5.314292	6.656896
5.103364	5.928344	3.969086
4.274369	6.252122	4.183576
4.109222	4.982316	2.938826
2.828908	4.378997	3.710566
4.399385	6.161063	8.288408
2.818246	3.736694	7.273995
4.545367	4.960564	3.239838
4.126042	3.891979	7.793822
4.257063	6.606963	4.659946
3.790510	3.887462	4.013268
5.011606	5.666659	4.232581
4.758832	6.696704	6.941529
4.249377	6.678456	5.095703
2.673209	4.165311	5.014981
2.872046	4.916290	7.294816
3.377091	3.548232	7.617516
3.092193	3.555186	4.057226
4.150175	4.869187	8.898181
4.397362	6.422808	7.965021
3.529182	5.258625	8.703641
5.128828	5.019869	5.102988
3.685124	4.774060	3.033329
3.403530	5.578412	7.562004
4.200081	5.011241	2.829674
4.049476	5.204789	2.949408
4.852188	5.191391	3.665680
2.928925	3.621113	4.905532
4.031737	5.201466	8.743834
5.288860	5.722844	5.136999
3.666473	4.402453	3.308308
3.982217	4.955291	2.890532
4.424119	5.259948	2.983516
4.129091	5.090707	8.920265
5.205930	6.144242	6.905535
3.765170	4.808702	8.796556
2.953789	5.006306	3.914589
5.050514	5.158251	7.080200
4.693200	5.355759	8.771376
4.354504	6.627051	7.488564
3.026270	4.854980	4.366064
3.162025	5.400732	6.564473
3.115290	5.242959	7.265638
2.688965	4.066271	5.979067
3.636767	3.235607	4.861070
3.532506	5.243333	8.120163
4.717815	6.793278	5.101397
4.596492	4.908392	8.697103
4.624641	4.154766	6.132455
4.356106	4.194220	5.145513
4.462122	3.754477	6.558872
3.435788	3.929035	8.350292
3.802853	4.394087	8.747801
4.063984	5.038677	2.905847
4.402420	4.852112	3.048910
4.219546	6.066612	3.682735
4.169092	5.686246	8.724025
4.626146	6.099190	8.456719
2.620109	3.969173	6.795350
3.967028	4.394605	3.232557
2.762607	3.670480	6.152733
3.425863	4.273589	8.319438
4.729620	6.939401	6.352539
5.268889	5.885194	6.125146
3.986540	5.174634	2.984336
5.063224	5.459003	7.981469
3.692773	3.928969	3.611388
4.381147	5.300793	3.098228
4.075835	5.104735	3.178095
4.350356	4.671918	8.535992
2.854501	4.427188	5.388010
4.294391	4.526892	8.621544
3.979678	4.496220	8.609992
3.993819	4.891400	8.965530
4.332906	3.790485	4.781511
4.958413	6.362998	7.479407
4.208329	5.185101	2.844503
4.296296	4.903014	2.876155
3.389861	4.657289	8.616092
5.047711	5.994097	8.003721
3.006134	4.596423	7.641686
3.798544	4.125277	3.153331
4.394032	5.419611	8.780603
4.318379	3.746072	5.706614
3.084148	5.472353	5.480085
3.550504	5.710056	6.323919
3.788809	5.082635	3.017779
5.252396	5.927025	7.462219
3.206408	3.532328	3.870126
3.692367	5.038232	8.871608
4.340155	6.623548	6.350172
2.920605	4.698983	5.556150
4.013672	5.166216	8.994910
4.744110	6.568995	7.492747
3.407367	4.782759	3.279486
3.336473	3.835567	8.219051
5.394372	6.303207	4.692547
4.023639	5.099966	2.839129
4.125134	4.532516	3.162477
4.266505	5.763914	3.542735
3.479781	3.765179	8.119125
3.208165	5.452605	4.616026
3.818378	5.824566	3.654028
3.930591	5.504817	3.220820
2.985314	3.727345	7.641001
3.911891	6.356902	7.411213
3.658561	5.072114	3.153251
3.342936	5.855814	5.720885
4.943267	5.869808	7.868461
3.701099	3.557356	6.134948
3.481928	3.960924	3.573399
4.682791	5.575278	3.324922
4.102214	4.226503	3.312969
3.126318	3.236880	6.834901
4.724325	6.263931	3.590375
4.049895	5.908922	4.150103
4.063863	4.820292	3.065133
4.045767	5.078108	9.037145
3.904589	5.147217	2.861166
4.447744	5.553526	3.427140
5.045572	5.457466	4.210164
3.137579	5.162126	7.652041
4.099915	3.887549	4.189674
3.860411	3.392757	6.034791
4.944100	5.412834	3.557230
4.056681	3.353539	5.401149
2.970455	4.254511	4.264203
2.688257	4.394759	6.218011
4.213682	4.436686	3.220461
3.006591	3.302578	5.546768
4.533986	4.468945	7.644856
4.156354	3.671470	3.865537
5.012074	6.684458	5.244012
4.091198	5.114835	2.937389
2.697953	4.083525	7.211710
4.588640	6.375922	4.146616
3.592419	4.906765	8.818704
3.166068	4.648122	3.916029
3.947302	4.222039	8.403653
4.542828	4.017025	7.218858
4.354688	4.304931	7.842856
3.367712	3.133807	6.118578
4.572020	5.717893	3.403929
4.226524	5.449541	8.755662
4.044693	4.406610	8.861200
4.971471	4.910040	6.813747
5.137248	6.557530	5.553923
3.910425	6.167014	6.836350
3.457627	3.365577	6.078595
4.509654	4.549974	3.466181
3.673299	5.060078	9.084708
4.110654	5.302923	3.037711
4.447510	5.392287	3.167698
3.402086	4.633831	3.705278
4.026709	5.456874	8.711999
3.549110	5.718620	3.714164
3.908390	5.068920	3.120435
4.071233	4.548161	2.969397
3.643420	4.870697	9.121435
3.595724	5.060856	8.584218
4.306942	5.608389	2.928793
3.990976	3.935485	3.711516
3.074780	3.265899	5.010969
3.341394	4.779627	8.032028
4.229619	4.845520	8.841800
3.899006	4.744262	3.086566
3.897442	4.911940	8.939293
3.467500	4.663638	8.655357
3.777469	6.328936	6.337188
4.236972	6.383226	5.730870
4.795722	4.950236	7.925554
3.494294	5.481398	7.971455
3.353315	3.957859	3.545720
4.672841	5.857498	3.771931
4.717581	5.680474	3.731183
4.901234	4.381492	6.256304
3.763145	4.970338	3.084681
4.121559	5.040879	3.050600
4.315211	5.689622	3.025930
2.703881	3.810979	6.237653
3.876420	4.070722	8.234207
5.149852	5.805967	4.547672
3.666317	5.267810	3.451471
4.890050	5.203679	7.852875
3.983656	4.763443	9.053298
2.965307	3.810776	4.291552
4.082507	5.459365	8.738153
3.538109	5.940509	4.979889
3.736010	4.533220	8.847877
4.379551	5.166232	3.071324
4.161594	4.879367	2.993984
3.177155	4.233300	8.066598
2.998079	4.838951	7.662312
3.953471	3.826195	8.070487
4.497232	4.728582	3.247854
4.112837	4.994583	2.933661
4.009198	4.885703	8.766902
3.378038	5.937173	5.794737
3.233880	3.763911	7.881041
4.648706	6.936352	5.234808
2.824577	4.246063	4.507370
4.736509	5.540566	3.331802
3.289950	5.123993	8.403088
3.978144	5.044607	9.161727
3.700116	5.163593	3.097448
3.964119	4.822177	8.896792
4.401144	6.492914	7.986775
3.196761	5.271503	5.097853
3.419129	4.972315	3.280651
3.663872	4.542374	8.854444
4.085389	5.481296	3.266549
3.635407	3.225851	6.623420
3.930199	5.137843	3.236547
4.167295	5.451071	8.932595
3.422086	4.895248	3.869989
4.089241	5.015925	3.258821
3.750172	3.312332	5.451323
4.310036	6.580075	5.675404
4.886801	4.860090	4.179228
3.242041	3.241513	6.574208
3.933779	4.961188	3.124301
3.600269	6.010951	4.018846
4.184034	5.936029	8.672431
2.971040	4.202200	3.897305
4.128782	5.165687	8.970673
4.210161	4.821135	3.166280
4.241652	5.870743	8.574602
3.203091	5.577713	6.067852
5.229044	5.010733	5.749322
3.115662	3.244459	7.231436
3.901081	4.858811	8.916717
3.903736	4.899587	2.930366
4.866557	6.473740	6.856679
3.108742	4.434177	8.328967
3.631271	5.601040	8.512718
3.735588	4.884049	8.917700
4.652287	5.858014	8.168819
4.036844	4.937401	9.107570
3.775150	5.145933	2.982114
4.009012	5.078281	2.933198
3.035088	4.963059	6.209200
4.831907	5.685959	8.255366
3.581691	4.364981	3.093643
4.395682	6.536577	4.078428
4.880087	4.374476	5.364132
3.979053	5.925470	8.669771
2.881190	3.579211	6.187487
2.880923	4.349376	4.760711
3.590209	6.058523	6.841297
4.486880	5.476068	8.648187
2.769493	4.281841	6.582933
4.519878	6.628579	6.802455
3.397815	3.204233	5.308644
4.357795	4.184533	3.713106
4.605984	4.420008	4.894327
3.576213	4.316331	8.888963
5.347306	5.469098	6.747475
4.153084	4.994145	3.106784
3.604541	5.033495	3.191109
4.106464	4.917271	2.932539
5.332981	6.159113	5.814772
4.580808	5.244633	8.277200
5.075684	4.881395	5.161147
4.432880	4.742957	8.516877
4.488800	5.730521	8.637318
3.438143	5.023402	3.577610
4.157116	4.931716	9.087388
4.204462	6.303215	3.804946
4.125218	4.993635	8.865583
3.641163	5.204490	8.754981
3.306985	5.422967	7.584789
4.796401	6.200938	4.070808
4.188704	4.392932	8.691198
4.015832	4.486235	3.260760
4.962864	5.270486	5.651333
3.269886	3.352856	4.870285
4.621621	6.249762	3.618253
2.887976	4.834046	6.125271
4.798961	4.551583	6.821860
3.834841	4.952499	3.117673
4.936302	4.865039	7.576295
4.088198	4.948849	2.878332
3.936167	5.102389	9.115157
2.742143	4.223753	5.523831
3.667938	3.691635	7.977710
4.037062	4.720943	8.903203
3.412204	3.973322	3.565839
3.965328	5.095349	8.856288
3.972842	6.085552	8.117506
2.827597	3.236785	6.227253
3.016631	4.586064	8.330037
2.863134	3.519299	5.449561
3.406443	3.432088	7.309328
4.890962	5.845447	3.775528
3.965609	4.988507	3.076771
2.829107	3.991000	7.111789
3.221584	3.561247	4.239497
3.670908	6.222537	4.640866
5.109667	5.357586	7.360175
4.979923	5.217561	6.580282
3.504021	3.270265	7.851286
3.585445	4.679384	9.143338
2.862136	4.061696	4.893106
3.883965	5.763691	8.210724
3.502095	3.538267	3.940386
4.330061	4.376827	8.224620
4.016035	3.498214	4.318844
3.502823	4.606569	3.040222
3.678555	4.909224	8.869395
4.593281	4.877755	3.580275
3.903114	5.429429	8.977857
3.941885	3.649537	4.803141
3.262008	4.289739	3.447637
4.858424	4.622364	4.684907
4.878184	6.578525	4.894208
4.407911	5.099102	8.710039
5.214373	6.394658	6.478377
4.970274	6.717052	5.922484
4.014887	5.002841	9.103782
4.104612	5.299749	3.127576
3.901224	4.503322	8.818880
5.274874	5.357247	4.584228
3.788189	3.895044	8.690709
3.893045	4.996504	8.856816
3.975354	5.132173	8.903937
3.935342	4.613074	3.170619
4.443378	6.580607	7.064567
4.764100	4.541865	5.577247
3.822302	6.477264	4.593962
3.462429	5.829391	6.983194
4.582411	6.802636	5.721495
3.027983	5.090547	4.869456
4.588740	5.279078	3.243906
3.873906	4.796433	8.899934
5.045081	6.689428	5.099066
3.596059	4.010744	8.583327
