4.225467	5.473740	8.912223
3.352278	3.367849	5.466918
4.379015	4.279826	7.843155
5.225089	6.500825	6.140762
4.259203	5.625622	3.405519
2.883510	3.305176	6.078243
3.853566	5.661928	8.402110
3.504721	5.307002	8.678073
3.617588	5.070390	3.263120
4.342763	4.378908	3.485432
3.793154	4.461965	8.597983
3.315921	5.005910	8.292246
4.031185	4.810524	2.921736
3.697077	4.766363	9.031907
3.843629	3.445332	6.263414
4.592985	5.653116	3.532467
4.721867	5.501293	3.616627
5.172043	5.655310	7.325349
4.522195	5.915342	8.417360
3.569385	4.915521	8.818629
2.883357	4.338391	7.519588
4.117245	3.684573	7.303144
3.344229	3.537460	4.430680
3.998774	4.292770	3.310076
3.505766	5.412041	3.955915
3.570727	5.130311	8.776062
2.987244	4.551519	8.101269
4.866010	6.273272	4.019892
5.108243	5.087096	6.819543
2.733716	4.150331	5.579269
4.753297	4.383659	4.813980
3.208042	5.705720	5.090553
3.953491	4.675594	8.853108
3.516835	5.877400	6.758613
4.327787	5.004841	3.213728
4.621851	3.975073	5.466089
3.541228	3.682458	4.095589
4.420474	4.086938	7.225882
5.043260	5.762318	7.222585
4.204195	5.066391	3.002037
5.124833	6.459070	6.789283
4.826779	4.939429	6.342458
3.101868	5.201916	4.248073
2.885980	4.687417	6.025152
2.906813	3.203627	6.917896
4.465371	5.152882	3.473955
2.752605	4.341727	6.651136
2.657462	3.792235	5.567897
3.079300	5.560002	5.448922
2.694749	4.206971	6.071257
4.546780	5.597743	3.299534
4.506263	4.688514	3.650795
3.430369	6.035112	7.656029
3.490408	3.267244	5.018898
3.463496	3.128726	5.952830
2.753049	3.944642	4.897272
3.320137	4.116826	8.622862
3.954738	5.147340	2.897902
3.212208	3.279626	4.842067
4.491755	4.968367	8.630668
2.795412	3.327003	6.770464
4.140233	4.806424	8.968467
5.163057	5.703974	5.129383
3.652384	4.531436	3.144518
4.032941	5.413217	8.840686
4.118506	6.506347	5.768361
4.413750	6.864828	5.732283
4.272556	4.375164	8.873445
3.835516	3.815405	3.813779
3.909556	4.945651	3.027769
3.919050	6.107226	4.112941
3.158702	5.499200	7.362317
3.609180	5.524122	7.757472
4.458417	5.144361	3.362316
3.025162	4.369319	3.951009
4.000176	4.656964	8.897308
3.816948	6.061582	3.693235
3.900226	5.640384	8.594425
3.747395	5.118254	3.164676
4.084141	5.403166	8.959066
3.985669	4.824864	2.937631
4.139829	4.220947	3.439595
3.084682	5.822354	6.909488
3.699248	4.726251	3.125804
3.971307	5.570082	3.417214
3.240744	5.078753	8.285913
5.066868	6.538928	5.192114
3.685631	4.738194	3.112377
3.776001	4.910820	3.171112
5.222421	6.449876	5.600185
4.080589	4.494377	8.705451
3.713242	4.428748	3.085032
3.487232	3.870308	3.448621
4.339124	6.058718	8.263163
3.637050	3.262136	6.655152
5.004412	5.251943	4.716899
3.948368	3.581648	4.521904
4.804874	5.400624	8.140014
4.131727	4.441591	3.282780
4.707166	6.819566	5.030847
5.243769	5.935575	6.820776
3.782405	5.446871	8.211721
4.069683	5.110553	3.079111
4.929465	5.240947	7.344733
4.321892	5.407372	3.090070
3.954564	5.041301	9.025732
4.033556	5.182879	9.028275
4.763931	6.043281	3.587963
2.580255	3.769952	6.070896
3.614344	3.505174	4.456413
4.124983	4.898231	2.939014
5.112426	6.179141	5.134717
5.066590	6.112870	4.117699
3.881320	5.904481	8.447358
4.840028	4.864119	4.157438
4.054679	5.525109	3.038915
4.696475	6.479806	3.989912
3.682958	3.414791	5.382343
3.481884	4.127880	3.494119
3.868779	4.766869	3.178482
4.259283	6.468459	7.790758
3.994451	5.680792	3.363715
4.244690	6.039896	3.792139
3.936651	4.967093	8.938783
5.052618	6.457140	4.484259
3.995543	4.489531	3.390017
3.502436	5.399578	7.646751
4.819378	6.578719	4.672528
4.740086	4.732055	7.916641
4.963235	4.841157	7.392315
4.133324	5.005873	8.989727
4.710290	5.438713	8.599074
3.129245	5.098275	6.134408
4.224362	6.793303	6.301718
2.962488	5.006260	4.320311
4.499711	5.656710	8.791709
4.334847	6.394202	4.219986
4.111650	5.345757	3.145994
4.433962	3.916115	6.820454
3.065464	5.310508	7.170107
3.859339	4.239126	8.585160
4.205869	5.117403	3.194729
2.881415	4.374725	7.147185
2.862359	4.002920	7.772350
5.009992	5.521871	7.358644
3.243255	5.254556	4.015519
4.247814	4.457191	8.528722
3.238911	5.038416	7.687273
4.466070	5.200699	8.860718
3.886078	5.227883	3.076162
4.017555	6.029199	7.853869
4.188885	5.581032	8.846906
5.211565	6.364963	5.783625
5.238312	6.437407	6.824689
4.929638	6.636843	4.997390
4.504930	6.354015	3.709893
4.003972	5.714141	8.763870
5.049663	5.000979	7.119873
4.482946	6.431900	8.080341
3.659018	4.840597	3.029456
4.101530	6.502557	7.640182
3.725020	3.346196	6.109316
4.030534	5.140218	3.114706
5.065697	5.471848	4.179989
4.799881	5.501896	3.306406
4.726507	5.822333	3.618308
3.739472	4.950298	8.770626
4.196992	6.135405	3.762265
4.295401	4.119312	8.174523
4.874354	4.540120	4.656910
4.722721	6.416191	7.973906
4.054644	6.464422	4.455878
3.605536	3.916661	8.529514
4.197679	4.999420	3.074699
4.212072	5.431595	3.092818
3.968952	4.938398	3.081127
4.739073	5.391078	8.387415
4.130240	3.958766	8.145552
2.618504	3.910222	6.683206
5.143041	5.505970	4.709690
4.759549	6.400806	4.205051
4.077877	5.060247	9.033410
4.457463	4.578318	3.395302
4.844522	5.711032	8.491841
3.490411	6.032438	5.682258
3.777965	6.295337	4.346042
4.040564	5.363157	8.805936
5.278895	5.861281	6.095837
2.757797	4.702283	6.713117
5.004047	4.333423	6.310661
4.839760	6.396780	7.579829
4.166889	5.050122	8.993707
5.311949	5.831809	4.977832
4.688815	5.217290	3.339653
3.947742	5.191455	9.132726
3.433616	4.592426	9.046396
4.590558	4.924031	8.398873
4.338395	5.303135	3.031533
5.126439	5.495596	5.692402
3.548975	5.084879	8.569571
3.054496	3.637981	7.618814
3.608918	3.883234	8.160021
3.360416	4.797843	3.338986
4.722494	4.456859	6.906897
4.001912	4.880189	9.081558
2.988335	3.507074	5.597109
4.733733	4.412760	7.285877
5.270956	6.071639	6.844402
3.952334	5.084104	8.963249
4.370070	4.992040	3.075754
4.209576	5.162535	2.997889
3.272481	3.589756	7.435560
3.149919	5.476087	6.637766
4.524818	6.783564	6.911070
3.642289	5.991704	8.004511
4.131296	4.912440	3.077511
3.562810	4.418027	3.241231
3.174467	5.490010	4.857308
2.854922	3.488851	7.321273
4.349754	5.669861	8.985712
3.505083	3.361841	6.738383
3.816522	4.982445	8.992692
2.856108	4.727717	5.457825
5.079590	6.309112	7.429734
3.850438	5.220685	3.110115
4.104596	6.215640	4.209133
4.143151	5.041005	8.988885
4.675080	4.330141	7.842600
4.607219	4.564954	4.374282
4.854050	4.843164	4.420647
4.948959	4.882494	5.761864
4.648589	5.202804	8.410656
3.913710	5.048270	2.923798
5.243301	5.651446	6.921189
3.704994	3.466817	7.823481
5.250817	6.209741	6.435213
4.846122	6.606180	7.106993
3.724755	5.588179	3.313910
3.909151	3.530468	7.806193
3.287965	4.725001	3.466155
3.796709	4.679805	3.147347
2.930448	3.495013	4.923555
4.355013	4.339537	3.949028
3.595614	3.555485	7.136333
4.600921	4.451986	7.435921
4.086263	5.046508	9.092720
3.663676	6.254092	6.083783
3.797672	5.906461	3.889487
3.143101	5.401501	6.115691
4.313369	3.505121	6.714060
3.648709	5.003631	3.150290
3.306025	4.181206	8.497989
4.480762	6.710762	6.933456
4.320720	5.122730	8.820063
4.097165	3.630967	5.054153
3.880438	5.046943	9.047092
3.923847	4.691258	8.974768
4.151550	4.556667	8.744332
4.135714	4.962161	2.930986
2.922217	3.942325	7.681524
3.995884	5.015946	2.873274
3.621359	4.251289	3.111523
3.428809	3.310822	6.589105
3.240347	4.081755	8.290665
3.704253	5.862169	4.265178
4.167317	4.886070	8.841381
3.403939	4.340456	8.467748
3.829863	5.951699	8.592972
5.010438	6.499558	6.452113
3.883302	4.849281	3.052767
3.739138	4.241430	3.049513
4.533355	5.738742	8.856223
3.977803	5.106306	2.895661
4.077180	4.770044	3.180280
4.078759	5.078348	3.069355
3.325746	5.571574	5.733884
4.220998	6.594718	5.205718
3.912366	4.973440	8.912146
3.974211	3.807684	7.832745
4.214266	4.998792	3.141535
4.791617	4.341541	5.420900
3.434684	5.473099	8.408984
3.333812	5.734499	6.132342
4.324356	6.095974	8.375897
3.624946	5.125853	3.310930
5.067533	4.977022	5.139493
3.116043	3.347192	4.974766
4.522400	6.694995	6.406196
3.772777	4.980721	8.909223
3.901284	5.633884	8.888921
4.037970	4.174911	3.458678
3.100444	3.110403	6.081097
3.247805	3.618229	3.769271
4.591690	5.110961	3.635574
4.943012	5.970551	4.137410
5.253606	6.398106	6.516347
2.742907	4.510141	5.038230
4.132025	5.472384	9.135103
3.160295	4.320519	8.050603
3.964476	3.552116	4.768791
4.964451	5.747131	4.084377
3.693855	3.968898	3.402815
4.106769	5.076950	2.974018
3.701883	4.001575	3.577062
3.757187	4.884203	8.945537
4.881802	6.023458	7.981186
4.101262	4.401087	8.634236
3.280517	4.975994	3.643329
3.327780	3.215491	5.964156
3.819763	3.436434	4.852706
3.141685	3.732135	8.278216
3.460662	5.772418	7.503847
5.260659	5.556981	6.342446
4.074090	5.088211	2.907855
3.811481	6.311877	5.121827
3.840539	6.107368	7.983093
4.531847	6.076743	8.178725
4.169892	4.862097	3.017444
4.490117	5.732965	3.314895
3.340971	3.476114	7.756253
5.228100	6.158774	4.501720
5.085695	6.448715	5.089060
3.461698	4.229106	3.571331
3.905849	5.108833	8.768554
4.020503	4.923971	3.012983
4.093236	4.919832	9.062303
3.859341	5.109610	2.981803
3.011149	3.814371	3.988951
4.597980	6.157867	8.581111
3.909482	4.648436	3.174397
4.001255	3.906469	7.650236
3.655790	3.846441	8.317908
4.663741	4.220296	6.755949
4.112006	5.068867	3.050448
3.439595	5.122788	3.624627
4.081906	3.744385	7.205852
4.296822	4.614040	3.081430
4.372361	5.333418	3.092069
3.112180	3.663229	7.794110
4.995145	5.179768	8.099929
4.389517	5.269270	3.188039
3.531976	4.409293	3.297486
4.250912	5.191997	2.986854
2.988174	3.306827	4.988100
4.979403	5.783772	8.323757
4.352894	4.788171	8.569683
4.971833	6.075612	7.901257
3.920499	4.772738	8.864456
5.144927	6.358834	4.666722
3.275460	3.812735	3.886445
5.258648	5.225922	5.853163
4.605949	6.858688	4.945421
4.432528	5.030506	8.637701
2.802519	4.371202	5.479984
4.946429	4.627739	3.724672
3.866314	4.258263	2.962819
4.064199	4.769568	8.867347
3.565330	5.919687	5.236001
4.178274	4.456308	8.114465
4.214319	4.820061	8.920560
3.827417	6.453748	7.531603
2.807986	3.959794	4.318548
3.835735	3.447171	4.319506
3.851114	4.772622	3.145070
3.822191	4.878093	9.106791
4.353948	5.639861	3.205009
4.921801	5.118770	4.150363
3.647707	4.619919	8.964169
3.907593	4.936008	3.067875
3.446259	3.953404	3.570686
4.818644	5.818026	3.727253
3.266026	4.453110	3.598725
4.504410	6.432966	7.494056
3.827792	5.775550	3.628235
3.921438	4.923916	2.838287
3.153590	4.975283	5.545300
4.232085	3.646285	6.061556
2.674427	3.661101	6.062213
3.033946	4.114430	3.919653
4.745379	6.960874	5.740596
4.125473	5.026094	8.953134
3.999013	5.836240	3.256019
4.719239	5.477743	8.550747
3.049120	3.115802	5.347381
2.805265	4.476937	7.801288
5.301162	5.872138	5.627160
2.880515	3.709501	7.342843
3.950729	6.497940	7.080237
3.898845	5.204482	8.937776
3.355202	5.560951	4.556442
4.136426	4.898453	8.828867
5.014316	5.656692	3.701572
3.510094	5.989274	4.571713
4.024300	5.048327	8.865277
4.811350	4.790623	7.864348
4.388868	5.667519	8.342246
3.133377	5.232343	4.948510
4.483315	5.750513	8.724959
2.703813	3.945736	7.210972
4.877300	6.600273	4.421592
2.961369	3.589172	4.311846
4.207649	4.867048	2.911858
3.038595	4.604180	3.852220
4.350095	6.229728	7.944184
4.353346	3.919208	6.121452
2.786862	4.735450	7.243017
4.586525	5.583618	3.282855
4.780624	4.311332	4.370957
3.065411	4.798901	3.903903
4.002166	3.643641	6.574871
2.940431	4.477723	4.528348
3.016135	3.763842	4.460384
4.092476	4.964609	3.014639
4.071337	6.401483	5.047030
5.053093	6.108055	7.693985
4.665809	4.090056	4.413333
4.112641	5.424676	8.811526
5.232964	5.826046	4.645929
5.004676	5.679347	7.854251
3.252028	5.246048	3.548200
3.945104	5.484950	3.115531
4.939331	6.094055	8.024647
4.726869	5.561994	8.873224
3.942938	5.880380	3.689605
3.917842	3.880218	4.046896
4.105004	5.711789	8.683954
5.182487	5.210434	5.087913
4.087855	3.974041	3.926765
4.038116	4.943320	2.987771
4.045112	4.668352	8.817851
3.862453	4.834365	8.962141
3.890356	6.270464	4.613709
3.897033	4.593595	3.054277
4.370576	5.368015	8.981387
4.228131	4.935588	2.874043
3.463604	5.292025	8.739019
3.969224	4.885770	3.102582
3.190039	3.275033	5.478269
3.668649	5.152060	3.196233
4.270993	5.219778	8.712311
3.539958	5.281176	4.206241
3.321572	5.543798	3.757480
3.402856	4.890405	8.659030
3.496033	5.971853	6.175937
2.673326	4.218638	4.986136
3.915266	5.019879	9.192950
4.886816	4.555174	5.827814
5.024011	6.719641	5.748093
4.018758	4.742932	2.906724
4.292456	6.480813	6.936131
3.710978	4.823207	9.097866
3.574343	4.450655	8.874131
3.950135	3.342613	5.556028
3.552477	4.533118	8.769196
3.367369	4.598619	8.546200
2.770759	3.969817	6.613942
4.040867	4.921908	2.900991
2.837850	3.650255	6.617497
4.437811	4.602571	8.302164
4.148261	6.409538	6.223719
4.321799	4.257421	3.907914
3.490416	4.678895	8.635790
3.712788	4.293909	8.580060
3.949608	4.354873	8.794811
4.286690	3.662237	5.633457
3.778231	5.263292	3.112541
5.163755	6.265861	5.536987
4.797712	6.839397	6.398776
3.357975	5.358531	7.987255
4.330172	5.406107	3.053369
4.583847	6.682161	4.460666
4.071455	5.503469	3.187470
3.914657	3.830198	3.758235
4.630636	5.934215	3.741821
2.750683	3.597418	5.518602
2.682691	4.316171	6.132397
2.882647	4.394226	4.376602
4.197420	5.070171	3.145012
3.214248	4.444086	8.567791
4.632825	4.301516	6.412406
3.048255	3.501114	4.318376
2.994321	4.974394	6.476709
4.218896	3.861585	4.501761
3.791806	4.281258	8.869326
3.635003	4.026325	8.506782
4.786054	6.618160	7.523871
4.396908	4.667896	3.312178
2.711499	4.256208	7.403384
3.194287	3.312934	7.120078
4.142929	6.508050	5.903897
3.406089	4.524367	3.501046
3.172136	3.864316	8.089329
3.027289	4.194231	8.363155
4.501363	4.038326	4.976654
3.868346	5.230408	3.163058
4.531519	5.397299	8.908769
3.177762	4.784070	7.786468
3.941365	6.349020	6.721039
4.722744	4.513053	5.198855
3.726812	6.312058	7.428753
