4.098942	4.870659	3.288515
3.812933	5.824487	3.717865
4.480864	6.522068	6.995175
3.291556	3.829517	8.188806
4.405447	4.860651	3.523407
3.125423	3.711475	4.434943
4.759344	5.939277	8.394451
5.371774	6.232187	6.817726
4.085452	3.747491	3.885156
3.869566	4.711322	9.000210
3.478722	4.904390	3.143084
4.268097	5.743188	8.697421
3.883287	5.037697	9.084851
4.821995	6.327651	3.814917
4.004721	5.423452	3.135762
4.427032	4.384835	7.842439
5.230230	6.268025	4.988186
4.167374	4.399493	3.559526
3.023652	5.067162	4.616665
4.010312	5.668301	2.851296
3.767069	4.882960	2.797662
4.213311	4.542686	8.797861
3.665554	4.484872	8.524510
4.450609	5.587737	3.421763
3.990564	5.068651	2.948788
4.648668	6.696661	5.239100
4.398354	5.481742	8.815788
4.602378	6.117623	3.541454
4.434903	5.237285	3.195745
4.929167	5.935111	4.153981
4.205679	6.628190	6.568662
4.345979	3.773181	5.394214
4.434350	5.213936	8.576814
4.889424	4.657329	4.107958
3.688541	3.307539	5.046437
5.055180	4.882616	7.468020
4.143415	5.372116	3.291772
3.813533	5.919052	5.021822
4.029015	5.231703	8.860383
4.071778	4.859065	8.864481
3.979373	4.918892	8.829762
3.321407	4.030340	3.662055
5.511313	5.567830	6.935505
3.526529	3.885650	7.934180
5.162281	5.504421	5.955009
4.131004	5.072278	8.842264
4.841561	4.802734	8.151849
2.810066	5.185372	7.149273
4.735939	5.092909	4.276198
3.312499	5.688522	5.074484
3.863887	5.114466	8.871726
2.763940	4.455216	5.581169
3.863873	3.470913	6.861471
3.933396	4.117129	3.789254
4.798753	3.916722	6.159624
4.262088	5.216961	8.790448
3.998657	5.081376	2.984767
4.172612	6.311522	4.732672
3.849806	4.993820	3.102292
4.171003	3.722238	8.219851
4.053462	6.540066	5.497517
3.312116	3.980326	8.044924
3.843795	6.139098	4.157635
4.929924	6.174984	7.718165
3.708503	4.419170	3.120458
3.463012	4.935564	3.150247
3.118835	3.995930	6.687985
3.831727	5.071623	2.856616
3.372885	4.388199	3.296651
3.998037	5.836967	8.397816
4.122371	4.406612	3.391484
5.120127	6.177220	6.708150
3.430731	3.552203	8.254224
3.883146	4.869573	9.061125
4.145912	6.090483	3.758375
4.220154	4.015795	7.260118
4.573861	4.466161	4.585549
3.180031	4.448724	8.075492
3.724883	3.675509	3.904681
4.682594	4.680002	6.357338
4.547606	6.467554	7.532863
2.591892	4.809329	6.260612
5.228734	6.406014	6.802660
3.357753	3.955910	3.395531
4.233480	5.547365	2.869135
3.075478	4.410875	7.279874
3.422766	3.984221	3.707674
4.184250	4.623557	8.812283
4.711417	6.636761	6.864459
3.736366	4.429749	8.824129
3.658263	4.074000	8.531177
4.862252	5.564203	7.761342
5.199414	4.933076	4.613788
3.323747	4.521543	3.616000
4.548556	6.208266	8.037125
3.185247	3.183305	5.466669
4.743852	6.776655	5.932467
3.188910	2.891236	5.378800
3.864220	4.912071	8.904104
3.877663	4.964779	3.112017
4.820284	4.864531	6.878619
4.290988	4.894282	8.662272
2.648096	3.869598	5.088035
4.900710	5.533150	4.612998
4.800665	4.925561	7.946186
2.940607	4.582529	4.871876
4.533062	4.145374	4.055575
3.776318	3.926544	8.774823
2.946201	4.033672	8.169096
2.835947	3.338293	5.818833
4.150802	5.093385	3.219000
3.827266	4.957759	9.281367
3.997101	4.973668	8.692133
5.221560	6.153175	5.537961
4.279459	5.334698	8.844221
2.657029	4.343530	6.235850
4.394181	6.164281	7.966045
3.099565	5.002851	6.573840
3.216647	5.800071	7.458301
5.436014	5.962068	5.530636
4.585878	4.397291	8.107724
5.061614	5.838271	8.392645
3.457609	5.349022	8.602046
4.031669	4.639202	2.930313
4.145924	5.520933	8.713773
4.066199	5.540638	8.808836
3.518962	4.413371	3.026316
3.457088	5.012301	3.134225
2.892227	4.677483	6.032837
4.400699	5.034906	2.955221
3.846535	5.690365	3.572152
4.410639	5.957281	8.688520
2.647516	3.781473	7.191814
4.723554	4.514252	5.401341
4.592999	5.298909	8.880453
3.867918	5.002850	8.837860
4.129098	4.217864	4.101417
4.417939	6.436624	4.262646
5.123988	5.510705	6.268564
3.808003	3.506240	7.782200
3.550069	5.562681	8.262675
4.003520	5.344938	3.140222
3.008794	5.135629	5.348948
4.064429	5.153371	2.869863
3.931102	4.854628	9.083877
3.821529	5.560501	3.338196
4.226633	5.574320	9.043485
3.879832	4.074767	8.677973
3.329847	4.550221	3.749150
3.907920	4.527438	2.806495
3.772774	5.097964	2.966090
3.289834	3.382990	5.541583
4.146825	4.690522	3.065269
2.758805	4.594506	5.634483
4.407893	5.136862	8.600944
4.597252	6.529597	3.938498
4.963659	6.683136	5.306744
4.837174	4.847911	5.209880
5.094316	6.137287	7.506077
3.675949	4.870048	9.103050
3.790827	5.633061	8.455388
4.082776	3.849514	8.194257
4.975897	6.585363	7.509127
2.904751	4.936970	6.221061
3.458525	3.509566	6.666668
3.437754	4.476718	3.459495
4.140858	5.151888	8.881148
4.241225	3.805114	5.358089
4.232065	4.997631	3.020491
3.311720	3.266260	4.538643
3.426783	4.023967	8.535349
3.734594	3.315317	6.179251
2.998887	4.299864	7.879567
4.922700	4.972791	8.325231
4.398710	5.473132	8.738905
4.510807	6.756437	4.610153
3.495541	4.431647	3.305988
3.427335	4.766378	8.705349
4.645805	6.509757	5.731424
3.483075	5.318980	8.739779
5.418429	5.180056	8.076052
4.015406	5.354475	3.004359
4.280759	3.985636	4.793080
2.839889	5.050990	7.787970
3.226651	5.561791	4.559817
5.032006	5.898883	7.851454
2.772935	4.557407	7.874045
3.839487	5.998633	6.767927
3.522944	5.139182	9.010768
4.651701	6.660944	5.992376
5.387628	5.907101	6.048562
4.318155	5.111105	2.956609
4.224103	6.285829	4.079521
3.673338	4.452264	8.579652
3.701120	5.049368	9.050674
3.111668	4.603735	3.451626
3.113847	4.245962	3.905371
2.978470	4.937177	7.116399
4.774105	4.639985	7.287739
4.659733	6.872980	6.499493
3.013145	4.014508	4.564781
5.121138	5.669511	5.097138
3.182836	5.513537	5.936421
3.430531	4.840673	8.584362
3.642780	5.117772	3.116558
4.210254	3.965144	6.605088
4.554700	4.565789	4.893562
2.860937	3.611751	5.110364
4.842531	6.484252	4.677762
4.650091	6.654068	5.536052
3.648366	5.334571	3.621683
3.250342	3.966797	3.344619
3.261948	3.333715	4.871720
3.926390	5.011169	8.720362
3.164862	5.189100	5.559949
4.103729	4.816556	8.979366
3.984253	3.628282	5.933221
3.782579	4.775574	9.036483
3.903401	4.941342	3.062264
4.722755	6.830225	7.102747
2.871837	3.295150	4.823188
4.160042	5.057491	2.895192
3.827365	4.777774	8.967769
4.937909	6.759240	6.294556
3.206751	4.733626	7.998109
4.112416	5.679314	3.177912
3.571728	3.160870	7.347308
3.555059	3.585045	4.218398
3.525057	5.805354	3.760992
4.760572	5.284224	8.725046
4.166065	5.867917	3.184718
3.884020	4.842045	3.533441
3.802789	5.880521	8.306282
3.802447	3.597090	4.071261
3.122386	3.570279	7.556156
3.818678	4.817216	8.955670
4.621141	6.561975	7.628370
4.116992	3.258133	5.395147
3.990117	5.088725	8.958729
4.035831	5.435657	8.886477
3.644355	5.818229	7.230070
3.852998	5.107621	9.181759
3.905856	4.107681	3.640746
4.129732	4.741596	3.402123
3.667418	4.639421	8.812089
3.833808	4.417754	2.612252
4.104019	6.090240	7.960420
3.994082	3.892045	5.029409
3.603847	5.373214	3.280491
3.799460	4.627892	9.069658
4.310204	4.566362	8.774251
2.914107	3.905454	4.198035
4.633766	5.508836	3.618136
4.048387	5.060366	2.845199
4.212656	5.913278	3.242333
4.884120	5.080259	6.265307
3.483077	5.133156	3.881206
4.727678	4.491698	7.693203
4.703070	4.857601	3.736027
2.815402	4.714874	3.401564
4.667618	4.842479	3.468982
3.433054	3.718723	7.781762
4.793054	6.430607	4.180535
3.395653	3.420474	6.197952
3.430561	4.442009	8.753217
4.312487	4.676656	3.974081
4.844898	4.882553	3.952172
4.455717	6.201463	8.238258
3.826212	5.769976	3.112950
4.875202	6.628032	4.700049
4.876624	5.945152	8.200448
3.933349	4.704392	3.159565
3.983555	4.704132	2.852705
5.289487	5.583901	7.112537
5.003480	4.651290	5.798784
3.683338	4.987543	9.051387
4.792018	5.798955	8.756680
3.992386	3.553088	4.998054
3.570508	5.488547	7.957311
4.064908	6.408666	7.521082
4.411041	4.800864	3.180199
3.094184	4.997564	7.335210
3.461023	4.995188	8.990532
4.596120	5.797628	3.304830
3.817261	5.010865	8.984607
4.064177	4.004365	7.695173
4.819021	5.585704	8.194343
4.022784	4.657404	3.161053
3.679617	6.089891	5.019714
4.680977	5.052624	3.645073
3.887436	4.839260	2.851366
4.176393	5.217950	3.096976
5.203209	6.113463	4.681766
3.932880	6.146987	4.092590
4.784600	4.651293	8.381860
3.410039	5.588145	3.698841
3.093632	4.836509	7.661438
3.192762	4.866068	3.867094
3.092682	3.819951	7.718184
4.166879	4.567001	8.586023
3.368795	5.720337	4.560746
4.560297	5.629511	8.694626
3.882419	4.752626	9.174451
3.519377	5.787695	7.038828
5.005217	6.457343	6.105051
4.481079	5.144278	3.807787
4.353442	4.237189	8.335730
4.114593	4.957197	8.819080
4.849169	5.866398	3.525857
4.007763	4.756990	8.963599
4.809276	6.561085	5.116673
3.216532	3.699801	8.262259
4.216121	5.942305	8.687473
4.350676	4.001638	7.111917
3.158541	3.305344	6.779835
3.197918	5.086034	8.095404
4.060491	4.824440	3.037886
3.841312	4.751911	3.060454
4.042150	5.322358	2.793966
2.508933	4.460227	6.754764
3.304537	4.845213	3.255997
4.026382	5.082402	2.730626
4.167606	5.836030	3.487522
3.994785	5.161743	3.420388
4.019178	5.237852	2.945253
3.681407	5.163646	9.133715
3.949790	4.947439	2.943919
4.263365	5.574342	3.270746
4.151983	5.333921	2.931008
3.576523	4.867532	3.526229
4.169452	4.212436	4.485670
4.608140	6.463418	7.976670
2.999200	4.983711	4.681830
3.275886	5.922939	6.477394
4.830830	7.011427	5.553523
4.769246	5.069111	8.351095
3.946346	5.892512	3.624902
4.037150	3.282889	6.544098
2.874864	3.715910	5.359361
4.183825	6.616836	6.985947
3.917272	6.075602	4.552643
3.181954	3.415269	6.011640
4.634840	5.655291	8.610337
5.364759	6.384682	5.277470
4.737661	6.047365	8.042527
3.963140	3.837312	8.103208
3.704382	6.100530	6.391254
4.336468	4.863461	3.124082
4.420767	5.233872	2.899619
4.094358	6.208910	4.451662
4.916534	6.134807	8.462710
4.202391	4.914407	3.325737
5.323978	6.167224	5.655925
3.950062	4.567615	3.342069
3.913093	4.932303	3.049970
3.523678	5.300787	3.540965
4.119924	5.169826	3.184286
3.218697	4.209358	3.942476
4.857763	4.282167	6.318405
2.650170	4.285900	5.052432
3.492861	3.540643	3.888012
3.598427	4.624999	8.486241
4.746029	6.942491	6.744795
3.488181	4.505323	2.967728
4.476925	4.678670	3.521618
3.722414	3.472260	7.854742
4.875351	5.906319	3.710089
5.052549	6.096276	4.253023
4.090876	6.426503	6.544926
4.195938	4.870213	9.134503
4.003928	4.483312	8.911221
4.127993	4.937338	9.160009
4.576391	6.103701	3.765780
2.986653	4.771348	3.997451
4.646374	5.253492	8.251369
5.040940	5.217376	5.160229
4.173412	5.506428	3.133420
3.440409	5.391904	8.529462
4.536751	5.785450	3.524337
4.175518	4.268825	3.052300
3.236663	5.086690	7.599653
2.541030	4.097463	5.813501
4.376961	4.690452	3.603330
4.554244	6.569852	7.617639
3.582238	5.269142	8.918368
3.992844	4.811999	8.989189
4.090488	6.178757	6.829916
3.607705	3.381469	4.913938
2.947699	4.262534	4.627405
3.916143	4.927430	3.014079
4.423847	3.575420	7.370325
3.916164	5.723861	8.627095
4.252859	6.743882	7.766088
3.284518	5.056252	8.346004
2.555717	3.625017	6.083688
3.998234	4.509529	8.928365
4.215106	6.415999	4.066320
4.723666	4.682980	5.425700
4.659487	4.315785	6.920533
4.192316	5.310945	3.188770
5.050913	6.839875	5.866633
4.317570	6.743995	6.969681
3.128738	3.487652	4.494836
2.859758	3.553714	6.864139
2.906543	3.538600	4.253862
3.031423	5.501132	5.053204
4.066639	4.977017	2.673750
3.813044	5.157834	8.832248
4.367244	4.236472	8.105717
4.553650	4.169887	5.849632
3.467109	5.468468	3.954531
4.849255	4.540683	7.038961
3.852925	4.984248	2.937132
5.059977	4.532184	5.746509
4.327341	6.609447	4.544331
3.919345	5.065673	8.960181
4.383580	6.622892	5.044478
2.902369	3.457655	6.496997
4.989782	5.019277	7.637665
2.678368	3.798038	4.230059
4.122364	4.109544	3.557723
2.834619	3.332282	5.566160
4.625590	7.181016	6.103979
3.074396	3.669611	7.388663
3.381350	3.316005	5.966982
5.061667	5.481650	4.107660
3.609478	6.177862	7.310563
3.608523	3.472170	5.024513
4.537417	4.384203	7.412024
3.810405	3.971484	8.644287
3.577783	5.042971	3.251309
4.253495	6.135430	3.410214
5.078204	5.707415	7.624275
3.914883	3.955277	3.772566
3.433778	3.452284	7.173396
5.065362	6.026989	6.154706
4.205047	5.195737	2.911130
2.542986	4.284679	4.882159
5.276881	5.444568	7.211068
3.985077	6.306360	5.067118
4.455083	5.417000	3.677284
3.610703	4.401129	8.677795
4.160975	5.506654	9.081016
4.562013	5.424126	3.371195
3.763832	4.892959	2.990741
3.242563	5.165001	6.559429
3.810844	5.088178	3.298735
2.990997	3.751010	7.548679
4.232887	4.028633	8.557295
3.931125	3.670310	4.264308
5.146380	6.546884	7.375941
4.999753	5.814490	4.388669
4.260520	5.238992	3.054722
3.523804	4.101699	3.734766
3.982326	4.616026	3.223683
5.338383	6.168729	4.629682
4.315231	5.219520	8.940757
2.929662	4.061931	3.908436
4.301502	5.126080	8.709076
3.496842	6.130655	5.923788
4.755545	5.646580	3.985107
5.212987	5.955112	5.370522
4.016852	4.976641	3.159685
4.117577	5.213411	3.344179
4.645955	6.045708	8.300854
3.391045	4.984130	8.758003
5.483012	5.626126	5.679574
4.930347	5.458767	3.748627
3.447765	5.657891	5.836605
4.239721	3.678906	5.964669
4.939472	6.450003	6.246744
3.398131	5.906598	6.087010
3.727558	5.534996	3.400845
3.205959	3.238159	7.250336
4.231887	4.806371	9.039443
3.564481	4.458006	8.642484
4.008568	4.645701	3.295132
2.855642	3.983199	5.556103
3.916198	4.760835	3.020690
3.513029	4.142705	3.498615
3.787005	3.435135	6.581213
2.719507	3.934672	5.297309
2.810810	4.056587	7.349365
2.809542	3.471090	5.995087
3.532370	5.861890	4.328523
4.263758	3.864187	6.749731
4.536514	4.457932	8.508739
3.637653	3.690950	8.211284
4.841541	4.966697	4.576571
3.571174	5.982569	7.972067
4.189709	4.774850	9.189399
3.142478	4.723647	4.599518
3.647368	3.294586	5.407805
3.594877	6.515964	5.699781
3.611976	5.789897	8.018191
3.946955	3.604608	7.635757
4.114826	5.653100	8.884742
3.556698	4.835187	3.160332
3.452800	3.194260	7.505585
5.210841	5.274348	3.940114
