3.980957	5.370095	8.892774
3.944701	4.984180	9.164885
3.520827	4.400497	3.263065
3.860838	4.174178	3.332868
3.767341	5.111446	9.015671
2.878722	4.018345	7.307346
5.268211	5.647280	6.851576
5.472605	6.199352	6.884864
4.470276	4.806677	3.277934
2.938209	5.469395	7.067864
3.666922	4.944836	9.004227
4.060765	5.206799	3.034990
3.498761	3.168094	5.002542
4.174745	4.865083	8.935509
3.219600	4.900770	3.590517
4.216945	6.665422	4.636739
4.056647	4.944229	9.108839
4.181116	4.917923	3.230499
4.088312	4.291574	8.714439
5.214753	5.010745	6.796481
2.882050	3.217103	5.999946
4.169044	5.078161	2.999481
3.863589	6.066740	7.541614
4.326853	4.972765	2.902512
4.690594	6.034766	3.681586
4.093759	3.611241	6.598766
4.699320	5.390810	8.463610
4.026728	5.190633	3.004998
4.153246	6.095166	8.371026
3.570546	4.536882	2.991113
3.386932	5.105795	3.159520
4.222043	6.784170	5.112389
3.525780	5.149331	3.532670
3.971692	4.110366	8.225190
4.865475	6.716059	5.023573
5.210809	5.357121	5.235202
4.031680	4.744712	3.196255
3.658329	4.471981	8.773122
3.621621	3.436991	4.265180
4.102840	4.135635	8.219850
5.181813	6.301557	5.020059
3.277580	5.552591	7.509703
3.700354	5.231246	9.099506
2.800027	4.666261	5.485771
4.290953	5.055412	8.766392
3.831439	6.016909	8.461534
3.463725	4.846689	8.845234
3.866858	4.772585	2.993836
4.159396	5.160982	3.008896
4.151689	5.497289	3.194410
4.028075	3.725406	4.794592
2.682733	4.251492	5.456459
3.929480	5.101304	8.998865
3.067244	3.569030	7.770674
3.845346	4.776795	9.115706
4.060261	3.519689	6.813533
3.579027	3.353074	5.494488
3.304217	5.312293	8.186826
4.472049	5.728379	8.601062
3.925116	4.945610	8.953167
3.854350	5.072550	8.903794
3.909255	5.020365	3.079103
3.499027	4.670140	8.901548
3.288797	5.380931	3.354431
3.999888	5.191820	2.975017
4.439470	4.366653	3.765738
3.122364	5.588558	5.662669
3.023799	4.389881	3.896457
3.312459	3.416158	6.659183
2.921265	4.150726	6.718463
5.127484	5.443869	5.756215
4.276254	4.584111	3.473815
3.647299	5.361127	8.613243
4.131099	5.145672	2.951016
3.765212	5.317402	3.102133
4.134889	4.794204	3.096785
4.001777	3.565993	7.279737
4.539308	6.452846	6.875600
4.061631	4.720375	8.910340
2.602246	4.568301	6.031749
3.754421	4.348528	3.351701
2.778464	3.756726	4.404773
4.085431	4.674748	8.716162
4.188463	5.168016	9.186687
4.061902	5.010717	2.832112
2.962915	4.111180	4.320584
3.078829	5.435931	6.013231
4.012121	5.152572	3.037838
3.553108	5.403465	8.541175
4.043329	5.839087	3.840212
3.116703	3.813631	3.993701
4.786266	4.512171	5.682098
4.006350	3.683658	3.864215
5.364752	6.208115	5.709809
5.252790	6.352129	6.865185
5.176607	4.904790	5.877551
3.906160	6.097699	4.117931
3.196389	4.763784	8.345264
4.535382	4.492301	7.821981
4.613624	5.666107	8.322536
4.494162	4.085420	5.460887
4.381534	5.796359	3.403903
5.148917	6.157131	4.672404
3.443934	3.807911	3.866699
3.742659	3.864989	8.177594
5.032975	5.193053	4.398066
3.850339	4.835715	8.825083
4.419787	5.795654	8.668113
3.398764	3.703400	8.388835
4.273803	5.969630	8.510252
3.101894	3.398843	7.263468
3.888298	3.396315	4.824532
3.930538	5.294478	8.793771
2.540170	3.659514	5.485864
2.722399	4.226277	7.280075
4.636973	6.743761	5.176204
3.517883	3.999255	8.779958
4.510043	4.684955	3.824496
3.447652	4.297865	3.441893
3.639572	4.262382	3.236371
4.424526	5.199031	3.130572
4.770986	4.281490	6.781532
4.973548	5.937157	8.022997
3.715623	4.725460	9.091519
3.253265	3.790927	4.317484
3.112259	4.850895	7.796938
4.685149	4.544204	4.569252
4.025936	3.856980	4.053001
4.573269	6.420330	4.617817
3.971814	6.509630	7.242398
4.383897	4.128326	5.041609
3.866527	5.548749	2.912212
4.068350	5.536172	3.220508
4.300477	5.307956	3.150709
5.064813	5.480974	8.053160
5.171606	5.741178	7.810916
3.109414	3.946514	8.378745
4.326356	5.809627	8.747403
5.439549	6.305376	6.278192
3.546763	4.769322	3.293840
4.903561	4.531200	5.185016
3.965988	5.011604	3.013906
3.303408	3.345817	4.714136
2.836768	3.987561	4.896784
5.085736	5.931044	6.435809
4.592229	4.869064	8.528437
3.639312	4.727839	3.141046
4.313294	5.835674	3.264879
5.113900	5.165702	6.820277
5.118371	5.108905	5.612951
3.000465	4.496858	7.719761
5.272266	5.444395	5.173925
3.896217	4.325836	8.770631
2.886790	3.442331	5.563018
3.521689	5.784787	4.678531
3.908145	5.189026	3.042134
3.180429	3.266828	5.345647
5.251956	6.154991	7.610992
3.975256	5.464910	8.909074
4.017113	5.471929	8.893050
4.036370	4.686071	2.970481
3.935820	5.989876	4.607600
4.003242	6.221464	6.898033
3.958284	5.079319	3.078588
4.949979	5.944017	8.084279
3.761515	6.212950	4.910553
4.464200	4.228786	7.813220
4.229172	5.528286	8.825643
3.588234	6.372458	6.297463
5.024624	4.511258	6.984426
3.431106	3.301955	7.190058
2.784816	4.810095	4.869249
4.742352	5.870643	4.072756
4.187433	4.917408	2.981623
4.703500	4.830059	8.478248
4.613036	6.438515	3.944856
4.139337	4.446575	8.803027
3.600949	4.976378	3.479027
3.855607	6.115212	7.903947
4.197413	4.783346	3.320820
3.403855	5.608341	3.992410
4.316585	4.020730	4.514212
2.898464	5.180739	6.694520
2.908885	4.808817	6.705072
4.334882	4.760148	3.271701
3.264517	4.692443	8.668124
4.484937	6.101533	8.262345
3.619035	3.984070	3.559960
3.991650	4.987051	3.089614
3.796410	5.208881	8.844222
4.313904	4.194919	8.418661
3.738823	5.737624	8.323972
2.746637	4.056368	4.643374
4.766321	4.612448	7.601983
4.572555	6.834719	6.426375
3.533821	5.142387	3.198036
4.867225	5.808117	3.975687
5.118251	5.597312	4.591694
3.901866	5.669743	8.713775
4.676194	4.945565	8.445219
3.850124	4.998249	3.111129
3.836394	5.617367	3.349389
4.382241	5.504210	3.070188
4.950451	6.645237	6.749689
3.230283	4.753237	8.600075
3.990163	5.081427	2.967777
2.790062	3.868467	4.872581
3.247328	4.185991	8.527956
4.767079	6.739972	5.727460
2.727679	3.867613	6.711900
3.947348	5.318500	3.013218
5.158291	5.351275	8.050218
3.067112	4.935062	5.610698
4.280174	4.940482	2.915076
3.050933	5.529881	7.874021
4.129014	6.034064	4.182966
3.068729	4.445132	8.154171
3.637526	4.978243	9.020914
4.246917	5.914298	3.328831
4.587838	5.567698	8.705014
4.004511	4.971123	2.891201
4.400559	4.411569	3.422406
4.200353	4.404708	3.175374
4.225977	6.774396	6.209602
2.987337	4.840684	4.340902
4.808367	6.369345	4.085625
4.127520	4.277680	3.555107
5.157374	6.494288	7.432062
2.623898	3.692421	5.412260
3.885615	4.877894	8.931819
2.802920	4.439161	4.963304
3.881284	4.940372	8.881984
5.247917	5.927717	4.601031
4.725209	5.865895	3.710229
4.711165	4.186047	7.159807
3.831401	4.065351	8.574817
2.982373	3.695618	7.094388
4.309715	5.039862	3.319451
4.019707	4.996397	3.022639
3.091283	4.539232	4.482534
3.340186	5.611249	6.188602
2.783325	4.790753	6.115986
3.936017	4.792735	3.220021
4.188490	5.566888	3.205424
3.970513	5.073287	9.008823
5.244836	5.839122	6.932605
4.249674	4.967808	2.951642
3.444305	6.009481	4.964578
4.724893	4.524232	4.869651
3.830324	4.223693	3.683703
3.413651	6.032551	5.750712
3.023222	5.418398	5.115797
4.365609	6.177307	3.543485
2.891731	4.627095	7.119447
3.399194	4.453568	8.440600
4.007850	5.042041	8.989828
3.072864	4.682650	3.989209
4.326418	5.485025	3.136653
3.749992	5.645046	3.210919
4.426566	4.095084	6.740024
4.858634	5.310617	3.545325
3.055268	3.308494	5.504815
3.678067	3.246750	6.780460
4.046633	5.234136	9.048732
3.627897	5.449939	7.969856
4.483270	4.484499	8.066547
5.210429	6.722334	5.046967
4.648459	5.069240	3.634558
4.953811	5.349440	4.042845
3.920720	3.385880	6.151535
4.277246	3.593049	6.090639
3.921128	4.912659	3.060373
2.995957	3.664377	7.703072
4.814609	6.270171	4.191353
3.729534	3.456233	7.138598
4.672606	4.604686	4.162275
4.455214	6.376156	4.092672
3.938014	4.738740	8.933728
3.818253	3.855986	4.326261
3.969273	4.069052	3.485306
4.492766	3.826694	6.129024
4.289289	4.622835	3.431654
3.378567	4.839723	3.308427
3.625298	4.508190	8.942331
4.095885	4.503846	8.635729
4.972153	6.572757	7.423673
3.977401	6.294094	7.940279
3.938728	5.043287	3.081070
4.529039	4.293791	4.559015
5.236780	4.725596	6.259528
3.921700	5.976649	3.433508
3.887065	5.150741	3.135612
3.216855	5.407666	3.927518
4.663872	6.637369	5.206713
4.961849	5.473512	3.678810
4.252547	4.834047	8.797551
4.680713	5.046430	3.204125
3.957221	5.166205	2.799610
4.797773	6.534514	6.888698
3.981961	5.078523	8.989928
4.646787	5.322022	3.616215
4.015750	4.981557	9.049106
5.009056	6.706378	5.653456
3.967381	3.609764	5.559378
3.765372	4.792154	3.114858
4.976416	6.273929	7.853627
4.359240	3.995992	7.128468
3.812882	5.065687	3.187549
3.316399	4.691560	8.808568
3.334632	5.379386	3.629973
3.804344	4.773033	9.086060
3.221558	4.732391	3.622890
4.015964	3.702662	8.163267
3.144220	3.587822	7.628587
3.775124	4.744175	8.830447
2.769730	4.447315	6.742417
3.132676	5.283681	6.781850
5.273210	6.280571	5.198017
2.946817	3.750381	4.398240
2.764467	4.146872	7.895890
4.971168	6.177478	4.588362
4.210766	3.894044	5.010378
4.993316	6.361113	4.683137
3.984885	5.010655	3.105019
3.578061	3.575291	7.854267
4.197318	4.706599	8.909816
4.345787	5.959809	3.759517
4.360596	5.733361	3.204443
5.143499	6.523127	6.347186
3.362037	5.077016	8.659279
4.325030	6.596140	5.777935
4.040367	6.377438	4.592270
5.366929	5.854347	5.053953
4.132535	5.575795	3.175355
3.526100	4.664538	8.859230
2.812314	4.760308	5.480000
3.113880	3.424454	4.887412
3.429304	4.136573	8.392180
5.127793	5.586371	7.378239
3.632099	5.579986	3.734330
4.405965	6.210813	3.713030
3.661473	5.840987	4.456684
3.181279	5.072485	4.855279
3.978450	4.917131	3.022211
4.674374	5.341779	8.638479
3.885422	3.494660	6.104746
4.688229	4.234814	6.183366
5.108699	5.220999	6.275496
3.479911	3.212154	6.179280
4.094117	5.265759	8.995112
4.672203	6.277951	7.882623
2.979297	3.792105	7.152768
3.867162	4.707656	3.134485
3.532074	5.692845	6.910797
4.623176	6.782752	5.733835
4.305954	5.380478	2.845543
3.363783	3.535775	4.245173
3.655225	5.839674	7.783230
4.234793	3.660097	7.279180
4.504524	4.708442	7.914292
4.144878	5.118610	8.895407
3.922951	4.791443	2.913412
3.411017	3.653758	3.764719
3.236192	5.373004	7.803191
4.202136	4.931627	2.927298
3.199779	5.614420	5.840034
4.815518	4.921215	4.560154
4.328719	4.140660	4.497137
4.083762	5.101801	9.143203
3.300252	4.883929	3.776102
4.509558	6.819450	6.746727
5.234207	6.553514	6.830976
3.168976	5.149140	7.122298
5.229450	5.914400	5.566645
3.595554	3.958345	8.606149
5.082203	6.348561	6.298095
4.417710	4.993826	3.321519
4.232866	5.919102	3.343158
3.223685	4.258951	3.622677
4.389675	4.918641	8.666346
3.927639	6.044138	8.335964
3.668059	4.560925	8.724629
3.411362	3.762808	8.273310
3.831957	6.480546	5.129177
4.311513	5.138443	8.870384
3.739467	5.392819	3.410063
3.672370	4.129811	3.366303
3.370486	4.555421	3.687817
4.227458	6.373261	4.089260
3.276768	3.825282	3.589822
5.151509	6.156611	7.609274
5.208398	6.208219	5.598269
3.994729	6.730846	5.604870
3.039222	3.491562	7.260746
4.717887	5.482660	8.223028
4.025043	4.914683	8.765655
3.985812	4.059696	8.735492
4.335028	5.297362	3.194158
4.691721	5.877962	3.727662
3.155882	4.327406	3.498555
3.055689	4.772899	7.323613
4.285801	6.464722	8.050013
4.150793	5.223129	8.977516
2.919970	3.969688	6.193890
4.345362	6.628453	4.389850
3.283136	3.608814	7.755002
4.712317	4.951515	3.559061
3.748084	5.670896	8.627062
4.534891	5.434325	8.658366
3.980240	6.315130	7.016936
4.097821	5.289309	8.984858
4.453407	4.502500	8.716987
4.072885	4.341423	3.249351
4.197198	4.730925	3.585780
4.008776	4.083121	8.448136
3.354680	4.990745	8.580960
4.078622	3.778593	7.735951
4.443229	5.220150	8.892956
4.799735	4.824839	4.119579
5.104600	5.671629	7.529848
4.265528	4.402681	8.904725
3.158855	4.493501	8.420487
4.297061	6.585903	7.587683
4.119294	5.725100	8.780708
3.926184	6.349997	5.728748
3.678671	3.537940	7.804654
4.181496	4.345991	8.503470
5.199919	6.598669	5.850723
4.777460	4.357661	6.332183
4.091390	4.106061	3.938230
3.823915	4.017018	3.585166
3.145247	3.515728	4.300214
4.091711	3.867077	7.800751
3.131477	4.013723	8.191366
4.023464	6.378079	6.422426
4.182335	5.273447	8.824032
4.895090	6.785384	6.349373
4.024667	4.765171	8.907549
2.981069	5.144013	6.216784
4.376765	5.932281	8.462308
4.780906	6.037686	8.401583
3.983383	4.899142	2.941416
3.402015	3.228195	6.706444
3.937241	4.626879	3.193233
3.038993	4.195245	8.142032
4.684720	5.658004	3.256564
2.976482	3.462294	4.766340
3.213094	5.125693	4.270151
4.557189	5.055354	8.663703
3.911635	4.414087	8.795051
3.270383	5.117323	8.285645
3.518077	6.150866	6.340029
4.831652	5.860309	8.434639
3.791550	5.363703	8.595889
4.588732	5.406819	8.800746
5.100308	5.093389	7.416843
4.412755	6.375347	8.061120
5.061838	4.754534	5.202696
4.468418	4.584414	3.835793
5.033650	5.318397	4.238890
4.613372	6.564857	7.648699
2.917211	4.328109	7.835931
3.510157	3.273240	5.403465
3.276524	3.736910	3.906456
4.606281	6.007954	8.478367
4.841317	5.608344	3.531258
3.526332	4.580279	3.349772
4.689246	6.400643	8.114044
3.978671	4.830188	2.978641
4.257036	4.919180	8.789913
3.858270	4.793051	8.944432
5.201883	5.496196	6.395238
3.470344	5.932597	7.338683
2.903965	4.026967	3.845352
3.991134	4.929376	3.085699
3.805134	4.425160	8.632515
4.308575	5.542049	8.700442
4.096381	5.777889	8.737883
2.937761	4.106728	3.814891
4.589550	4.062513	5.517810
4.002501	4.749242	8.875883
4.878784	6.481461	4.335758
3.939952	5.055284	9.179490
3.808195	3.547583	4.360831
3.031039	5.068126	3.781578
4.914249	4.754958	7.683781
4.819314	5.633070	3.328627
3.811771	5.125644	2.980963
3.260489	5.523394	4.390795
4.063458	4.963905	2.880669
4.014402	3.480223	5.422084
4.261410	5.479925	8.766080
4.030108	5.039171	3.059559
5.030072	5.632736	4.173878
3.774406	5.422011	3.047205
2.799706	3.442838	6.247258
4.532725	6.766934	6.456750
3.623784	4.735617	2.955726
3.047644	3.425770	6.691101
2.877726	3.482245	6.034236
