2.915664	4.289514	4.477246
4.997971	5.437316	8.113588
2.711887	4.828222	5.917138
4.166446	5.281782	9.106912
3.735076	3.682559	3.814562
5.291354	6.018725	7.542053
4.526464	4.026898	5.414551
4.130690	4.234919	3.495273
3.625710	3.319926	7.197619
4.523730	5.319586	8.593508
3.644616	4.297891	3.197437
3.569720	4.343946	8.711034
3.391127	5.751054	5.793576
3.896316	5.597242	8.906140
5.185899	6.349581	4.689687
3.892852	5.818553	8.890167
4.348474	5.384133	8.808430
3.102988	5.021916	3.838797
4.466950	3.837392	6.761544
3.142475	3.324456	6.131525
4.067294	4.706145	8.898645
3.813728	3.877509	8.278803
3.895367	5.120492	3.092059
4.109594	4.865122	8.894027
4.990254	4.919655	6.264328
4.604467	6.813327	4.749606
3.852348	4.652947	8.869534
3.502337	4.988552	3.240460
3.523203	3.930069	3.380762
3.896207	4.915182	2.967287
3.261507	3.818400	8.073131
3.321706	3.687696	7.775730
3.012430	5.086656	7.770318
4.820255	5.397256	8.270501
4.896279	4.574035	6.437369
3.877595	5.710625	3.264791
3.733962	5.201523	3.026400
4.160356	5.005955	2.950985
3.190392	3.627791	4.444235
2.680305	3.780423	5.471748
5.144181	5.659279	7.476376
2.943350	3.489758	7.304205
4.174518	5.949962	3.499463
4.422879	4.815050	8.264544
3.955168	5.048149	2.923253
3.470619	3.969901	8.454278
4.336100	5.718660	8.819443
2.917367	5.036212	7.383344
3.173628	5.390484	6.867665
3.343780	3.519147	4.349979
3.323432	5.765610	5.177377
3.507278	3.398785	4.788759
3.685026	4.013383	8.648392
4.725492	6.823072	5.521503
3.882502	5.829046	8.598997
4.886330	6.864454	6.335776
2.700008	3.888505	6.886201
5.174357	5.671479	5.107554
4.458875	4.623733	3.681800
4.883516	6.376456	6.908686
3.953371	5.066963	2.983487
3.518801	3.953535	3.667608
3.591221	4.756673	3.259559
3.687964	6.302989	4.505278
4.885239	5.362746	7.290792
3.431406	5.622660	7.614277
3.448314	4.144569	8.546143
4.548236	5.298788	3.509931
3.920620	5.047512	2.905295
3.513046	4.432853	3.304927
4.900489	6.732204	7.328434
4.388580	3.796660	7.334376
3.417585	3.747324	3.961380
4.091503	3.736717	5.051752
4.602449	4.422325	3.872028
3.693310	5.515146	8.840310
4.039365	5.040953	2.927445
4.303588	5.297514	3.192645
3.135781	3.308869	5.998456
4.739301	5.395831	3.210097
3.705596	4.778112	3.158260
3.960465	5.296962	3.239022
3.919966	6.074945	7.946395
4.643287	4.192551	5.334297
4.039105	4.905091	8.895157
4.544749	6.707004	5.297847
3.916244	4.926124	8.923281
2.640844	3.989409	7.277785
3.473099	4.715297	8.601699
5.135394	4.786063	5.353135
4.725090	6.655932	7.077682
3.078549	4.376350	3.864339
4.124627	4.655669	3.102540
4.986096	6.223957	4.599864
4.738019	4.432178	6.628900
3.871358	4.384851	3.192561
5.323886	6.022699	6.286302
4.012169	4.629734	8.899050
4.092197	4.327233	8.722809
4.074671	4.718913	8.978725
4.725668	4.499195	5.173124
4.529233	6.495442	4.513513
4.385560	4.791968	8.686745
4.192460	4.078487	8.071534
2.951281	4.667880	8.252507
3.894188	6.408364	7.371805
3.135291	4.337614	8.155608
4.091716	6.626360	5.952589
2.797978	4.858392	7.233729
5.084047	6.553360	5.143086
4.614560	5.117199	8.676724
4.569335	5.604934	3.273499
3.715480	5.049284	2.930577
4.544875	5.951280	3.326616
5.000186	6.280845	8.030651
4.032153	5.877378	3.317883
3.747353	4.977066	8.987563
3.967843	3.765750	7.786379
3.434754	4.435019	3.267087
4.392486	5.765576	8.633045
3.366689	5.190973	8.156490
3.571040	4.522345	8.807384
2.963769	4.786982	4.417872
4.182246	4.670216	8.910361
3.598005	3.334036	6.124767
2.913372	3.595643	5.512885
4.437412	6.114413	8.484846
4.806538	4.325264	6.023427
2.940115	5.091800	6.828080
3.479604	5.300920	8.588908
3.970911	5.149973	2.909857
2.858401	4.566226	5.464285
3.098161	3.174019	6.689449
2.897868	5.066891	4.992545
3.679371	5.994814	7.475128
4.038821	4.795344	2.981560
3.508692	3.307628	6.682160
3.626089	5.991663	7.363240
3.786147	4.303088	8.490188
3.204891	3.701686	4.005913
4.567733	4.754385	8.244096
3.046505	4.980571	6.152258
5.096113	5.632845	4.581706
3.261483	5.146677	3.512889
3.798765	4.365453	8.898872
4.722966	6.186839	3.609354
5.286108	6.447940	6.201023
4.258972	5.007199	3.098785
4.598407	5.287176	3.608994
4.210352	4.602704	8.704110
4.759438	5.042009	8.411089
4.563492	6.339359	4.140801
4.196390	5.192457	9.006450
5.088975	5.655987	5.261761
3.827011	5.014963	3.084827
4.404859	6.601004	6.471470
4.796251	4.488810	4.225881
5.186392	5.777637	4.668725
4.082707	5.183449	3.037416
4.297721	4.612488	2.976428
4.044757	5.051530	2.959371
4.312886	4.088556	7.200509
3.936693	5.278204	3.171366
3.387137	3.158363	6.243865
3.338416	3.531679	4.367621
3.942996	4.915900	8.971612
3.912787	5.151385	9.089828
4.203867	6.496152	7.420946
4.517499	4.408216	7.760323
3.502678	4.958730	8.322212
5.161577	6.049059	6.288127
4.488270	6.733811	6.773775
3.394623	3.880640	8.093411
3.106606	3.995020	3.839187
5.115510	5.743486	7.991263
2.947653	3.513762	4.930785
3.140541	5.336078	5.994570
5.448945	6.431674	5.736781
2.708952	4.042257	5.388530
4.931987	5.469016	4.211824
3.145317	3.678305	7.750304
4.087593	5.012965	3.046198
4.282417	5.369442	8.902664
3.430165	3.271781	7.318503
4.425236	4.546504	8.662764
3.384372	3.493720	7.807037
3.727829	4.957069	3.139281
2.920866	3.593582	7.292262
3.923633	5.388068	9.158842
3.228426	5.472992	4.736258
3.750029	4.556927	3.049310
4.119797	4.941875	2.974998
5.120612	6.323004	7.380054
3.061637	3.798122	4.337374
4.627664	4.824559	3.840598
3.364556	4.962907	3.650062
4.092945	5.014220	2.926334
3.941317	4.139987	3.561973
3.183742	5.630177	6.089562
4.330350	5.097260	8.812530
5.156272	6.438215	7.620189
3.868770	4.503007	8.818302
5.088626	6.537789	5.458640
4.093941	3.806587	4.271065
4.228274	5.941501	8.340421
4.169586	6.224298	3.791541
3.974059	4.947891	9.078368
2.809411	4.169386	4.984674
5.155092	5.604974	5.592937
4.987927	5.169769	4.629000
3.792519	5.142496	3.248239
4.235114	5.175701	3.228544
3.349811	4.480807	3.543909
4.080095	5.065779	3.078843
4.832803	4.444428	4.895804
5.225748	6.480982	6.939898
4.957396	4.903618	7.370986
4.509529	6.163017	3.623359
4.155030	4.954028	2.848914
3.725684	4.812921	2.913173
3.866838	4.949168	8.884846
4.290871	5.030269	2.947097
4.535362	5.652592	8.665953
4.436377	4.713023	3.197193
4.011358	3.930265	8.370278
4.619758	6.411015	8.049178
3.106509	5.213254	4.341241
3.809189	3.555104	4.483873
3.954872	5.377633	8.925744
3.365075	4.940279	8.684733
4.157584	3.725242	6.094941
4.302385	5.342893	8.889476
4.067001	4.575579	3.204952
4.397872	5.919309	3.302209
3.668358	5.880252	8.406467
3.403272	5.988427	6.959886
3.548478	5.218463	3.791343
4.030552	4.835284	8.947921
4.180173	5.543850	3.000059
4.284388	5.500731	3.028666
3.854178	4.237364	8.841515
3.209734	3.449393	4.798557
2.729204	3.863217	4.758854
2.710970	3.731162	6.006320
4.230992	5.129680	9.035321
5.118337	5.905266	5.110712
3.947616	4.582987	3.027779
4.831597	6.111652	4.205972
4.007577	5.075665	2.970476
4.156588	4.435495	8.609950
4.074230	4.737393	8.860847
3.635937	5.208161	3.187741
4.216478	5.099689	2.991865
4.034866	4.722363	9.012111
3.135231	3.757944	4.473916
4.359914	6.053869	8.341945
3.524775	4.613490	8.807139
3.445062	5.265935	3.264674
3.883835	4.331179	3.329201
2.935214	3.861407	7.854140
4.988556	6.013003	7.907723
4.576455	4.785328	3.314817
4.105837	4.776251	8.904296
3.757965	6.316865	5.620043
3.894513	4.688680	2.981716
3.400017	5.407520	8.228635
4.082079	5.002521	8.801716
4.136421	5.622498	8.863427
4.329235	6.305577	7.943042
4.355892	4.403273	3.431190
4.584902	5.992108	3.704958
4.756914	6.507708	3.955787
3.023003	5.077927	8.386374
4.037862	5.093205	8.934236
3.859358	4.776930	8.933128
2.631972	3.559912	6.024041
2.760258	4.457006	5.991849
4.280188	6.418341	4.122416
3.731447	5.823655	3.358623
3.153264	3.926330	8.279088
3.578500	3.626310	3.827467
4.532969	6.042581	8.483902
4.443560	4.883677	8.904350
4.230366	6.528190	4.685357
4.723358	5.134439	4.089050
5.204811	5.905968	7.266167
3.121028	4.421304	7.773001
4.038326	4.876848	2.926607
3.600753	4.528192	8.890667
3.544593	6.062385	5.107716
3.244885	5.665350	6.827869
4.173337	4.938954	3.065327
5.252667	5.093559	7.098198
2.818146	4.543660	6.865960
4.732919	6.256189	8.019441
2.982261	5.142626	5.383693
3.860259	6.048097	4.193700
3.818297	4.906715	3.025591
3.481166	5.873969	5.897273
4.401172	4.406861	8.077061
4.888575	5.026593	4.021442
4.393673	5.653018	3.320079
4.052106	6.146863	4.240330
3.730932	5.929060	4.111582
4.436168	5.878260	8.732067
3.902523	5.852721	8.356558
3.757898	4.548258	3.163577
4.028589	6.440616	6.894048
2.979456	4.299559	8.130807
3.327101	4.401799	3.605940
3.256898	4.369214	8.492432
3.919628	5.374226	3.228497
3.591405	4.880407	8.896389
4.001624	3.532444	4.973855
4.857427	5.221330	3.731792
3.694654	5.594790	8.374569
4.352265	3.988092	5.062715
3.657088	5.446147	3.277516
3.658133	4.586149	8.834112
3.823169	4.737610	8.699476
3.794455	3.502919	7.796489
4.272276	4.260015	8.001563
2.701330	4.304416	4.804860
2.985082	4.476823	4.327681
2.841130	3.916334	7.752774
3.823259	5.102298	8.930369
4.929050	5.806436	3.562035
3.931546	6.325432	6.965462
4.122079	5.655298	3.226179
4.048048	4.894777	3.170008
3.948556	5.159957	2.964183
4.902838	5.737556	8.544424
4.488072	6.601169	7.612447
4.026533	3.668954	6.814551
4.923407	4.829703	7.021549
4.818985	6.744928	6.340666
3.642904	3.382190	4.955427
3.829018	6.349470	4.471221
4.925984	6.134398	4.376459
3.676543	4.344025	3.122117
4.759506	5.847942	8.154357
4.064410	3.519154	7.301908
4.504287	5.667739	8.508843
4.087400	4.193395	3.973011
4.658811	4.918379	7.852680
4.505660	5.674510	8.637019
4.015216	5.019531	3.008203
5.314359	6.109549	5.830070
3.274485	5.462505	7.659092
5.029270	6.457139	6.964437
2.737004	3.898472	6.075819
5.399089	5.314595	6.400808
3.694349	3.890202	8.188525
3.082164	3.590309	4.572776
3.638582	5.408327	3.782751
3.303536	4.615817	8.510645
3.917655	6.278576	7.927347
3.546579	5.777004	7.864394
3.861499	4.744470	9.103113
4.298276	5.899149	3.525001
3.892198	4.615798	3.087449
3.739659	5.419090	8.889537
3.218833	4.120917	3.976797
4.776995	4.505525	7.041642
4.794977	6.288924	8.006197
3.836216	4.857412	9.003138
4.403238	4.970968	3.313495
3.152004	4.112567	3.390601
3.335855	4.610202	3.179665
2.932936	3.316869	7.429952
5.178280	5.921114	5.857732
3.140702	5.369535	7.461989
2.917085	4.831786	7.993363
3.038730	3.709504	4.010318
4.037779	4.036429	8.625997
3.026379	3.314273	6.704433
3.866245	4.795563	9.040204
2.835234	3.734160	6.611371
3.992791	3.388253	6.141184
4.141175	5.057829	2.975098
4.165400	4.693744	3.098162
3.614191	5.266987	8.705970
5.092075	5.368087	5.076761
3.917172	5.577950	8.532367
2.658471	4.311493	6.650764
3.810145	4.071132	3.426010
5.189883	6.392642	5.146843
4.005659	4.964201	9.025945
3.738120	5.066456	8.964839
4.120411	5.435470	3.281595
3.991143	5.073656	9.189069
4.191669	5.072034	2.979112
4.010891	5.111751	2.951303
3.848738	4.949837	3.170556
4.336084	5.197697	3.228706
2.984578	3.455361	5.515911
4.548407	4.571053	8.015404
2.812196	4.993683	6.536748
4.322870	5.477954	3.102108
4.981480	6.491316	4.733063
4.393985	4.799810	3.422972
3.764995	3.577548	4.339519
5.114771	5.716593	7.960355
3.647109	3.694133	7.756819
4.565330	4.306960	7.151003
3.031526	4.262750	7.575979
4.561807	6.463143	7.422384
3.588584	3.345162	6.828245
4.001420	3.979423	3.883648
4.285638	6.038186	3.729219
4.069402	5.092999	8.885245
4.419095	5.149143	2.972639
4.039234	5.585773	8.909793
4.072953	3.653461	6.773505
3.756580	4.624001	3.046483
3.454491	6.178199	6.346532
4.316963	4.948668	9.043966
4.951040	6.670335	5.225606
4.390773	4.198752	7.723157
4.376509	4.408822	4.033332
4.048868	5.078107	8.877657
4.554221	6.799987	5.616981
5.115024	4.803059	5.761184
4.018112	5.088822	9.056747
4.975941	6.770113	5.768033
4.141982	5.061287	9.102747
3.649633	6.492037	5.173691
2.770713	3.540457	5.639456
3.913085	3.485947	5.602594
4.270977	5.421432	8.851040
4.611717	5.985638	8.398880
2.758551	3.629371	4.786299
3.215197	3.301790	4.746556
5.279416	5.180765	6.289004
4.245450	5.196642	9.039586
3.826527	4.863194	3.103048
5.361275	6.276157	6.939788
5.364051	5.568557	6.870409
3.344623	3.242972	5.359714
3.035874	3.502335	6.784407
3.710381	3.891609	3.396997
3.056779	4.363629	3.455085
4.252908	6.673150	5.746448
5.104128	5.333159	5.798483
4.622937	6.709872	4.976897
4.001608	4.329484	3.298270
4.280891	6.358337	7.039038
4.716194	5.596484	8.364583
4.949675	5.498870	7.632917
5.152614	5.690761	4.270901
3.391711	4.255403	8.419266
4.653966	4.410935	4.409798
4.869595	4.885227	4.620747
4.043420	6.447177	6.175143
4.017286	6.452381	5.167000
3.951945	5.056061	9.054144
4.010644	4.968472	2.955300
2.861896	3.706102	7.296312
4.829257	5.785323	3.608503
4.684133	6.407255	4.295200
4.565736	5.469029	8.775625
3.271619	3.084091	5.645786
4.444969	4.096606	4.502447
3.856051	5.891511	3.645914
3.235384	5.594709	5.496077
4.779654	6.563941	4.647284
4.441221	4.709293	3.617724
3.828449	4.750843	2.966572
2.689939	3.502595	6.051493
3.601226	3.259629	7.304971
2.857396	4.842201	4.955562
4.131119	6.536026	5.052496
3.653378	5.352192	3.196757
3.526319	5.727690	3.864469
3.081258	5.451333	4.349287
5.102488	6.740935	6.289350
3.616609	5.462701	8.043311
3.354222	6.063298	4.765332
4.248399	5.545560	3.182259
3.676884	5.769954	8.417447
3.641132	3.144876	5.605108
3.440080	5.126274	3.627515
4.288411	5.367549	8.903585
4.214136	4.920325	2.976255
4.420533	4.851426	9.044631
3.677030	4.495404	8.919960
2.944233	4.489653	3.813430
3.236797	4.210923	3.465161
4.271290	3.683560	5.565519
2.744019	4.432655	5.512277
3.731337	4.792385	8.958388
4.689894	4.602187	4.428692
3.536115	5.492424	4.005436
2.692471	4.481649	7.221693
4.794540	4.522483	7.513329
4.083659	5.333303	9.065970
5.109167	5.953321	4.124839
4.158220	5.153300	3.050960
4.434488	6.865662	6.338150
3.865066	4.418096	3.221894
