5.101497	6.034168	4.194724
3.791765	4.826514	3.123337
4.563356	5.775621	8.721899
4.750661	4.679396	4.152720
5.168919	5.988511	6.942543
4.092767	6.160724	7.916132
5.185203	6.353962	7.152847
3.766685	4.621106	3.103676
4.218440	3.789737	4.562305
5.160649	6.112888	4.837533
4.835862	4.610978	5.793323
2.517266	3.880753	5.667096
4.161956	5.684360	3.366508
2.746784	4.134182	7.283783
4.352856	4.910761	9.192590
5.188138	5.506313	4.150434
3.625208	3.770063	3.863623
4.209195	4.743566	2.989755
3.099556	3.331213	5.555588
3.934989	3.448216	6.078697
4.129951	4.835707	3.023993
4.130026	3.730484	4.792236
4.061562	5.041742	3.160547
4.125774	6.003639	8.550346
3.437750	3.190188	6.019804
5.126803	6.044949	5.703568
4.281580	3.683183	5.570297
2.831059	4.076287	4.453779
4.445164	6.591627	6.839443
3.487873	4.822281	8.592148
4.232240	5.378737	9.066591
4.705248	4.330401	7.737464
3.719464	4.776628	3.065161
4.466984	4.223279	7.907498
3.833403	5.587227	3.383773
3.582730	6.200418	5.810717
3.134769	5.398144	5.561905
5.001297	5.072726	5.158462
2.975715	4.876239	7.226352
4.686082	6.378624	4.005981
3.761774	4.902933	3.023778
3.094218	4.487831	8.343204
4.082660	4.834695	3.007361
4.831543	5.074625	8.251304
4.037463	3.615331	4.873252
4.028380	5.001118	3.140785
4.029155	6.482284	6.418046
4.414902	5.270875	8.886529
3.951334	4.804629	8.840526
4.207323	4.046236	3.579206
3.983745	3.711530	3.924955
4.757252	4.684803	4.064742
3.362490	5.056217	3.445946
4.724345	5.548177	8.498042
4.399051	3.900878	5.435907
3.461981	4.570898	3.677686
2.734484	4.049823	4.413778
5.004179	4.872217	6.418660
3.975991	4.050831	8.238284
4.278314	5.951082	8.364120
4.674502	6.018072	3.833868
4.134296	5.270056	3.029216
4.154656	6.049489	3.503900
3.547468	3.289976	7.097857
3.546152	5.656011	8.541887
2.914505	3.566029	5.426507
2.820052	3.789903	7.170445
3.379640	3.425783	4.505071
4.726077	4.619096	7.656396
5.542593	5.883690	5.778000
4.154094	6.160113	3.979309
4.417040	4.779389	3.405822
3.360967	3.338865	6.788632
3.752506	6.192407	4.551750
4.612480	4.897550	8.544299
4.045818	4.977427	3.166171
4.405513	5.223936	8.970296
3.772173	4.973330	8.852922
3.196115	3.471703	7.274862
3.872441	4.758851	2.916517
3.337559	5.132413	3.505311
4.014167	5.231066	3.129294
4.256699	5.159241	8.998219
3.862662	4.747422	8.804385
5.235147	6.664943	5.894697
4.328922	4.190050	4.144945
4.183058	4.287911	8.226286
3.860488	5.073476	3.027983
3.805091	4.076576	3.512046
3.347622	3.414212	4.499079
4.321545	4.832462	8.977296
4.499789	5.325740	2.920690
5.132126	5.609867	5.085868
2.800010	3.832168	6.685653
3.073112	3.508127	7.234758
2.956234	3.685759	4.298855
4.309582	6.103425	3.747626
4.005851	4.988990	3.057980
4.466041	4.268485	4.300548
3.989091	4.581837	8.801110
4.047048	5.121063	2.865312
5.115782	5.543848	4.567072
3.905306	4.802508	8.833701
5.195695	6.015828	6.965003
4.014202	4.965750	2.950314
5.176671	6.057603	7.610634
3.354629	3.765080	8.221066
3.526410	4.467008	8.697860
3.317736	5.665456	4.863239
5.014163	6.816641	5.578444
3.825560	4.968761	8.964056
2.984426	4.306703	8.209773
3.349259	3.264652	4.895844
3.509124	5.778907	5.778202
4.690043	5.049839	8.362699
3.862798	4.676175	8.986154
2.828444	3.369099	6.634863
3.102432	4.287696	8.221130
3.758298	5.228894	2.913410
4.402945	5.311426	8.871362
3.330792	5.739171	6.280651
3.391276	4.977591	8.437691
5.342147	5.202296	5.613911
3.525039	5.405071	8.341549
3.806668	3.326379	6.497852
4.347556	6.864984	5.787594
3.639081	3.608486	8.273071
3.140703	3.235627	6.557281
2.615070	3.600102	6.086210
4.997909	4.577441	5.691900
2.981549	4.341017	7.668125
4.074002	3.875710	3.795617
4.775008	4.355769	5.432446
4.806682	6.672751	4.627288
4.350584	4.607120	8.489918
4.458314	6.790657	5.044416
4.020783	5.091643	3.046015
3.897460	3.559326	7.314668
3.276178	3.501962	7.730394
3.890596	5.248689	9.036600
3.405503	5.979240	5.115310
4.463437	4.095185	5.041162
3.022749	3.875879	4.747134
4.051546	4.913728	8.877187
4.116726	5.030532	9.072092
4.346853	6.809639	6.286247
2.829543	4.793311	6.726425
3.045020	5.118806	4.312480
4.000815	5.724158	8.261855
4.313556	4.227508	8.355260
3.972754	3.722444	6.678873
5.048931	5.333752	6.671613
3.413438	4.074384	3.437021
3.830210	4.289236	3.028945
4.683253	5.875855	8.267765
4.515549	6.084487	3.333274
4.373189	4.184285	3.736092
3.012743	3.467422	6.052291
2.791676	3.426951	6.096319
4.075583	5.279569	3.055273
4.614934	4.609342	8.052781
3.978433	5.463310	9.083392
4.919276	6.217445	8.150858
3.403958	4.619525	3.497197
4.211127	6.320796	3.970756
4.461776	6.640104	7.334654
4.888124	5.464020	7.926628
3.882579	5.319453	3.278847
3.531449	5.925188	4.687852
3.782817	3.542818	4.460512
4.208677	5.599967	2.981212
4.577136	6.196873	8.273153
3.802174	4.967104	8.857005
4.947066	6.837025	6.514694
3.974215	5.066176	2.811232
3.820900	4.722241	2.958294
3.820070	3.471931	7.321671
3.838876	6.067539	3.609047
3.836180	5.256253	9.009718
3.053711	3.817115	8.397423
4.735784	6.915104	6.376597
3.578447	4.627975	8.839680
2.903357	4.450587	4.723376
4.000269	5.217990	2.983217
3.918441	5.412690	3.175995
4.242128	6.595399	7.372336
4.081698	5.008009	8.952481
3.854240	4.410673	8.843888
2.963251	4.839466	4.800483
5.117263	5.953362	4.161152
4.372396	4.593609	3.389906
4.743384	6.146835	7.908444
4.270838	5.407754	3.201926
3.315248	3.410023	5.450570
3.004158	5.327767	7.112918
3.643759	4.748544	8.938870
3.680422	4.843234	8.885100
4.058651	6.423128	4.551866
3.806355	5.086430	2.888885
4.317922	5.014604	8.801221
4.022614	4.765222	9.041095
4.038192	5.688406	8.851261
3.211441	5.298472	7.586564
4.158355	6.176763	8.012696
3.434681	6.119014	6.579199
3.980917	5.126789	3.058172
3.344283	6.139289	6.936038
3.953496	4.793921	8.992040
3.280400	4.376889	3.553375
3.840618	4.879280	8.874209
3.082429	4.946457	7.254297
4.136485	4.919814	3.005871
4.752942	5.086110	3.823223
4.249372	6.700294	5.106875
4.167903	5.160403	3.062055
4.175091	5.059783	2.980186
3.535775	5.718519	4.022625
4.062687	4.057943	3.994453
2.648315	4.796939	6.180668
3.456371	4.225917	3.422100
3.524975	4.569578	8.903108
3.545918	5.130165	3.276251
4.753474	6.453592	7.442264
3.843679	4.911597	8.955742
2.744807	4.109107	4.948212
2.957357	3.760353	7.362862
4.845200	6.277438	4.000932
3.765496	4.814865	8.937684
4.327868	4.941174	2.973149
2.932076	3.665746	7.641746
3.860796	6.021523	3.879213
5.179993	5.272844	7.423166
4.671442	6.294775	7.876224
2.911099	4.066850	7.767652
5.085391	6.728234	5.216584
4.457611	4.704508	8.680044
2.816816	3.620823	5.604538
4.102572	4.977703	2.998391
4.167336	5.040972	8.946679
2.686188	4.144125	5.923000
3.169146	5.059705	6.626442
3.488092	5.198194	8.479102
2.700049	4.149548	6.784798
4.845084	6.468398	4.658128
3.533889	5.116728	3.242800
4.232641	3.829103	6.146847
3.950479	4.894297	9.047435
3.169617	4.492080	8.642319
2.957843	3.392863	4.825961
3.120593	5.350020	5.062946
4.922329	4.553994	6.842394
4.473875	5.341963	3.417242
4.638378	6.764881	5.816375
3.911076	4.798732	2.960639
4.844910	5.641928	4.191943
3.949841	4.843165	8.940251
4.378821	6.636419	4.520169
4.485699	5.708967	8.656956
3.601928	5.519996	4.044758
4.434192	5.847591	8.671672
3.976461	4.944257	8.800361
3.528191	5.272684	8.253424
3.705764	5.304551	3.352490
3.583646	3.428838	7.890986
4.061050	5.465019	9.041140
3.746584	5.062722	8.632261
3.278657	4.790045	3.405179
3.160744	3.477168	7.122366
4.105581	5.731130	8.811919
2.821423	4.507010	6.580571
4.080684	4.922945	9.067999
4.193692	5.726382	8.725259
4.321971	5.303215	2.995193
3.228932	3.823405	3.908600
4.485741	5.892694	3.342299
3.803844	4.888101	3.128626
3.657164	3.822248	8.180519
4.014614	5.402002	3.056206
4.449298	4.917134	3.103353
3.811146	4.297604	8.604353
3.869948	5.033942	8.770203
4.883547	4.878113	7.471272
3.790392	3.565444	7.698573
4.821444	5.827177	8.284154
4.128891	5.024800	2.874367
3.171844	3.849339	8.268395
4.095815	5.036345	3.011302
3.436594	4.751104	3.157453
4.623041	6.505574	4.558282
2.935869	4.677516	5.561948
4.231893	4.535744	8.763023
5.058435	6.777650	7.034223
4.443912	4.641448	3.916457
3.270160	4.824471	3.974215
4.678732	5.298724	3.253181
4.570449	5.493690	3.268979
4.228035	6.058244	8.398145
4.346720	5.237718	8.772803
4.897868	5.232620	3.979326
4.692125	5.338039	8.775953
4.132338	5.410251	8.836391
4.229365	4.369061	8.373434
3.037874	3.771521	4.403921
3.609920	3.305715	5.536161
4.890114	5.010172	7.988716
5.003164	6.421667	7.588514
4.399099	6.201986	3.694623
3.935312	4.839137	3.169329
3.993906	5.027188	3.125323
4.753817	6.771406	6.965806
4.113338	5.971339	3.384806
3.295223	4.097846	3.546082
4.265235	3.686740	6.671265
3.659936	3.379355	4.787730
3.623297	4.832268	3.205704
4.562044	6.020823	3.848735
3.837500	4.646742	8.970851
3.731098	4.110585	8.449554
4.810360	4.582158	5.193939
4.267657	5.246702	3.113540
3.561986	5.005958	3.500922
3.749117	6.355102	5.239650
3.665677	4.595275	2.982374
4.728986	5.250160	8.454593
2.818757	4.307505	5.439389
4.068069	3.978804	4.312804
3.309233	4.711479	3.948871
4.685984	4.176695	6.150797
4.685863	4.151864	6.069240
5.201554	5.800494	7.606290
4.209693	5.058549	3.026189
3.891970	4.645219	2.946462
4.394159	5.919387	3.278578
4.425070	6.510800	7.706584
4.366118	4.373482	8.370757
4.582976	5.668291	3.390726
5.253011	5.109662	4.375518
4.816353	5.574577	3.682357
3.971458	4.774833	9.220229
3.797775	4.112885	3.568014
3.975711	4.134178	8.648723
4.883155	5.800496	7.882072
3.967160	3.907771	7.221958
3.622520	5.324302	9.065758
4.740071	4.565413	3.764202
3.388914	4.984772	8.062165
4.097471	4.532792	3.182286
3.869667	5.924586	7.967655
3.628502	6.422648	6.227479
4.084575	5.517324	8.885434
3.821629	5.095530	8.931654
5.048827	5.754667	4.648549
4.002914	4.812487	3.014171
5.195726	6.660757	5.131207
4.847730	4.333443	6.440791
4.047306	4.516127	8.797029
3.074264	4.157975	8.194478
4.141166	5.019475	2.939449
4.894180	6.567273	5.085895
4.966786	5.984720	8.318675
4.609580	5.358411	3.686020
4.659185	4.372012	6.770742
4.277439	5.339474	3.149040
2.815408	3.628252	6.679735
5.011328	5.382783	7.845330
3.419573	5.528479	7.926480
3.960307	4.862970	3.207762
2.822611	4.878364	4.334847
5.135810	5.305414	6.768583
3.812237	4.312663	3.146029
3.011418	5.249131	5.416241
3.765497	5.432922	8.744676
3.111605	3.966412	3.990673
3.356250	5.502042	4.440326
4.774671	4.973818	7.838812
4.010620	5.104863	9.154308
4.993767	6.314050	7.207858
3.891405	5.588121	8.749353
4.853715	5.702032	3.696370
4.973424	4.766753	5.269831
5.183101	5.994443	4.555961
5.276657	5.919462	6.385608
3.716826	3.264915	6.026372
3.496317	3.325936	6.292011
4.712182	4.352155	7.134722
4.069701	5.011360	9.217397
3.797729	5.074944	3.121694
2.954723	4.514383	4.176358
4.825407	5.751232	3.732305
4.584240	4.883255	8.558460
4.627519	4.855354	3.567300
5.149596	6.740484	6.369523
3.943382	4.943745	2.875344
3.780552	6.269229	5.705091
3.487104	5.972990	7.483975
4.149767	4.953516	2.976615
5.223521	5.511729	6.137053
3.843940	5.977874	4.044861
3.437712	4.284004	8.696707
4.828076	6.261708	4.134775
4.872269	4.854918	4.650750
3.894366	4.156210	8.535631
4.128066	4.986623	3.082131
4.517253	6.730781	6.370920
5.173200	4.804317	6.811566
3.122252	5.468833	6.039460
3.770362	5.579083	8.054724
3.380190	5.586539	7.486542
5.141713	5.568511	5.858742
4.556092	6.408689	4.658151
4.027409	4.864659	3.039361
4.092777	5.269693	9.027675
3.141603	3.532513	4.305646
3.649211	4.485534	8.886847
3.307660	5.035180	3.804296
3.047660	4.839168	7.659547
2.724905	5.188622	6.187159
3.955825	6.289235	7.480390
4.856489	4.550729	4.651972
3.872508	4.694276	3.167703
3.029731	3.480833	4.807463
5.288503	6.231125	6.376046
3.513059	5.089505	8.963646
5.112905	6.469855	6.082310
3.603939	4.460777	3.245092
4.671446	5.142367	8.642688
3.460584	4.970195	3.251589
3.002805	3.655963	7.795118
5.423205	6.363941	5.218498
4.266996	6.463012	4.207368
4.535002	6.074166	8.366313
5.381484	5.987252	5.073530
3.360787	4.930766	7.941440
4.605509	5.075994	3.378398
4.086565	4.964755	9.092533
4.430673	4.974280	3.331498
3.659006	3.641044	3.934660
3.443859	5.673852	7.019036
3.422453	4.653538	3.263658
4.663550	5.496113	8.676373
3.655851	5.621479	3.717067
3.299489	5.217133	3.807899
5.382807	6.542792	5.721504
4.201712	6.600021	6.809472
4.083516	4.371736	3.211451
3.789676	4.902034	8.970295
4.165425	6.535344	5.127035
4.822201	6.114566	8.089845
2.951876	4.085941	5.492805
4.000422	3.536797	5.586602
3.718617	5.465117	8.890577
4.199691	5.110629	9.245010
3.544572	4.076678	8.640128
3.635421	5.315248	3.364295
3.122735	3.425576	7.852768
4.788984	6.736960	5.711256
3.549512	5.582192	3.618278
3.882601	3.820417	7.750091
3.169658	5.501822	4.988072
4.369743	4.407066	3.431665
4.112981	4.023617	7.796091
3.322388	4.829902	8.633547
4.475421	3.802618	7.329208
4.860314	4.266552	4.867051
3.487796	3.366536	4.866237
2.774789	4.367746	7.234546
5.162873	6.015913	5.137828
5.069871	6.484539	6.940916
4.294679	4.716037	8.786821
4.293426	5.055664	2.932384
3.652132	5.091797	3.064653
3.144382	5.397703	6.703933
3.781175	6.213027	7.467901
4.667809	5.000206	3.300112
2.733555	3.858819	4.799151
2.749287	3.864853	6.210938
4.368709	5.406176	3.049782
4.603188	5.591630	8.407421
4.197926	5.748840	3.463830
2.960578	4.250002	4.072252
3.040227	4.579268	7.821144
4.334473	5.301462	8.761023
2.849740	4.265578	6.192957
3.105679	4.443891	8.641155
3.454711	5.229892	7.828333
5.262045	5.196228	6.373020
3.820476	4.460781	3.223241
5.063303	5.064744	7.581959
4.543960	3.834471	6.492099
3.916738	4.651783	2.928821
3.679753	4.380660	8.834517
3.948002	5.299892	9.018502
3.804330	4.596393	8.864041
4.231080	4.170098	3.630067
3.904978	4.400405	3.211984
3.934819	4.970312	3.076950
3.047804	3.523965	5.572323
3.313621	4.192336	3.761690
3.941444	5.042436	9.078316
4.799440	6.658726	7.469638
