2.772748	4.270439	7.360636
3.490880	4.153436	3.343872
3.051551	4.175608	8.213295
5.277127	6.318884	6.005376
4.060467	5.384125	8.963068
3.645657	5.586406	3.921223
3.164138	3.726581	4.082837
5.297172	5.150894	6.959015
4.286318	5.475237	3.266619
4.989188	5.810902	8.295440
3.973496	5.528961	8.842796
2.716994	4.504022	7.152119
4.368026	4.678804	4.421957
2.575606	4.009350	7.341993
3.923014	5.007927	2.837307
5.203984	5.261306	5.905261
5.565495	5.427646	4.759458
3.706038	5.201403	2.958110
3.664182	4.917515	3.003741
4.996876	6.074495	6.428679
3.424784	6.148068	5.879436
4.248193	6.576949	7.891983
4.018341	5.779229	3.599929
4.199694	4.538457	8.696576
4.536731	6.741085	5.418094
4.756933	6.183467	4.110652
3.740148	6.036288	4.632136
3.765324	5.389973	3.158182
4.831544	5.542564	8.576699
4.496406	5.667237	8.976592
4.163303	5.075602	9.109696
4.817206	7.012621	5.159904
4.190790	4.995884	2.978195
3.458415	4.742212	3.362696
4.091971	5.334582	3.145251
3.939758	4.909732	9.040384
5.136743	5.260710	7.212580
3.195869	5.624524	5.046518
3.242759	5.596661	4.454428
4.898863	5.386946	3.654146
3.845521	3.532954	6.089118
4.173206	4.856608	8.792941
3.908750	5.559077	8.839581
3.750003	4.777711	8.786369
4.108617	6.159209	3.645855
3.966312	3.255948	5.354598
4.139416	4.861335	9.063856
4.612463	6.884034	5.782874
4.262872	4.167258	3.881490
4.485738	3.824313	5.375337
4.186158	5.306237	8.729633
4.161234	4.789485	2.968643
3.986004	4.862544	8.841152
3.095158	2.990845	5.495002
4.081394	5.083809	2.725334
4.198933	4.534908	8.437570
4.853894	5.185553	5.451960
4.236317	6.509168	8.027416
4.433364	4.945453	9.275908
3.785421	4.635492	8.657023
3.927950	4.379171	3.485682
2.819201	3.886830	7.495407
3.227942	5.190000	7.858229
2.975869	3.573095	6.473369
3.798473	6.156816	5.567792
4.065748	5.062164	2.938257
3.808766	5.069262	9.004707
3.280331	3.760501	7.732730
4.961535	6.289788	7.560289
5.069419	5.725117	4.143464
4.764545	6.321299	7.960301
4.494429	4.605085	8.231293
3.596877	4.759680	2.958358
3.823313	4.956249	3.150661
3.933633	5.607706	8.213968
4.693889	4.647849	6.212495
4.993288	5.364602	6.220749
4.224713	5.103981	3.130550
3.306968	3.140671	7.247298
2.847529	4.823075	5.592794
2.812081	3.552157	5.528924
3.865203	4.141458	3.977931
5.249704	5.618628	4.795290
4.918476	6.206151	8.114512
3.448502	6.101403	6.424934
5.406249	5.929911	6.590544
5.197350	5.283599	4.582083
4.760233	4.499263	7.487302
4.384078	5.825326	3.514367
4.827617	4.571226	6.758848
2.982014	3.844888	5.989527
2.740770	3.748257	5.473382
3.297715	5.501717	6.041617
5.042637	5.368097	4.034708
2.746387	4.345366	4.523223
3.675498	4.782157	9.079446
3.435570	3.903829	8.251935
4.124962	5.639712	3.356795
4.349275	4.258646	8.581116
3.345849	4.668023	3.741660
5.293385	4.580111	6.424739
3.268481	3.741869	6.856927
3.871774	4.789342	8.848293
2.992777	3.505159	4.948307
3.654467	5.571242	3.773406
4.831045	4.501520	5.114881
4.120470	4.687175	2.899803
4.061997	4.692300	3.266754
3.651001	5.357456	8.815496
4.247022	5.719030	8.549485
4.893445	6.064811	7.157682
3.278180	3.188436	5.179879
3.801829	3.404102	7.435214
4.816275	6.086004	8.211652
2.788242	3.646364	6.791630
5.100361	5.163239	5.575421
3.905486	4.694978	8.951394
3.887076	4.845256	9.284080
4.013556	3.418031	6.599180
4.169248	4.885445	9.055657
3.209099	5.117861	3.407866
4.061941	4.972255	2.786828
3.838038	6.217075	6.639637
4.354223	5.374313	8.605447
4.320839	5.955495	8.342725
3.833999	4.743263	9.116308
4.983861	6.419912	4.700799
3.550277	5.627048	8.239324
5.063012	6.969595	5.906230
5.071303	5.734260	4.206133
4.066189	3.850825	7.184946
2.730390	4.657510	6.341042
4.743241	4.570338	7.096841
3.282265	4.908170	3.768064
4.189465	4.843871	8.917727
4.039401	6.379712	4.809507
3.959638	4.912003	3.003006
4.667510	6.708377	6.097157
4.054783	5.012092	3.017243
4.350295	4.563582	8.931390
3.796022	5.359543	3.183029
3.770227	4.976926	3.138379
3.873643	4.690064	3.070293
4.774527	4.864570	4.660762
3.668978	4.867214	3.096783
2.487803	3.490300	5.986993
4.227066	4.654609	8.216878
3.043590	5.012390	6.209855
3.664203	5.399805	3.278426
4.326076	4.791135	8.928796
3.378040	4.352883	8.479501
4.869432	5.540981	3.625407
4.089226	5.035319	3.087877
4.524540	4.546162	8.385719
4.273413	5.032067	2.733750
4.659340	5.371753	8.627495
3.048528	3.422272	4.438926
4.420501	6.296195	7.534670
2.804256	4.265179	7.646643
3.377983	2.986493	5.534142
3.944205	5.796533	3.663650
4.988784	4.338059	4.829840
3.899909	5.226662	2.969473
4.588126	6.709680	4.508990
5.036621	6.526011	7.116516
4.958671	5.509685	7.818687
4.483908	6.136113	8.629953
5.526865	5.942960	5.579010
4.762217	5.792079	8.645049
3.413605	3.531778	7.801830
4.205229	5.327036	8.795702
3.292420	5.097025	8.778131
4.707485	5.647418	3.899470
3.966880	4.970718	3.154491
4.099328	4.914728	3.104929
5.144576	6.016381	7.766284
4.317628	3.835730	4.191430
3.629790	4.324909	3.206008
4.445257	5.020350	3.240790
2.915698	3.518972	6.063687
4.420632	6.248328	3.952292
3.896709	6.370472	5.830551
3.879461	4.542085	8.823907
3.058244	4.757451	6.142452
4.600311	5.560848	8.547143
5.098318	6.445297	4.642827
5.359304	5.316370	6.732962
3.918991	4.303381	9.136143
4.088608	5.109613	2.864173
3.258608	4.297738	3.486343
4.863163	6.742764	5.781616
3.562344	5.046985	3.440056
4.346064	4.958691	8.318710
3.486875	5.505909	8.270749
3.777354	4.811219	3.161656
4.513445	6.376118	5.089851
4.175664	4.943224	9.087284
3.359946	5.378176	8.272281
5.157035	6.382997	5.249070
4.436624	5.920836	3.142728
3.121360	5.174734	4.316278
4.738306	5.091139	8.225751
4.686067	5.748088	8.943517
3.072601	4.498187	3.991959
3.056218	4.212484	4.813020
4.782105	6.213165	7.854905
3.001004	5.053266	5.023996
4.164497	6.076374	8.185440
2.906602	4.064671	4.546654
3.981792	5.179923	9.131117
4.837508	4.414852	5.673800
3.961303	4.902339	9.074217
3.993921	3.371245	4.305079
5.154626	6.336282	6.898703
4.860515	6.741490	7.229675
3.560833	3.245715	7.460078
4.277828	5.105600	8.891175
3.465790	4.072046	3.398770
4.710223	5.811453	3.197131
4.467501	5.221128	3.470882
4.057422	6.036404	6.822260
4.119492	4.782290	9.119699
4.721004	6.518232	6.334629
3.742364	4.070209	8.211549
3.101947	4.544854	3.877099
2.982801	5.175714	3.864639
3.823827	6.415667	7.160608
4.353173	5.887609	3.353138
3.579175	4.815241	3.075772
3.915569	6.174046	4.809584
3.979091	5.045557	3.078144
3.362674	3.472185	4.303820
4.059214	4.915911	9.174021
3.512779	5.975800	5.258555
4.068249	4.998436	3.113636
3.422307	4.425891	8.683062
4.091998	5.220755	9.176223
3.029606	3.284188	5.384489
3.707033	3.562420	7.714415
3.247203	5.007100	8.592408
4.531484	5.899895	8.608312
2.709270	4.351908	5.871936
2.939239	4.830614	7.892263
4.296084	4.585640	3.194458
3.184990	5.071358	5.247258
3.735825	4.458053	3.245157
4.483811	5.031692	3.301236
4.609871	4.957069	7.768540
4.470747	3.980576	4.125583
3.027104	3.781051	4.414312
2.943252	4.062812	7.729901
3.285192	4.522261	7.654182
3.697248	4.202242	8.786211
3.299100	5.371792	6.701221
3.281249	5.511727	7.751481
3.868502	4.952243	2.909146
3.150484	5.745276	7.512815
3.048319	4.571535	4.329609
4.439904	4.771097	8.725461
5.383591	6.176623	5.802325
4.983214	5.977116	7.891337
3.836319	5.595816	8.910294
3.010196	4.794535	8.298438
3.864700	4.823393	9.136180
2.999887	3.508664	6.153935
3.560310	4.773518	9.036817
4.607625	4.104364	6.132259
3.233691	3.331175	5.938341
4.259890	6.226103	3.641910
5.216061	5.509597	6.177634
5.443687	6.073100	5.281226
3.585457	4.479588	8.838858
4.184504	3.352014	7.524352
4.904257	4.819365	3.926010
4.042856	4.962400	3.376894
3.343284	3.912057	3.487020
4.408488	3.678582	4.813384
3.302353	4.639558	8.580735
3.711725	5.071255	8.785392
3.899542	4.502926	2.966078
3.320027	5.583552	3.553028
4.078649	4.763842	2.728874
3.323880	3.016897	6.536164
4.829718	5.188598	3.595936
4.750229	6.122305	8.057581
4.387603	5.900214	2.907531
5.064431	4.859154	5.729482
4.136423	6.377112	4.074769
3.353898	5.457077	6.950846
4.191427	4.801095	3.439279
3.374744	4.200805	8.702663
2.865815	4.057163	4.953313
3.996205	4.173320	4.059349
3.160020	3.695701	4.691133
2.853914	3.405521	6.177871
4.425306	6.506509	4.058304
4.468218	3.903484	7.903518
3.565940	5.788026	4.410601
2.878681	5.130291	7.580837
4.073812	4.949324	9.090382
3.644638	3.961155	8.122876
3.883046	3.956379	3.715515
4.554469	4.470189	7.759391
4.671277	4.568906	3.506731
4.102922	4.174071	8.475202
2.833917	4.833030	7.356635
3.485049	5.595065	4.855712
3.886416	3.487711	3.983884
3.352979	4.574997	3.044487
5.462410	5.522304	5.102376
3.996212	5.071684	2.899749
4.164556	5.301550	3.427151
3.978537	5.125653	8.945293
4.144739	4.834826	2.766053
5.200635	4.993735	7.064837
4.070542	4.401173	8.729974
3.916229	3.599195	7.684604
3.106070	6.001459	5.975871
4.666319	5.837055	8.520818
3.824094	4.279068	8.503403
5.186700	6.840002	6.171036
4.927008	5.319718	8.302759
3.493939	4.241924	8.551755
3.103792	4.663386	8.141468
5.110386	6.291931	5.685008
3.050361	3.246486	6.765016
3.326029	5.029078	8.325859
4.663663	4.880848	3.482546
5.039979	4.973126	8.204011
4.034961	4.173676	3.527349
4.432128	5.393902	8.626507
5.076951	5.549021	3.980692
5.338179	5.833537	5.327845
2.837717	3.916877	8.348103
4.625132	6.619418	7.003975
4.109228	6.414167	6.760842
3.214489	3.430036	3.990953
4.035245	5.367803	2.739745
4.576888	5.325561	3.165240
2.702385	5.332108	6.441332
4.685483	5.189630	3.245898
4.711303	4.111153	7.222378
4.077772	4.314151	8.859284
3.738150	4.211273	3.235637
3.978382	4.229820	3.505550
4.214635	3.903516	6.267127
4.284868	4.266400	4.474492
3.511774	3.421365	5.869425
4.316570	4.201453	8.386983
3.387427	3.920226	3.767345
3.870380	4.369669	3.270578
4.442714	5.297444	3.182484
3.879442	3.814211	4.760275
3.988475	5.584886	2.912483
3.935935	4.697156	3.302461
3.106638	5.017550	3.861469
4.312081	6.040042	3.348329
4.207644	5.701475	8.786285
4.859958	6.260380	4.375864
4.334837	4.008265	6.809228
3.260233	3.831120	3.740698
4.517503	5.105564	8.020771
3.892062	4.823350	2.729038
3.168334	3.345622	7.479407
3.924950	5.287982	8.852382
3.881263	4.700906	2.998478
4.195855	5.241214	8.634452
3.665866	5.849263	7.603114
4.159126	4.860295	3.080069
3.545653	4.319047	8.553712
3.904329	5.069995	2.848053
4.186936	6.601159	7.623567
5.221617	5.318568	7.523666
4.197506	5.105768	8.968434
3.696406	4.136573	8.425884
4.168733	5.152357	3.215465
4.263569	4.951552	2.973000
3.398610	3.437482	4.507270
3.900837	5.042453	3.054342
3.546912	4.958582	8.956095
4.272702	4.593894	8.223485
2.615029	4.494307	5.853583
4.054008	5.098992	8.930546
3.882309	5.199924	3.201749
4.267011	5.301223	2.986661
3.927336	4.621626	9.266012
4.400558	5.962477	8.291530
4.387723	5.206510	3.159921
3.844032	3.206240	4.769335
4.210439	3.688427	5.652881
4.874645	4.609151	3.594493
3.131417	5.636747	4.813252
4.378265	4.291250	7.693010
3.445666	4.204536	3.382689
2.824030	4.670823	4.240958
4.058399	6.082200	8.265851
4.728968	5.631279	8.734351
4.425869	4.538554	3.729890
3.188806	5.879532	6.107099
4.449066	6.675372	5.717428
3.176526	5.512794	5.501777
5.253569	6.283739	6.268388
3.397094	3.985516	8.229116
4.881770	4.907712	5.140797
4.251727	6.444286	5.280382
5.016822	6.590532	6.968822
3.981412	5.353488	2.905386
3.715811	4.768355	9.029401
4.458489	6.674335	6.767046
3.347071	5.994335	6.830748
3.650211	5.128321	8.936582
4.366884	5.491961	3.267929
3.376925	4.335945	3.728390
3.195542	3.626768	4.015667
3.826458	5.850507	8.438893
2.630232	3.797789	5.330773
2.959005	4.016102	8.005165
2.693102	4.838187	5.075176
3.969033	5.093812	8.910742
4.778925	6.928275	6.040311
5.194459	4.855025	7.442298
4.441585	4.382145	8.220000
3.800688	6.403653	5.228277
4.784163	6.646785	5.371553
4.181652	6.415094	4.440600
3.349305	4.315608	3.890670
4.609479	4.374998	3.722870
4.203821	4.710973	3.153575
4.915857	4.435980	5.691687
3.301326	4.538837	8.716999
3.133130	3.283919	7.040872
4.727127	6.202776	4.149906
3.685615	5.169467	3.675272
2.701126	4.007733	6.704509
4.067112	4.079055	8.117482
3.958806	5.682890	8.890460
3.756431	5.248210	3.044214
4.721467	4.983683	8.860576
3.966660	4.850169	2.975302
4.406230	4.809961	3.198629
3.842345	3.211096	5.060698
3.923684	4.980779	8.971320
3.644777	3.440800	6.549929
3.826862	5.117158	3.299782
4.412474	3.959518	5.102205
4.092864	6.441866	5.440967
3.454279	5.482863	8.708728
3.905397	4.960116	2.926162
4.072939	5.231739	2.838625
5.212664	6.629599	5.734561
4.298561	6.063145	3.714311
3.396439	3.192854	5.043297
4.787314	6.097531	3.714104
3.759049	4.669652	3.069850
4.426631	6.647665	6.394430
4.195290	5.174645	9.054005
5.046946	5.383911	4.082111
5.202145	6.009198	7.326682
3.526172	3.457760	4.382212
5.444784	5.914847	7.085689
4.275492	5.832035	8.974357
3.675498	4.964197	9.165560
3.920330	4.455008	8.992817
3.209778	4.026026	3.356277
4.201287	6.214298	6.504398
2.870260	4.682115	6.833150
4.115033	5.767101	3.241986
3.116179	3.282082	5.235464
3.771652	6.121983	3.940359
3.557297	5.501764	8.117508
4.616822	4.653668	4.040664
5.337670	6.382275	5.177579
3.486903	4.561064	3.128419
4.326762	5.743584	8.764482
4.148095	5.440150	3.177071
3.543526	3.679016	7.828607
3.183213	4.290625	3.689433
4.845096	4.524214	4.683572
3.284577	4.211138	8.294048
3.890750	4.719485	3.118405
2.504351	3.853570	4.745149
3.330806	4.505284	9.009540
3.747134	6.530644	6.224449
4.474528	6.485040	4.317319
4.319506	6.621030	7.348547
4.942631	5.933687	3.936769
3.682407	5.094370	8.664274
3.965565	6.541205	7.554690
4.227358	4.649804	3.004286
4.171920	5.651963	9.026524
2.805693	3.939756	6.668168
4.077077	4.834476	3.019335
3.109108	3.898421	7.399104
4.739483	4.093766	7.076955
5.184875	6.264076	4.608206
3.505493	5.751127	4.165680
4.322683	6.299130	3.932315
3.230376	4.388722	8.449060
4.423855	4.763015	8.504339
4.151195	5.740717	3.325956
