3.686008	6.031853	3.194087
4.708549	6.196330	4.196140
4.004663	3.780769	5.435685
2.631365	4.231489	5.016356
2.966659	4.490154	8.072964
3.532471	3.732438	8.005751
4.019301	3.153653	6.659074
3.517850	4.868043	2.884586
3.946999	4.938524	3.211119
3.010889	4.850282	7.817709
3.906809	5.114273	2.854898
5.175115	6.348683	7.591074
3.753790	3.282646	6.225634
3.552578	5.603131	3.470035
5.115217	6.801694	5.965162
4.219621	5.186952	2.904052
3.194802	3.687217	7.414739
3.966637	5.000877	8.977105
2.890979	3.731491	6.742609
3.872064	6.650456	4.526140
3.844388	4.558227	3.028043
4.710336	5.420773	3.962969
3.459942	5.418903	8.505881
4.184311	6.561730	4.594247
3.810235	5.064270	3.061836
4.183968	5.775880	3.302112
4.686043	6.801201	6.783443
3.941040	5.269688	8.802271
5.153049	5.017310	6.692236
5.080485	5.544910	7.568795
3.707095	5.169406	3.363326
3.793751	4.422339	3.307191
2.747434	3.140847	6.182468
3.587293	3.404193	7.965672
4.528915	5.551517	8.932586
3.538712	4.740541	8.776939
4.645535	5.216029	3.208373
3.919556	4.176485	3.532057
2.964841	5.073988	4.027374
3.205346	3.328516	4.831107
4.783709	5.926152	3.659230
3.869665	6.055316	7.861914
4.385878	4.804171	8.276341
4.865775	5.021830	8.396491
2.782884	4.716015	5.905308
4.517720	5.005102	3.300797
2.752825	4.786564	4.368766
3.910200	5.216938	2.910385
5.128851	5.556649	3.581070
4.299000	3.815255	4.423982
4.749825	5.401459	4.619384
4.696159	5.449519	8.704815
4.031206	4.687296	8.832793
3.880003	5.028905	9.011265
4.936271	6.524366	4.627806
3.361403	5.978844	4.679276
2.760728	4.597238	6.636821
2.894634	4.491624	5.369761
4.142915	5.625230	3.149741
3.428378	4.079992	8.235112
4.055714	4.896861	8.808005
4.867562	5.554445	8.387580
3.507911	4.669962	3.214156
5.243188	6.359157	5.856973
4.047517	4.731031	9.155941
3.735230	5.019674	8.904486
4.478000	4.575706	8.806467
2.950423	4.607437	4.210852
3.954107	3.790403	6.862111
3.990733	4.325152	3.114059
4.074261	5.002896	3.056190
3.636217	3.095362	5.534503
3.566684	4.967798	8.449264
3.979358	5.105140	3.072792
3.782034	4.843240	8.856385
3.650743	4.595082	8.866924
5.032879	5.928093	8.084259
3.283564	4.311017	3.171071
2.935685	4.217689	7.835123
3.946825	5.085833	8.842136
3.928640	4.568974	9.096027
3.982024	5.042921	2.964640
4.703088	6.863430	6.121474
4.192392	4.887655	3.099585
3.883348	5.086436	8.924058
5.145176	6.438883	6.308344
3.958887	5.791392	3.357832
3.243068	4.479632	8.517779
4.442536	4.893921	3.084789
4.875351	4.814128	7.628161
3.492155	4.382586	3.308930
2.780311	3.906896	6.593547
4.179046	3.374247	6.533353
3.495450	3.170466	6.885593
3.468625	4.431800	8.817065
4.601713	6.120795	3.736552
4.553904	4.762829	8.505944
3.658506	6.067046	4.405301
4.262737	5.961035	3.326789
4.569617	5.812250	9.037037
3.406094	5.673579	4.690777
4.139003	5.685183	8.727140
5.061588	5.498140	7.035730
3.932305	6.000590	8.946836
2.751205	3.789319	5.714224
4.372619	5.944373	8.382260
3.638542	5.079897	2.824928
3.725382	5.899327	3.825002
4.929445	6.296524	7.305965
4.037239	6.494083	6.083981
4.194531	5.889152	8.256523
3.781186	3.664364	3.785757
3.483277	3.176050	7.216434
5.067986	5.206250	4.571307
4.179624	5.655362	3.068121
3.914568	5.168464	2.750095
4.301611	5.607771	3.051454
3.055384	3.207719	4.763385
2.844203	5.108042	5.672777
4.723103	6.089085	3.420624
5.263271	6.248222	5.216621
4.995912	6.389967	7.504207
3.967912	3.954807	5.064219
4.437752	5.217631	3.704302
4.092444	4.834773	8.890045
4.807491	6.493143	4.707276
5.121098	6.213176	4.702789
3.802569	5.070324	3.120522
4.377197	6.066064	4.454367
4.194243	4.589970	3.527103
3.879256	4.823363	2.852467
4.437664	5.143878	8.785895
4.073826	4.146515	3.393432
4.981300	5.956496	4.129822
4.590532	4.753922	4.083681
3.272609	3.963498	3.765932
3.842787	6.224289	6.736021
4.246674	5.031439	2.962022
3.739701	6.047775	7.418378
4.011311	5.101250	3.136739
4.182861	5.976479	8.420108
3.430278	3.535273	4.202403
2.846173	3.494419	6.686061
4.289457	5.310576	8.804314
3.078062	3.972653	3.825794
5.112978	5.977486	5.038339
2.968482	5.215582	7.136428
3.566729	4.187545	3.307529
4.188787	4.315060	8.514130
4.690643	4.450115	6.274111
4.284049	5.234575	3.197514
4.611537	6.645378	4.698707
4.631873	4.065931	7.037272
5.288749	6.763078	5.202011
3.823648	3.752991	8.311189
4.830197	4.405218	6.011137
3.573537	5.363850	8.194414
4.723515	4.032781	5.180803
5.032555	5.315853	7.726049
3.252178	3.232855	6.901324
3.224014	3.401289	6.034347
4.878645	6.121017	4.143482
4.856776	4.536729	6.849995
4.201825	5.245201	3.231255
3.868579	5.080674	2.807395
5.284244	5.387528	4.733844
4.127873	4.956432	9.140870
5.311615	6.716409	5.216267
3.861884	4.472222	8.712413
3.076200	5.300606	5.607227
4.042318	5.085743	9.125092
4.044421	4.703905	3.035105
3.631699	4.652426	8.974215
3.595085	5.539901	6.322849
4.128405	4.008488	4.344038
3.768431	4.024288	3.474088
4.027153	5.704603	8.358682
3.969177	4.783801	3.135580
4.135931	4.552027	8.974227
3.179319	5.570627	3.826036
3.854474	5.268313	3.335619
4.809102	5.262607	4.149038
3.335456	4.400359	3.532675
3.963590	4.684977	3.118310
4.488678	5.077193	3.091062
2.877687	4.917620	6.677209
4.960361	5.876254	5.179319
3.417824	4.870532	8.919321
4.765721	5.373078	8.287622
3.777785	6.092551	4.039038
3.888444	5.277769	8.988456
3.420661	5.069912	8.277952
4.941955	5.633171	4.083218
3.036044	5.580423	6.498919
3.264938	5.932413	5.220798
3.419590	3.601471	8.170193
4.156217	5.385544	8.931999
3.140158	4.604192	3.329201
4.461497	5.954459	7.863864
4.250205	5.154858	8.662999
4.191298	5.195711	8.737587
2.680504	4.213994	6.342420
3.362596	5.302214	3.556003
3.436930	3.706811	3.765481
3.459147	4.624973	8.848684
5.353513	6.114409	6.024367
4.251730	4.983955	2.816470
2.984250	3.667445	7.574831
3.555724	5.671693	6.896142
4.915806	5.914697	8.400050
2.855579	3.893940	8.002780
4.162457	6.376296	5.073701
3.973356	4.486066	3.182745
4.294137	4.345675	3.940539
4.685109	6.571135	7.538978
3.852347	4.752194	2.901849
4.397283	6.511989	5.191207
3.420988	5.077517	3.769226
3.247923	3.490798	6.541989
4.201870	3.541969	5.618832
3.680520	4.670463	2.885862
4.971875	4.736345	5.113257
4.869624	6.019037	8.542035
3.530477	6.342291	6.354537
3.998872	4.908449	9.011254
3.388307	3.098681	5.566244
3.709780	4.572780	3.200531
4.426898	4.128861	7.605305
2.739667	4.944880	6.650391
3.868652	4.475050	3.450975
5.028094	5.156730	6.279281
4.150421	5.474216	8.842997
5.151595	4.756531	5.912425
3.309178	4.925675	8.332646
4.775975	4.629453	7.772472
4.171355	5.284987	2.906808
4.502213	4.210731	7.235750
3.703287	4.217689	8.718742
3.562485	3.860771	4.209208
3.755140	3.955661	3.911718
5.173377	5.383265	5.991120
2.978611	3.775205	4.487949
5.275466	6.178901	7.131453
4.014476	5.169555	2.896982
3.181826	4.424043	8.566765
3.873391	4.816199	8.824169
3.303026	4.646267	2.996926
3.380179	3.826940	3.860927
3.601423	4.905555	3.096320
2.911710	3.641328	7.415882
4.068376	5.531467	3.351759
3.739081	5.137837	3.475957
3.827147	6.346310	7.211552
4.648572	4.640680	4.172817
3.438741	5.281048	7.791347
3.140162	4.642267	6.994498
4.697154	6.688273	6.091558
4.002422	4.860218	8.889941
4.370569	6.633373	4.941505
4.207318	5.215950	3.063592
3.956594	5.420234	8.727662
4.599086	4.687960	7.637166
4.703257	4.577723	5.603008
4.247877	5.169015	3.092934
3.695173	6.422893	5.955278
3.588745	5.177649	8.741331
3.824560	4.491592	8.730433
4.522848	4.907096	3.792948
4.868678	4.478537	4.824280
3.323980	3.849810	8.236685
5.337391	5.652258	4.203109
4.331929	5.377074	9.247509
4.159762	5.182160	2.879763
2.765582	3.661360	4.651917
3.055196	3.749013	6.048988
4.103742	6.105452	8.047839
4.290250	5.835123	3.027565
4.037044	4.956283	9.034318
2.876140	3.182435	5.995664
4.932418	6.318738	6.328109
3.451642	5.722239	4.072597
4.980311	4.749528	6.468188
5.279451	5.698118	5.057335
4.050539	4.882103	3.268415
4.085135	4.891908	8.979299
4.397438	4.640474	3.662023
3.858418	4.844611	8.890546
4.592681	6.561693	7.427988
4.066513	6.439949	7.014052
4.744475	6.566005	4.186469
5.067629	6.365797	6.847932
3.530952	5.175390	9.090689
4.515166	5.510078	3.524201
4.324315	3.854990	4.390480
4.852480	6.007293	8.192126
3.717112	5.282454	3.356296
5.008525	4.838619	5.198728
4.095531	4.976350	2.930163
5.101567	6.964705	6.890516
4.035909	3.863326	8.068380
2.569051	4.196538	5.182756
2.680484	4.150727	7.014394
3.616599	5.097011	8.614429
5.279980	5.902514	6.008725
3.492008	4.883091	3.585756
3.981962	3.131224	4.652537
2.729019	3.120326	5.598746
4.348881	4.321327	3.301664
3.847040	3.769097	8.218698
2.830425	4.446570	7.268023
4.052737	4.780654	8.758938
4.081116	5.006707	3.283815
4.574459	6.208211	7.881506
5.126874	5.136207	7.235990
3.436831	4.567793	8.306205
4.282925	5.225291	2.707836
4.161405	4.724432	3.228784
4.307939	5.259450	9.193262
4.393068	6.831910	6.135109
3.059922	5.069116	5.508842
4.234089	4.802928	9.170037
4.471645	3.909428	5.809194
3.697262	3.984145	8.519064
4.844944	6.293545	8.043948
3.509873	5.737635	5.792243
4.619665	4.824050	3.590285
4.036464	4.105926	7.791322
3.945731	5.719552	8.774835
3.790770	4.518664	8.874700
2.589759	3.811439	5.530323
3.407802	3.568538	7.946830
3.195030	5.101489	4.011896
3.511407	3.902341	3.485785
3.918867	4.821534	3.000752
3.555819	3.703645	4.553901
5.219866	5.774417	6.348610
2.883287	3.509001	6.362989
3.478935	4.982757	8.588613
4.058596	6.808937	5.813780
4.968804	4.838106	4.173933
4.567192	3.911181	7.004508
3.035180	3.686194	7.112329
3.129710	3.430416	5.602428
3.623484	3.257862	7.249300
4.256157	5.173595	9.127134
4.323541	6.693733	5.717526
4.056746	4.841480	3.067115
3.352703	5.954609	5.094436
3.663109	4.825552	3.043878
4.611413	5.164096	3.272680
3.592074	4.213489	3.694133
2.845292	4.893692	5.718558
4.607137	6.948551	5.667858
4.786599	3.675556	6.263234
3.732241	5.366189	9.259988
3.347379	5.340726	7.109437
4.844398	4.677188	7.897447
2.478968	3.582097	5.010909
4.077871	4.912135	2.823921
4.693222	6.420887	8.166125
4.061348	4.862753	8.967799
3.995658	6.355986	4.960152
3.488137	4.605453	3.147809
4.105849	3.548453	7.225498
3.787607	5.981873	8.158507
4.829914	6.220250	4.274922
3.612042	5.645753	4.034361
2.889214	4.163537	8.213163
4.859497	5.697258	8.287923
3.369712	3.275762	5.813823
3.921328	5.710077	7.105160
3.937260	3.966428	8.001896
3.693680	5.714500	3.555128
3.749676	5.862627	7.930228
4.716420	6.009205	7.957955
3.671695	4.745005	3.187239
3.366471	6.188062	5.618006
3.947999	4.553588	8.958610
4.452004	4.144086	5.155188
5.020300	6.219232	4.645905
4.187865	4.833713	8.719986
3.070722	4.297221	7.793592
2.626092	4.309024	4.446316
4.961713	6.007177	5.588349
3.877271	4.312556	8.664544
5.230815	6.353902	5.586686
4.391342	4.574863	7.993578
4.013417	3.832674	7.970187
3.411147	4.482457	8.509550
4.159462	6.782344	4.560905
4.323553	5.135442	9.127803
2.676444	4.420761	4.932257
4.399896	4.775155	8.433976
3.576308	6.315109	4.916299
4.552562	5.437145	8.391876
2.680325	3.735975	5.068565
4.786390	5.401445	3.430317
3.518746	5.600423	7.445492
4.258389	5.479049	9.168673
3.899634	3.476159	4.723243
2.820172	4.013324	7.303373
3.986782	4.943881	8.817548
4.239618	6.657220	6.946226
3.510138	5.610137	4.051573
3.668656	4.002456	8.414142
4.137991	5.027671	3.186254
2.819903	4.365066	6.002620
4.427814	4.132884	8.049092
3.844643	4.166722	3.133102
3.151655	3.214009	5.234078
3.921755	6.124829	3.614652
3.070816	3.752294	4.775651
4.542984	5.685547	3.680257
3.793552	5.228392	3.112176
4.237493	5.335389	3.102510
3.491950	3.614930	4.273958
4.617476	5.670839	3.305199
3.086342	4.044720	7.787485
4.331664	5.027236	2.994059
4.063450	4.708257	8.869920
4.000157	4.341780	8.503419
4.815217	5.554216	3.736005
3.889920	6.341891	6.503450
3.478186	5.158146	4.457188
4.054709	5.313943	8.868804
4.865091	5.121958	3.670131
2.918440	3.618354	4.843105
4.023865	5.049060	3.081955
2.904789	3.361807	6.745953
5.043746	6.650313	5.189818
3.542089	5.759834	7.710004
3.225312	4.015749	4.258086
4.084746	5.943677	8.494078
3.807116	5.068901	3.085125
3.418810	4.102734	8.504862
4.436276	6.978617	6.865682
5.411057	5.994953	7.702797
4.030427	5.126329	8.912990
3.582153	4.601864	3.056068
3.603550	3.234998	5.001928
3.874778	5.845074	8.522262
4.423792	6.224959	3.914028
4.999963	5.387984	8.004893
3.992488	4.907948	2.949395
4.022463	5.015726	2.942513
2.763364	3.870134	8.090472
4.167841	4.667822	2.727015
3.196780	4.414074	3.717880
4.384310	5.559852	3.532603
3.614454	3.651202	7.380592
4.401481	5.112420	3.166715
3.943433	5.178026	9.019674
3.267339	3.963393	8.068666
3.280701	4.706239	3.143117
5.175015	6.306916	6.798302
3.098240	3.377346	6.417665
3.903962	5.083301	9.188507
4.271815	5.299244	8.958069
3.044142	4.535625	4.012893
3.882150	4.682056	8.935025
3.903756	5.151856	9.031969
4.596714	5.177588	3.092169
4.486418	4.429239	4.155036
3.115785	5.019051	3.923139
4.074772	4.707317	3.249480
5.059672	4.931704	6.916703
5.275382	5.935185	6.917590
4.730936	6.717178	6.389703
4.301099	6.453896	3.957859
4.591226	6.137225	8.594966
3.937435	4.125858	3.589994
4.032485	3.638660	6.090816
2.951408	5.530860	6.018732
3.944036	4.780113	8.941556
4.269792	5.041039	2.923380
4.197385	6.258090	7.718572
4.247831	4.006216	3.736409
4.168713	5.267368	8.884166
3.448816	4.191426	3.597606
3.213608	5.078697	8.111592
4.577011	5.164299	8.803401
3.249277	3.239724	4.642923
4.178331	3.533917	7.601028
4.523556	4.327709	8.721557
4.113590	6.083927	8.252814
4.581274	6.519916	5.806521
3.355201	5.204303	5.075563
4.810555	6.491885	6.604679
4.136452	4.894248	8.898084
3.029491	5.048703	5.049648
4.854117	4.385662	6.143262
3.893404	5.805720	3.401272
4.119557	6.290830	3.713348
3.646658	5.376625	8.434731
4.985289	4.516751	5.736078
5.032874	5.051045	4.575420
4.235183	5.266794	8.677508
3.079474	5.186689	4.846084
4.108410	3.751575	6.192048
5.395860	5.534707	6.311633
