2.973294	3.477788	7.187956
5.182249	6.469669	6.256108
3.229143	5.403432	4.451906
3.898614	4.756246	8.952460
4.039580	4.554663	8.702778
4.036125	6.614505	5.763991
5.190657	6.340351	7.396459
2.745092	3.536326	6.064276
5.077722	5.172163	6.784568
3.410594	4.915444	3.444929
4.431893	5.214079	8.871417
3.484153	4.512211	8.736082
3.290007	5.757530	5.688769
3.958971	4.831975	3.122971
3.190306	3.351059	6.668455
2.784445	4.779807	6.882902
3.902686	3.734894	8.312947
4.117715	5.031513	2.897062
3.906292	4.731961	8.879991
3.553300	3.495835	7.653150
4.995460	6.674846	6.785636
3.834595	4.349768	8.699621
3.814690	3.367910	5.835005
3.111575	3.657928	7.656796
4.058053	4.807807	2.968816
3.993138	5.220755	9.089868
3.749342	3.409516	5.597269
2.762159	4.324210	4.301461
5.078577	6.506900	5.702115
3.866125	5.023040	3.236127
3.651771	5.777456	8.349833
4.763836	4.826028	4.491779
3.469336	3.973916	3.580912
3.920596	5.639253	8.614638
4.942097	5.482821	8.287417
3.288898	5.776525	7.420848
2.627930	4.086195	6.314477
2.864862	3.552474	5.536967
4.207571	4.937441	3.174391
3.828260	5.038028	3.163967
4.380704	5.026419	3.229589
3.778403	6.029520	5.563871
3.466659	5.583022	6.873981
3.303828	3.347359	5.059705
4.255369	5.712091	3.473928
3.884811	4.626950	3.048322
4.313267	5.398343	8.949185
4.541221	5.123851	8.756389
4.057342	3.570004	5.420269
4.136546	5.060334	9.161074
3.449579	5.473788	3.988219
4.439793	5.026849	2.950411
3.652642	3.444654	7.204908
3.179819	5.416894	5.293700
4.347150	4.004407	8.222035
4.359986	4.409780	3.569201
3.108063	3.326469	5.919782
4.541774	6.655185	7.476471
4.519265	5.766588	8.563339
3.506322	4.541354	8.658979
3.910474	5.145201	2.888991
3.785136	5.524645	8.677390
4.390719	6.135595	3.744549
3.000104	5.018190	5.036474
3.581794	4.255855	3.180816
4.652280	6.515642	5.349934
3.780082	3.490218	6.579558
3.919398	5.304163	3.244191
4.217511	5.156842	3.068106
3.883847	5.005139	3.110246
4.485252	3.933152	6.788956
4.725859	5.028173	3.706796
4.313423	4.801291	8.464136
4.135533	5.671374	8.629607
3.975428	4.412157	3.190124
3.611721	5.105732	8.772312
3.082223	3.852645	7.719377
3.820253	5.242326	8.892980
3.649285	4.266944	8.740520
4.309384	4.861895	8.914147
4.414783	5.583059	3.523488
3.710218	4.407957	8.912215
3.513796	4.603797	8.958447
4.062332	4.422083	3.278281
4.426572	3.929765	5.565651
4.111431	6.148260	7.931053
4.320111	4.475313	3.521162
4.122152	4.814547	8.838776
4.888658	6.317924	8.007093
3.945636	4.193563	8.469810
3.207081	4.194009	3.487740
4.043923	6.470837	4.145991
3.831598	5.063244	9.075238
3.409174	5.611677	5.229499
3.895643	4.846121	9.002342
3.812972	4.710877	2.998997
4.790678	5.572033	8.355437
3.045944	4.071547	3.844338
4.875408	6.469007	7.571726
3.282580	4.945323	8.615802
4.152401	6.319380	4.593791
4.398185	5.319279	3.160546
3.951385	5.602847	3.325837
4.183490	6.371534	4.016095
4.196636	5.614508	3.099247
5.113439	6.338763	4.093272
4.285843	5.052418	8.829570
3.677224	5.787428	7.929899
4.375337	5.241871	8.961020
4.104985	3.964682	3.648345
3.247997	5.532447	4.955266
4.445769	4.904016	8.888887
4.018562	4.718358	2.953394
4.747560	5.856441	8.311074
4.945933	5.137167	3.958427
3.213365	5.097011	7.818206
4.957247	6.835473	6.271678
5.283804	5.803730	5.777029
2.866225	4.616185	5.378534
2.808204	4.043736	5.381527
4.293307	3.797582	4.912250
2.954091	4.713845	4.300383
3.493803	5.536492	4.186380
3.513354	4.977611	3.184608
2.819162	3.426756	6.673881
5.063448	6.578879	5.121157
3.966993	4.673525	8.912901
3.854241	5.026345	8.996976
4.281366	4.392896	8.055452
3.269781	4.531011	3.256716
3.957683	4.963304	8.975489
5.281750	6.042783	7.060200
3.694515	4.497848	8.821813
3.430926	4.342863	3.410754
4.484779	5.628445	8.572161
4.105393	5.466791	3.164025
4.034429	5.289619	8.995088
3.251591	5.665970	4.585529
4.501061	6.713148	5.671751
4.192672	4.699364	8.888729
4.975655	6.815381	5.847896
3.878338	3.864198	8.147042
4.130291	5.532566	3.176415
3.835955	5.337046	9.034650
2.990531	3.977604	5.094190
4.659449	5.966290	8.409245
4.404887	6.894594	5.142702
3.848492	5.443253	3.295935
3.883474	4.685918	9.072209
4.363657	5.394056	8.963561
4.333145	4.880800	2.989852
4.199750	6.714079	7.331540
4.541843	4.848967	3.255895
4.086442	6.457205	5.230918
4.221920	6.098964	8.214746
5.032973	5.251424	6.229533
2.930611	5.313780	5.648847
3.578696	4.310387	3.239960
4.293741	3.873727	4.039249
4.248379	5.214028	3.112492
4.341720	5.306054	3.019503
3.977091	4.773402	3.023985
4.308160	6.547466	4.480394
4.074644	6.167309	7.890872
3.137950	4.424659	8.199609
4.928200	4.760738	5.805970
4.219345	5.673210	8.952443
3.697044	5.225064	3.039838
3.505661	6.028012	6.315087
4.545137	5.834675	3.198982
4.446432	4.372661	5.562808
3.149923	5.620035	6.131894
3.855379	5.044963	8.969102
3.860159	3.686373	3.711173
3.834001	4.835418	8.996300
3.010898	4.086276	7.842488
3.749467	5.211871	3.035159
4.031199	4.869773	8.930544
3.808620	4.924007	3.022563
3.650080	5.083751	9.048672
3.055646	4.834109	8.422656
3.009167	3.601535	4.930650
4.435919	4.860146	8.667407
2.634780	4.098740	6.767103
4.956851	6.186978	7.955429
4.420397	4.065203	4.830587
4.453166	6.147496	8.452902
3.764913	4.914445	9.006767
3.666214	6.183814	6.787496
4.272490	6.745825	6.884456
3.967582	4.989554	3.131759
4.509812	4.551281	3.735581
3.270090	4.251984	8.102313
3.052123	4.467838	7.980556
3.960994	4.961115	2.986023
5.196643	6.122459	4.479778
3.560264	3.187848	5.989132
4.068284	5.206243	8.979109
4.955120	5.254532	4.608773
3.068788	4.739323	3.847069
3.009080	4.976744	7.228673
3.547975	3.731068	3.862307
4.714076	6.115901	8.464191
3.853719	5.549563	3.329426
5.261291	6.428514	6.809103
4.828643	6.554495	4.590248
3.520797	3.419814	6.079555
3.532233	4.920750	3.354310
4.773107	4.538460	3.928222
3.480237	5.607782	7.836379
3.309626	3.923415	8.347092
2.674222	4.693611	7.372240
3.794181	3.517271	7.375771
4.044679	5.281588	8.866403
4.856640	6.523772	7.514195
2.788767	3.632588	7.308815
4.416268	5.711346	8.739982
3.482013	3.608898	4.410310
3.293025	3.197708	5.439633
3.778471	4.043625	8.607825
4.050402	3.547598	6.674798
3.380741	4.214095	8.657810
4.448720	5.666023	8.472713
4.103591	4.838991	3.013982
4.683399	5.123531	8.301481
4.332950	4.149957	3.828354
3.988387	4.864990	8.926858
3.942548	5.108276	3.012079
4.469742	6.954386	6.346578
4.074841	5.223562	3.113894
4.905176	4.312772	7.130095
5.063737	4.858226	6.783889
4.133525	4.895123	2.934908
3.810189	6.008093	4.218777
4.409407	6.504328	7.389883
4.130201	5.080836	2.954886
4.527534	5.639549	3.098543
3.604166	3.381449	4.842852
2.746856	3.538735	5.017707
2.891752	3.914772	4.391038
3.649744	5.075711	3.352200
4.580561	5.882016	3.717439
4.028919	5.200672	2.981597
3.904426	5.354201	8.572268
4.333756	3.628653	5.624839
4.805370	4.238035	6.630020
4.738352	5.742379	3.781483
3.450074	5.861302	4.680933
4.776791	4.763410	6.272457
3.997337	4.675805	3.020973
4.538903	6.276387	7.952022
3.252452	3.396129	4.217581
4.342350	6.607021	5.258280
5.251245	5.479445	5.928384
3.954979	6.079552	7.391579
3.260552	5.591842	6.274840
5.157939	6.338924	4.765697
5.031968	6.134497	4.274605
5.358521	5.833323	5.038169
4.049481	4.233134	3.269511
3.862244	5.293241	9.053178
3.097023	3.318102	5.623112
3.919581	4.675378	9.089378
4.644665	4.349920	6.006253
3.534073	5.996567	7.022085
4.926399	5.769500	3.675439
4.407650	6.687371	6.315909
4.871637	4.994135	7.607964
4.205881	5.443525	3.032325
4.557493	6.189884	4.104086
5.281756	5.797383	7.401972
4.507852	5.795175	3.411842
3.662802	4.567792	8.631137
4.671432	4.513481	7.523893
4.220806	3.877462	7.146074
3.297350	3.558249	7.778488
3.258934	5.582987	6.748150
3.875237	5.228876	8.913127
4.865320	6.102172	7.866201
3.242002	4.244393	8.575628
4.342534	6.462281	7.879415
4.192282	5.079638	8.926301
4.455380	6.549447	4.569552
4.045651	4.963977	3.022374
4.041781	4.656186	2.962777
4.017077	3.854552	7.868585
3.375390	4.406761	3.551725
3.867776	3.427671	4.690786
4.814913	5.667994	7.965735
3.424247	4.503962	8.984856
4.084398	4.575080	3.060853
4.098132	4.839800	3.113399
4.068063	5.454193	8.858241
4.187516	3.883551	4.265410
4.926461	5.920697	4.164430
3.796569	3.633261	7.431302
4.744856	6.711553	6.813985
5.240926	5.647803	6.920445
2.780199	3.411381	5.491126
3.769722	3.750909	7.585576
3.854114	4.327543	3.011534
3.439638	4.455155	3.291602
3.810564	5.499043	8.670311
4.895711	4.568945	4.485015
4.899270	5.368891	7.367723
3.694628	6.145562	4.465102
3.989864	5.110033	2.811481
3.937593	4.472025	9.023559
4.484169	6.227455	8.276153
4.163067	6.042328	3.630154
3.942891	4.224143	3.476639
4.151303	5.240725	2.922008
3.021532	5.083399	6.065340
4.296161	5.528411	8.715906
2.809772	3.819777	7.226897
3.727985	4.976148	2.961747
5.433293	6.127058	6.519126
3.027998	4.262708	3.983693
4.505288	6.401446	4.077628
3.899585	5.049592	3.109729
3.844822	3.706659	4.340687
2.804423	3.737260	6.075217
3.498633	4.135417	8.726103
2.862502	4.367883	7.373354
5.253738	5.816359	6.859040
3.588067	5.662596	3.743584
4.867979	4.344778	4.857229
5.052137	5.357951	4.083110
3.868544	4.008764	3.423754
4.779881	5.201183	3.230052
4.094290	4.912633	9.176458
2.904618	5.111013	6.712177
4.610941	6.620065	5.594465
4.418659	3.977456	7.162681
3.625674	4.729263	2.998719
2.947360	4.057538	4.877262
5.177613	5.872626	4.363151
4.140993	5.847989	8.624928
4.033562	5.470220	3.059880
4.008318	5.039314	2.862614
4.470927	4.349005	4.956908
5.407189	6.177077	5.786694
3.155203	3.522398	4.439171
4.438770	6.808164	5.623057
3.843415	5.045637	8.797820
5.282685	5.877116	6.374903
4.863612	4.838313	7.994030
4.777221	6.001364	3.503688
5.258991	6.208000	5.069018
4.015674	5.011609	3.015907
4.533062	4.609158	3.612781
4.969075	5.789457	3.869754
4.409095	4.721001	8.641587
3.263259	5.064018	8.257405
2.777690	3.444253	5.951684
4.920231	4.422351	5.739732
4.021953	3.768581	4.540451
4.164179	5.952955	3.343862
3.915929	3.711303	7.844963
3.297735	3.818323	4.098681
4.843920	4.667095	7.947544
3.530955	4.943433	8.982367
4.095383	5.185263	8.898527
2.477675	4.512145	5.452550
3.097300	5.075595	3.844989
3.701740	3.306352	4.837770
2.943366	4.981745	7.645969
2.875105	4.132638	4.458230
4.307148	4.616037	8.782319
4.876850	6.380321	4.579099
4.247692	4.381545	8.608134
4.493751	5.406829	8.884406
3.918153	4.824383	9.020905
2.958212	3.069575	6.031595
4.163970	4.606827	3.411007
3.432277	3.623134	3.840534
3.904217	5.028263	3.005206
3.153917	5.236911	7.297306
3.921120	4.198292	8.469014
3.525500	4.471950	3.330316
3.407908	3.942608	3.489199
4.304031	4.260445	3.650602
3.438400	3.393192	7.265152
4.075524	6.664457	6.161110
4.835329	4.985761	3.726171
4.686090	6.178682	4.080845
3.241429	4.732067	8.308475
3.987234	4.979455	2.938994
5.069893	5.528349	5.192774
4.360591	5.565928	3.182214
3.697779	5.175804	8.577737
3.620461	4.887004	8.832596
4.447228	4.504395	7.746413
5.052882	5.097140	7.598018
3.678720	5.859456	7.313000
4.235805	5.967477	3.535495
3.398803	5.058564	3.276989
4.110603	4.662193	3.137290
4.816719	5.025783	7.831456
5.114131	5.823595	7.220318
4.168026	4.027397	8.286090
3.123582	4.326548	7.799294
4.772979	4.717615	8.411425
4.081906	4.969877	3.192074
3.575040	5.418442	8.527980
4.172593	5.266580	3.187218
3.420434	4.876242	8.672795
4.011395	5.820644	3.877342
3.273858	3.776633	4.042565
4.794811	4.580049	6.890458
5.033936	5.349814	5.846381
3.885428	5.131886	8.878264
2.963599	4.088416	3.949676
3.832458	5.648149	8.365909
3.918370	5.049428	3.160646
3.270346	5.388770	7.809596
3.561459	5.408223	8.312865
3.554793	5.701902	4.106943
4.082142	5.225777	9.018908
3.890834	5.220413	3.148617
5.265870	5.611326	6.364914
3.752552	3.742361	8.252022
3.273780	3.865246	8.052487
4.591987	6.380198	3.899266
4.329091	5.064358	3.139342
3.341767	3.965117	3.586938
3.592798	6.212041	5.141348
4.671664	5.895071	3.345282
2.851970	4.749133	6.135133
5.026722	6.540921	6.177438
2.690727	3.848903	6.606716
4.403905	4.269347	4.262978
3.245741	3.498213	7.236465
3.944365	4.663472	2.985613
3.413796	3.114537	6.771404
4.916946	5.883821	7.881818
4.838661	6.805093	6.247157
4.603290	5.285771	3.245053
4.151793	6.373272	7.009312
4.822040	6.674422	5.308508
2.821064	4.486513	4.496808
3.644449	5.509452	3.573134
4.901280	4.982359	5.271418
3.389081	3.350212	6.779237
3.197054	4.632357	4.019578
4.310261	5.747183	8.659392
3.291289	4.749638	3.678743
4.073229	5.342349	3.071105
3.579196	5.280440	3.348471
2.997007	4.836412	4.896438
5.207139	5.296955	4.621572
3.395857	4.405979	8.537125
4.336477	4.879000	3.409420
4.556223	6.252244	3.812561
4.260360	3.791349	6.054228
3.838153	4.837592	8.904262
3.798864	4.790973	3.139794
4.993777	5.609626	7.823950
5.148818	5.217152	5.333745
4.503789	5.237458	8.774447
3.990560	4.980993	3.152206
3.528037	4.131474	3.414799
4.134369	5.099092	8.843530
4.721963	5.441858	8.776254
3.833914	6.338460	7.395669
5.160976	6.081316	4.884974
2.644094	4.589242	6.161420
3.805941	4.449679	8.755228
3.632582	5.355656	3.652421
4.093382	4.884928	8.823333
3.614611	5.150846	3.092291
5.218656	6.574277	6.863869
4.819877	4.808562	4.104828
3.043667	5.366334	7.354430
3.735413	4.116172	8.289762
3.813488	4.738812	3.213307
2.761447	4.440352	6.846729
3.968920	4.954611	2.946060
5.000087	4.697255	6.407376
3.975771	4.447785	8.828911
3.028207	3.282739	4.963118
4.420323	4.166130	4.376119
4.441437	3.943647	7.786877
3.550285	5.991271	5.278325
3.857830	5.822686	8.339304
4.984322	6.487452	4.433640
3.481678	3.291812	5.608749
2.867042	4.360294	4.879401
4.214853	5.184653	3.028122
4.180628	5.076909	9.121877
4.009903	5.124539	8.995735
4.439936	3.697639	6.130702
3.820137	6.079531	7.870836
2.561898	4.085485	5.529432
3.327342	5.082216	4.332539
3.423251	4.551794	3.310677
4.007558	5.132884	3.106000
3.892502	6.343383	6.472610
5.086211	6.296311	5.902336
4.631529	6.708338	6.870492
