2.552673	3.666354	6.040425
4.137611	5.827127	3.262223
3.970267	5.028695	8.723025
3.988272	5.117024	3.122874
3.694679	5.705342	8.214936
4.521910	5.707855	8.734870
4.197350	5.495103	8.878605
4.044764	4.182117	3.369615
4.029774	4.626680	3.379569
4.191736	4.022346	4.985847
4.149646	6.667702	6.415682
2.710645	3.675167	3.952407
3.513826	5.352430	3.414911
4.344254	4.696683	3.186492
2.757046	4.435007	3.565501
4.105125	5.697575	8.612534
2.710366	4.856817	4.634120
3.942245	3.574041	4.504184
5.031475	5.284169	6.534055
4.739369	5.735270	3.250044
3.261817	4.157956	3.950700
2.947413	3.787119	4.578772
3.502551	5.974048	7.418475
3.226159	5.998768	5.572805
4.542016	4.959361	9.103025
4.204977	6.772265	5.769287
2.752025	3.685016	7.098505
5.217523	6.758975	6.015832
3.693759	4.270677	3.224404
4.350644	6.843081	5.700714
3.054105	4.044612	7.534897
2.742862	3.987254	5.715378
3.617829	5.325198	8.912756
4.875152	6.158852	4.075401
4.912116	4.826887	7.677234
5.359536	6.158175	6.672732
4.500876	4.833253	8.805820
4.609189	4.561858	7.487414
4.507397	5.451625	8.818140
3.614589	5.016439	8.880382
3.935101	6.268581	7.472607
4.670047	7.025200	6.409336
3.774372	4.853072	2.936169
4.987233	4.360183	5.689312
3.714256	3.591860	7.227731
3.875211	5.246778	8.666622
3.156924	3.071190	7.740222
3.750053	4.703293	3.181208
4.417546	6.651451	6.258871
2.745870	5.097107	6.159261
4.937981	6.385000	6.958950
5.188347	5.326241	6.835763
3.284698	4.042895	8.199362
4.843415	4.525608	7.004816
4.857202	4.230318	4.783863
5.192925	6.075053	5.360942
4.117105	4.896063	2.980127
4.327369	6.030136	3.882993
4.065914	5.006279	8.857341
4.150240	4.923882	8.908385
4.782457	4.761140	6.645455
5.376422	5.883790	5.396852
2.462847	4.038730	6.297328
5.001212	4.487093	5.255988
4.399221	5.173162	8.674644
3.421876	3.026851	5.941248
4.475223	5.471265	8.706162
2.966080	5.655617	6.410219
4.793538	6.650683	7.103311
3.511428	4.168873	3.314965
4.613034	5.625861	8.636822
4.737489	5.354483	3.454160
5.440113	5.299526	6.248709
3.125841	5.046022	4.718028
3.715477	4.810749	8.877638
4.861743	6.542936	4.833858
3.363326	5.100814	3.647144
3.958583	6.071462	8.767397
4.601640	5.038296	3.939153
2.807542	4.489503	5.621447
4.643916	5.703716	8.297298
3.431855	4.215010	8.610891
4.000741	4.682071	3.460335
3.265218	3.238997	6.829106
2.774750	4.668946	5.041632
3.882859	5.062923	3.007452
3.840720	4.500823	2.934006
4.199661	3.628886	7.179228
4.841037	6.834045	6.786265
3.369432	5.037363	8.562272
3.938801	5.932241	4.285060
3.385937	5.227920	8.350345
4.670878	6.531124	6.863070
3.557579	5.826850	3.531167
4.765957	4.388254	6.191663
3.304268	6.058789	6.423799
3.212005	4.675592	8.684897
3.616315	4.077275	8.372625
3.463548	3.726166	4.063466
3.496061	5.323655	3.444114
4.713196	5.200125	3.836666
3.172151	5.729635	7.240973
3.888081	3.303678	6.227976
2.851700	4.265300	4.273916
4.472515	5.850762	8.634516
4.143676	4.213349	3.767720
4.061118	5.173425	3.190064
4.880359	4.920459	7.979844
3.700284	5.984451	8.032395
5.416012	5.535450	5.263220
3.838552	5.022756	9.069468
4.874001	6.379714	4.458045
5.243001	6.539127	6.260947
2.576513	4.049781	4.808607
3.856368	4.738648	9.055418
4.109969	4.251072	8.191419
3.935398	6.158604	6.944053
3.044872	3.722089	3.966846
3.457252	5.099637	9.052324
3.749725	4.695846	9.013891
3.980976	4.885100	9.054323
4.184073	4.989399	3.154572
3.813217	3.498421	4.809584
3.292791	3.412436	5.489770
4.151473	5.404204	2.949339
2.954589	3.881395	7.309732
2.854261	3.635728	4.755112
3.171449	4.233250	8.500539
3.166007	5.122327	7.245053
4.426874	4.769232	8.556486
4.220910	4.895795	9.282060
3.332952	4.697387	8.065820
3.034822	5.040344	6.616179
3.798034	6.154215	6.304065
2.850586	4.680689	6.741388
4.186831	5.003734	3.231278
3.178747	4.898790	8.508009
4.542122	5.599791	3.297684
5.019012	6.673257	4.568032
3.933545	4.135318	8.769197
4.055483	5.020538	8.752072
4.049185	5.201112	8.597383
4.433454	3.965641	5.274517
3.670756	4.565635	8.742514
4.359356	3.954972	4.973693
3.920723	3.754734	8.133127
5.029362	6.011014	7.386965
4.551128	5.923071	8.397200
3.295103	5.013911	3.633030
3.288257	5.443329	4.035856
4.292648	5.198415	9.144710
4.904265	4.739505	7.534645
3.271341	5.185982	3.744063
4.575531	4.053354	7.825397
3.111659	3.597852	4.990452
3.190652	3.504034	7.194678
4.412482	4.842923	8.697974
4.048902	5.112573	2.834568
5.049104	6.583281	6.417559
3.594794	3.753001	7.522120
4.092984	5.392674	3.005658
2.753286	4.435128	6.034832
5.026056	5.378068	8.158784
3.198367	4.452871	3.209314
3.791778	4.892713	3.011799
2.658959	3.898714	6.689916
4.114619	5.158854	2.806896
4.356166	6.001671	3.752549
4.636052	6.613622	7.365967
4.035041	4.834417	8.825474
4.705800	4.454432	6.190767
3.659455	4.982740	8.868850
3.704314	5.154131	2.936179
5.059619	5.925721	4.193638
3.923492	5.304675	3.076158
4.775892	4.968423	8.172686
5.243787	6.157931	4.834356
3.993515	6.112303	7.678952
4.486982	5.793572	3.849360
3.296344	4.099589	8.294437
3.256879	3.241560	4.923241
4.967577	6.860966	5.663625
4.369584	3.972824	6.617693
4.231272	4.474682	8.634583
4.799938	5.760145	8.431812
3.423112	4.848243	7.654552
3.542694	4.127576	8.387324
2.958475	4.074172	7.801895
3.864597	4.716888	9.041794
3.478223	5.895077	4.082224
4.280432	5.095327	2.986350
4.956693	6.534072	7.440027
4.502541	3.865445	6.788916
3.869805	5.080571	8.923688
4.251752	5.779059	8.784597
3.572419	5.193097	3.365741
4.218934	5.202106	8.856795
3.889639	5.024693	2.897144
3.600335	4.237987	8.462610
3.838520	6.588248	5.541461
4.824498	6.463922	5.078386
3.098660	5.476850	7.933616
3.903876	5.184212	8.985031
4.424298	5.140174	8.771841
4.038552	5.942131	4.072063
3.953246	4.832090	9.047900
3.640436	4.822843	3.004945
3.967575	3.557770	4.947566
3.086137	3.410319	5.435675
4.197673	5.184985	3.408892
4.318589	4.885220	3.227384
5.104653	5.987124	4.627806
4.134797	5.119838	3.098417
4.810871	6.396088	6.849122
3.913252	5.225998	3.137564
4.008363	3.661462	4.251220
3.299776	3.684963	4.130212
3.201127	4.360125	8.839774
3.696938	5.131052	2.847342
3.688138	6.041903	8.308959
3.890028	3.977015	8.291252
3.858730	5.534728	8.847334
4.365547	4.898587	8.399094
5.248874	5.379672	5.819149
4.379595	4.895533	8.876669
4.547116	6.461733	7.352703
4.420075	4.918631	9.174540
4.252452	6.024294	3.729154
3.288528	3.959892	3.441466
5.247556	5.890764	5.355958
4.208555	5.426246	9.097647
3.653203	5.219407	8.942644
4.050628	4.022781	4.386191
4.229624	4.834863	3.021633
3.577234	3.536403	6.726236
4.679264	5.268087	8.399628
4.334475	6.680843	4.410476
3.401103	5.676790	4.581279
4.583704	5.131672	3.485769
2.919408	3.064340	6.097278
4.218854	5.256336	8.878536
2.624605	3.307353	6.254581
3.320999	5.352643	7.856294
5.061138	5.280271	7.445921
3.815470	5.378974	3.381502
3.540985	4.745512	8.581760
3.570225	4.814483	3.243281
4.846731	5.958402	7.934484
3.994488	4.679234	8.882591
3.017044	3.453705	5.083691
4.170341	5.963808	8.608374
3.676200	5.383715	8.871156
3.357379	5.563797	4.018588
3.232888	3.338166	6.330831
4.374440	5.614904	2.865386
4.817472	5.305756	3.683743
4.509255	6.484124	4.164034
3.951465	5.919451	4.418239
3.553509	5.576775	3.703872
4.682535	5.425638	8.414316
4.161142	4.493581	3.142044
4.049630	6.000641	4.790341
4.082903	4.959388	3.189644
4.318231	6.702107	7.480368
4.352405	5.952063	8.202311
4.182915	4.865893	2.934939
3.808042	5.407550	3.161453
4.429087	3.772518	5.601573
5.148953	6.763260	4.968213
5.376703	4.993640	5.593718
3.568581	4.456363	8.946582
4.320101	5.589987	8.745507
2.803277	3.910866	6.854642
4.723568	6.051732	3.860656
4.118804	4.106295	8.472926
4.004775	5.441918	8.902229
4.113552	4.940776	2.852959
2.838404	3.277207	6.062960
3.628040	5.624579	6.994463
4.631230	6.346331	8.055083
3.047207	5.018567	7.317129
3.819521	5.159951	3.167661
4.548837	6.684752	4.813430
3.947236	5.102549	3.192920
2.902829	3.391783	4.529644
3.820459	3.994830	8.386458
4.303420	6.348732	7.997479
4.676641	6.860971	5.312021
3.918383	5.042595	9.118922
4.362886	4.555792	2.855637
2.834614	5.152145	5.485948
4.255463	4.516123	3.000138
3.543252	4.424066	3.315410
4.839235	5.630702	7.750738
4.988118	4.815824	6.348787
4.134991	5.206974	3.147200
4.064855	5.173409	9.076067
4.550053	5.066159	3.380578
4.380694	5.108241	8.692036
4.880194	5.021996	3.996811
4.329477	6.580412	5.207375
4.415125	4.978751	3.055243
5.140455	5.701759	4.608783
3.543042	3.600184	4.277037
4.593266	5.343921	8.497942
3.177103	5.440738	6.868797
3.325058	3.518068	7.344000
3.765065	4.773257	2.997820
3.563330	4.565140	8.902217
4.113357	5.080317	9.036428
2.668807	3.894289	5.557288
3.781364	4.830455	3.001348
4.113223	4.885316	9.030792
4.236535	4.803672	2.936113
5.027019	4.884218	4.687832
2.745506	4.229494	6.867261
4.647614	4.521446	3.695379
3.141801	5.006024	6.264111
3.133583	5.054460	4.102613
4.325724	6.406176	3.940915
4.020391	3.640695	6.142025
3.787121	4.642754	3.378968
3.824844	4.862030	8.823096
2.769926	3.837685	5.119561
3.569790	5.919092	6.932886
4.244811	5.526985	8.437241
3.864636	4.615729	3.154446
4.911238	4.658633	3.838064
4.441571	5.822804	3.416924
4.301193	3.999817	4.353159
2.968629	4.331347	7.838567
3.062270	3.820100	3.993835
3.962613	6.320886	4.508192
4.350877	6.225906	8.451519
4.744226	4.684889	8.210076
4.767728	6.365541	4.053186
4.109611	3.975517	3.997925
5.005069	6.093700	7.583979
3.751267	4.800312	8.842250
2.969901	3.312693	6.825716
3.962545	4.484386	3.136730
5.145675	5.008063	4.714778
3.976946	4.955743	8.837390
4.735051	6.000797	3.531312
4.928657	5.087669	3.762055
4.364368	6.011938	3.473772
4.613565	5.361485	3.064983
4.811451	4.723667	7.975394
3.772913	4.178647	3.603627
4.511718	6.184144	7.892655
4.085050	4.565558	3.007628
4.916439	7.007420	5.594153
3.504003	5.551052	7.673861
3.913692	4.894097	8.935444
2.880844	3.475788	5.554012
3.474007	4.779169	3.644350
3.999986	4.996944	2.968904
3.667341	3.433473	7.113110
4.631498	4.660584	4.632178
3.184321	5.521004	6.044371
4.156798	4.055601	3.791525
3.457246	4.406869	3.329346
4.845108	5.001576	4.214771
4.239561	5.029199	3.036327
3.076409	4.361961	6.445919
4.235997	5.258373	3.026580
3.451317	5.627870	7.964634
3.445747	3.213296	5.127945
4.466660	5.817606	8.321189
5.364565	6.258345	5.606237
3.288456	3.418296	7.290955
4.292235	4.688698	3.975421
5.423813	5.813486	6.491845
4.879939	4.615721	4.642717
5.072413	6.355165	4.421075
3.830484	4.739092	3.135264
3.957690	5.223014	3.275159
3.302251	4.372149	3.454688
3.946148	4.823905	3.300942
3.807188	5.515669	8.647838
3.085907	4.989430	7.727270
3.101035	5.409262	5.510014
4.148377	5.283338	3.014869
4.064175	4.968291	3.021865
4.333209	5.580555	2.960551
4.797436	5.850662	3.731414
4.452298	4.174511	6.941398
3.465370	5.195397	8.496196
3.795382	4.030041	8.960176
4.483727	5.299544	8.918903
4.901882	4.880400	5.161591
3.981273	5.076369	2.991364
3.134743	5.658947	5.828801
4.486418	5.982163	8.690861
5.221385	5.789204	6.873901
4.100765	5.091153	8.993148
3.892461	4.931234	3.219981
4.574761	6.668358	7.565366
3.435085	5.614421	8.198598
3.445657	3.483186	4.595594
4.298465	4.207767	3.608982
3.802791	3.239215	6.025483
3.747246	4.560711	8.752253
2.957585	3.955090	7.816536
4.175861	4.972042	3.004704
4.142217	6.571560	6.828927
4.283680	4.873473	2.888996
4.148871	6.781008	6.769206
4.207831	5.745379	3.458818
3.956705	4.897066	8.981571
3.379573	4.370467	3.509839
3.267216	3.932479	3.144471
3.375996	3.067701	6.739426
4.968939	5.389169	7.503712
4.858496	6.098067	7.915706
4.145187	5.022995	2.928314
4.666752	4.667133	3.396898
4.646963	6.110266	8.193356
4.082294	4.505018	8.720183
4.043717	5.797196	3.544284
3.510183	5.529016	4.059566
3.862452	3.264235	5.652512
3.137184	3.563890	4.243004
3.941216	4.228338	3.508104
3.981085	5.793588	3.846032
2.821007	4.772110	3.968495
3.142806	5.215298	4.638768
3.801667	6.019764	5.298374
4.039695	5.423636	3.212833
3.171254	3.553095	5.349989
4.695108	6.592067	4.173846
4.427987	6.020445	3.420301
3.808060	6.168440	7.988657
4.110870	4.602722	3.108576
4.472127	4.107824	5.467370
3.043575	3.264890	6.675938
4.525086	6.092445	3.445304
2.854682	4.899351	4.648123
5.230651	6.538873	6.421273
4.245499	4.467534	7.761850
3.786902	5.137886	8.757524
4.428927	5.835531	3.236752
3.414144	4.252208	3.624169
4.187102	3.786790	7.738289
3.762026	3.640329	7.543902
3.487290	3.671170	7.861556
4.155129	4.419511	8.998990
3.784253	4.268190	9.222528
4.986506	5.728799	4.091333
3.267117	3.978638	8.171056
5.099261	6.140839	6.607598
4.059362	4.348509	8.589676
5.145410	6.236524	7.535279
4.648317	4.351961	6.544516
4.167105	5.134080	3.128774
3.532931	3.980359	8.228128
4.020876	5.031645	2.949720
3.520966	5.048288	8.788522
5.084670	5.319044	6.891151
3.569453	4.011624	3.570450
4.096730	5.817304	8.438465
3.239452	5.632426	5.229195
4.295316	5.531367	3.047557
3.440365	4.793869	8.379888
4.001587	4.293359	2.937181
4.819166	6.207571	7.901005
4.020694	5.054831	8.989544
4.958820	4.707775	5.796990
3.973411	3.874815	7.597902
4.783421	5.166708	7.913461
5.006213	6.775895	5.610336
2.951426	4.578608	7.208955
4.023488	4.993867	9.023278
4.001850	4.704312	3.188420
2.796709	4.190419	7.238686
3.469972	4.243583	8.539007
3.684093	5.648216	8.183235
4.058508	4.773267	8.581256
3.679029	5.945495	5.051583
3.660843	3.456981	6.826028
3.952236	5.033299	2.939719
3.877732	4.850502	3.128731
4.036737	4.816980	8.826970
4.712474	6.964671	6.023072
3.408067	3.572796	3.930130
4.676582	3.970196	5.866122
4.340009	4.304254	8.252937
3.038737	4.225794	4.333774
4.558098	6.786445	5.755392
3.759056	3.552900	4.754142
3.241860	3.498052	7.580594
3.357848	5.150808	8.296233
4.280285	4.922204	8.743207
5.188039	4.985566	5.221328
3.868483	3.989816	3.573538
3.227470	5.419528	4.782443
3.981850	5.309621	3.355855
4.850702	5.268802	3.970781
4.091616	6.557907	4.761469
5.227971	5.807402	4.672747
