4.700333	4.774302	7.933657
4.271423	5.205195	8.886590
4.172566	3.471900	5.468131
3.208215	5.627664	6.686384
3.430107	4.574673	3.213951
5.249439	6.344755	6.056182
3.354338	5.642649	7.423147
5.223497	6.386188	6.929746
2.671551	5.171561	5.283561
3.364327	4.086310	8.294556
4.637292	5.560060	8.712761
4.364642	5.183463	3.179415
4.523746	4.471908	4.309856
5.091065	5.935146	8.224211
3.866744	4.010327	3.978728
4.018886	5.201550	2.798638
4.536602	6.732319	6.808097
4.570274	6.196793	7.984028
4.097590	5.290224	9.023590
5.001189	4.598198	6.515550
3.459096	5.309799	8.652291
4.895028	5.651404	8.037155
3.911030	5.008672	3.049610
3.736678	4.455299	8.839806
3.014264	5.200393	5.006542
2.996802	5.530985	6.109375
5.031670	5.867630	7.376137
3.687384	5.038636	8.808963
3.970213	6.443765	6.092439
3.235336	4.575767	3.398521
4.762164	6.896804	6.452471
3.779623	5.465477	8.930862
3.212841	4.929365	8.300814
4.130753	3.839481	5.003628
3.140652	3.622109	7.798605
3.627753	4.492515	3.128177
4.375718	6.695124	5.804350
4.607405	4.351567	5.528374
3.454628	5.109244	4.035158
3.987193	5.039230	2.903358
4.505267	5.959904	8.729710
4.181493	5.160238	3.017044
4.928485	6.224547	3.957216
3.755724	4.258977	8.516028
3.091931	4.634241	8.373788
3.474793	3.769691	8.216294
4.724556	6.592454	7.507939
4.097949	3.913357	7.868079
3.762974	4.700267	8.969049
4.642235	4.784453	3.813795
2.966533	3.570584	7.400289
3.086466	4.427334	8.064692
3.946142	5.506587	8.856250
4.117363	5.101104	3.128640
3.912871	4.751072	9.018812
4.273654	5.665534	3.026988
4.764430	6.351974	7.438554
4.780596	5.161890	7.881333
3.735043	3.536007	7.410158
4.762954	4.519990	7.041337
3.992205	4.752977	3.072794
4.453576	5.851112	8.573696
4.858195	5.090400	3.558556
3.167989	5.135764	8.189141
3.746938	4.187073	8.559365
3.834589	5.194585	8.875960
3.622432	5.652955	3.614826
3.873794	5.031988	9.046781
5.333861	6.326793	5.815989
3.694656	5.832412	4.723834
3.230036	5.255878	7.240200
2.827794	3.494145	6.745532
4.759649	5.015022	8.423555
2.764302	3.930584	6.055015
4.242099	4.890522	2.914523
3.235881	4.616794	3.903249
2.816788	4.838554	4.750449
4.356170	5.018409	8.800812
3.989058	5.231258	3.095710
5.093878	5.290081	6.900422
4.320386	5.769867	3.516996
3.340745	4.286010	3.561312
3.943977	5.014339	8.987086
3.713341	4.746024	9.083830
4.356720	5.455606	3.007258
4.185489	4.320367	8.605711
5.223134	6.515449	5.735424
4.509199	5.342435	3.777067
4.280151	4.320364	3.921308
3.958214	5.117425	9.079866
5.235250	6.094423	7.479108
4.033951	4.595735	3.035873
3.232534	5.576733	5.527719
3.798268	3.800221	3.997041
4.757993	6.205916	3.620294
4.085948	5.355436	3.252138
2.981791	4.411552	5.039306
4.571360	6.107511	8.512027
4.513052	4.128230	4.516774
4.538701	6.155947	8.241056
4.592291	4.665767	8.078991
4.045711	4.274052	3.094387
4.203861	5.301015	8.824740
3.180255	3.398779	6.707595
4.810412	5.928819	8.161098
3.986989	5.330813	8.928461
2.925621	3.745562	4.740525
3.447160	6.084451	6.830102
4.142957	4.404976	8.844697
4.025309	3.661163	7.241792
5.015862	5.290969	7.620209
3.449365	3.336326	4.966006
3.715392	5.818269	7.382388
3.025360	3.912462	7.724722
4.034793	5.019331	9.098501
2.702634	4.351666	7.174018
3.428835	5.567968	4.853039
2.944307	4.712003	6.161080
4.962668	4.781912	4.492472
3.995006	5.789381	3.278938
4.523259	5.200223	3.090457
4.027217	4.882579	3.080235
3.978699	4.977345	9.107324
4.640859	5.308573	3.228822
4.352817	3.880176	5.469073
2.658055	4.043758	7.720108
2.654694	3.482360	6.189322
3.673406	5.121754	3.148225
4.989133	6.780881	5.809840
4.845187	4.857451	5.154455
3.420586	3.368111	4.385890
3.107173	4.306658	3.838382
4.272586	6.514316	7.456055
3.698006	3.573666	7.632978
2.917812	4.790874	7.143277
4.718090	4.220317	7.470137
3.862168	4.887223	2.990931
3.684233	4.708994	3.152535
3.688045	5.929555	4.908804
3.441461	5.236274	8.610634
4.743502	6.257573	4.304790
3.921131	4.105976	3.596868
3.167827	4.601314	3.486592
4.369888	5.079678	8.744375
5.127425	6.465433	5.137168
5.026661	6.424490	5.265238
2.881225	3.731622	4.390616
4.126163	4.716489	8.906249
3.236061	3.213435	5.519252
4.023424	5.004439	2.875415
4.226055	4.592792	3.236658
4.015566	4.995250	2.983239
4.384605	3.987856	5.955754
4.619413	6.308640	4.132253
3.088612	4.876450	3.551382
3.964310	5.018674	9.012253
2.955177	3.243673	5.656723
3.797579	3.601273	4.991877
3.796124	4.746325	3.007793
3.831403	5.001374	3.056904
3.966419	5.021563	2.993677
4.028264	3.767182	4.291125
3.644068	6.356534	7.055274
4.018534	4.780080	3.160234
4.056238	5.815236	3.578505
3.505717	3.162007	5.553008
3.436903	3.365937	7.353749
4.590605	5.185709	8.543531
3.407188	4.266059	3.211378
4.819415	4.548801	5.341888
3.517448	5.072448	3.473115
3.820800	5.163815	3.329505
3.158027	4.013685	3.962523
3.910705	5.226615	3.138589
5.105552	5.516405	4.049347
4.511092	4.175030	7.671187
3.059619	4.790777	7.852045
3.747878	4.797826	8.913841
5.022941	5.710164	8.051731
3.938165	5.136286	2.866901
3.333942	5.053254	8.459170
4.999360	6.764710	6.279326
4.151221	4.437110	8.700738
4.059096	3.981664	8.097208
3.103578	5.232348	6.622614
4.098899	5.536453	3.007437
3.679579	5.032961	8.928311
3.132637	3.165281	6.643508
4.104435	6.318413	8.000997
5.379372	6.111315	6.466572
4.880968	6.771390	5.179861
3.508116	5.466383	8.074529
3.846104	6.211942	5.773472
4.132185	4.091514	3.909818
4.052425	6.009849	8.374047
5.088284	5.044151	5.720799
4.115249	5.777589	8.682595
4.750748	5.814866	8.424484
3.572340	4.973380	8.801598
3.550409	3.557620	8.348144
3.860595	5.113071	2.849718
4.677242	5.586079	8.273901
3.621847	3.931574	3.478400
4.188567	4.952459	8.967065
2.745561	3.428842	6.439861
4.123548	5.039926	2.925043
3.572100	4.414507	3.192473
3.756938	4.339065	8.969477
4.092714	5.403773	9.078466
4.447296	6.015941	8.259374
3.880343	6.338283	5.088703
3.949942	4.842774	8.919272
4.518611	6.683176	7.484216
4.624430	6.525584	7.908872
3.061339	5.325431	4.335080
3.185127	3.502875	7.143318
4.350463	5.039662	8.739152
3.486203	5.575080	8.532173
3.469894	6.017486	5.670072
3.709468	4.696020	8.855854
3.365050	4.727368	8.638734
3.386456	5.441761	8.246684
4.025782	4.318134	8.617281
2.938370	3.457332	4.965041
3.653338	3.834371	8.115262
2.875294	4.467402	4.283607
4.439630	5.851802	3.163022
4.089980	5.130091	8.926089
3.923241	5.062314	8.920745
3.286100	3.801265	8.027885
3.700320	3.364662	4.971874
4.404043	4.868426	3.280781
3.862418	5.042378	9.003910
3.584230	4.029507	8.582506
4.176552	5.553883	8.933622
2.649299	3.857805	4.965952
3.898815	3.513606	5.652259
3.826834	4.777787	9.005974
4.025981	6.484295	5.858165
4.903029	4.614250	5.588764
3.972137	6.474266	5.118761
4.101239	4.995956	9.095686
4.311810	6.668852	6.388951
3.408700	4.540276	8.630855
4.694722	5.315518	3.197495
2.728567	4.232155	5.057742
5.160305	5.150409	5.116140
2.898078	5.057727	5.907990
5.035557	6.590102	7.434654
4.447663	4.378122	3.541385
4.373154	4.797597	8.618417
4.991075	4.983619	6.467738
4.477432	6.466502	7.981391
3.464315	5.065904	3.281775
4.387928	5.605767	3.144012
3.770433	3.456955	6.026690
2.679321	4.009852	6.571216
3.963622	5.209465	8.971538
4.016856	4.472167	8.876365
5.133161	6.352217	6.955541
3.912202	5.156498	2.995427
3.899282	5.622626	3.255414
4.136862	5.127975	2.973543
3.833378	5.016041	3.129894
3.677064	6.038204	6.462353
3.630215	4.691311	8.569905
4.388227	4.264523	8.129018
3.652516	4.481704	8.764657
3.263306	5.821420	6.346611
4.447424	5.159528	8.813371
3.379828	3.135238	6.011323
4.216270	5.389949	3.100021
5.278968	5.773276	5.879984
3.359116	3.218535	4.789122
4.048509	3.654625	6.673886
4.083134	5.064181	9.063168
4.682935	5.246901	3.471030
4.029388	6.464813	6.949375
2.714550	4.323777	6.608850
5.009875	5.911866	4.058865
3.060211	3.361421	7.186728
3.039964	3.454908	4.722707
4.224829	5.890680	3.322292
3.092193	4.357416	8.241645
4.375345	3.887551	7.448337
3.644219	5.611329	3.833872
3.635514	4.492636	9.021616
3.772553	4.842550	2.958910
4.569593	3.929229	6.549937
4.634837	5.967031	3.669835
2.752452	4.305200	6.562163
3.971418	4.379255	3.361380
3.837309	5.738691	3.606978
3.320778	3.793326	4.034050
4.125859	5.417829	3.068231
5.460879	5.769690	5.186857
3.781134	5.009146	2.978666
3.106182	4.964359	7.295590
3.435566	3.587669	3.840041
4.694170	4.911854	3.623239
4.032986	5.686120	3.221919
2.760762	4.309284	7.854324
4.454954	4.169888	6.766229
5.292198	5.521771	5.343383
4.034868	5.975168	8.406018
4.049503	3.381959	5.982708
2.887559	3.175636	5.507034
4.763962	4.056502	6.145439
4.090971	4.834053	8.996810
3.154398	4.155144	3.747035
3.603477	3.944490	3.859792
4.932785	5.490808	3.702691
4.116699	4.778673	2.940535
4.049515	6.148339	4.086023
4.590531	4.673105	8.354088
4.231973	6.054149	3.628992
4.370638	4.652002	3.191224
4.300713	5.519022	2.929742
4.571398	4.601016	3.778263
3.940713	6.377220	4.547196
2.897256	3.991593	5.672728
4.474042	4.272832	7.947421
3.945389	4.940801	3.170062
4.426619	5.699705	8.689964
4.939075	4.686046	7.451102
4.586880	5.558613	8.621108
3.827963	6.092585	4.592273
4.296080	6.379400	6.881413
3.515166	3.461307	7.793611
4.563020	5.333462	3.344747
3.824320	5.042943	9.090452
4.043227	4.332014	3.521819
2.770745	3.432479	6.170098
5.160275	5.132291	4.613443
4.165113	4.751110	2.881255
3.801938	4.748200	3.011647
3.789573	4.977035	3.139719
4.061216	3.735677	7.806170
3.005845	3.295594	6.202504
4.567127	5.704554	3.619933
4.053033	4.083401	3.628138
3.610958	5.676750	8.401173
4.170996	4.973181	8.893594
3.316751	4.928988	8.808886
3.028350	3.950064	7.218885
3.667785	4.082977	3.490625
4.249326	5.941513	3.564537
3.691058	6.324432	6.262933
5.176677	6.168760	7.508656
5.009627	5.280903	5.786963
4.294804	6.260213	4.008285
3.215603	4.087133	8.090397
3.939750	4.927161	2.880783
5.054748	6.495669	5.747029
3.873667	5.226168	2.948223
2.839421	4.437538	7.149011
4.828300	5.157678	4.045221
3.901301	4.574409	2.980693
4.038504	5.046208	9.126593
3.283293	3.577722	7.668234
3.952348	5.491847	3.327535
4.973373	6.883520	5.727446
2.963562	3.525433	4.369042
3.900958	5.016166	3.149153
2.678780	3.662218	5.402825
3.055710	4.025909	8.286164
3.298427	5.065937	7.574143
4.527859	6.227585	3.773383
3.459568	4.383449	8.708689
4.762398	6.639582	6.868977
3.328014	3.717027	7.704016
3.823497	6.288274	7.476637
4.135946	3.779862	7.130262
5.249517	5.915983	4.564199
4.444800	6.640893	3.923500
4.767223	6.700331	5.110108
4.090151	4.991241	2.981029
3.887979	4.860221	8.940552
3.103644	4.773644	3.832791
3.857020	5.605642	8.413422
3.480852	4.166178	8.497640
2.887637	4.335944	5.453839
5.299684	6.264647	6.977056
3.683163	4.832163	3.013685
5.074228	5.582739	3.952709
4.479958	4.493815	3.710840
5.275455	5.781302	7.080531
5.006917	6.622131	6.878083
3.766953	5.790017	4.086453
4.754725	4.828189	4.103253
4.190430	5.170759	8.918617
2.708988	4.127043	5.485374
4.507544	4.331418	4.939859
2.857209	4.719155	5.484855
3.515730	5.810166	4.263182
4.216096	5.484847	8.897143
3.092382	5.011676	4.374718
3.999627	4.732650	3.110668
4.824791	6.779842	4.527799
4.084285	4.930524	3.006632
4.595934	4.545017	4.768510
4.017422	5.076886	3.039782
4.541035	4.972601	3.105660
4.423982	5.153737	8.944648
4.183830	4.763669	8.907513
4.450936	4.256489	4.923577
3.805084	4.215814	3.219469
4.384752	5.304532	8.798147
5.223498	6.578115	6.434996
5.191618	5.579119	7.662033
3.965119	4.384565	3.104288
5.025790	5.718374	3.685728
3.882027	5.891976	7.764584
5.209229	5.615934	6.285381
3.315759	5.704640	4.645703
3.854018	5.198648	8.586133
4.280093	5.381480	8.963979
4.415756	4.457753	8.275269
5.124486	6.024425	4.559651
4.267984	5.027521	3.185789
5.231426	5.296892	6.415704
4.164414	6.543765	4.684888
4.331921	4.578243	8.635865
3.387648	4.325595	8.550321
3.792990	4.173099	3.116577
3.978842	3.620916	6.828792
2.934964	4.055400	3.879418
3.410115	4.146981	3.546480
3.252416	4.009222	3.529059
3.134498	5.340893	3.969074
3.493546	5.345986	3.501700
3.129576	4.166188	3.495917
4.121715	5.470537	3.296473
5.445798	5.972190	5.629054
3.955268	4.460103	8.888391
3.983773	5.180837	8.965065
3.850313	5.014169	3.036115
3.997767	4.932936	3.207386
4.181767	4.980716	9.005506
4.081782	6.482942	7.296323
3.754551	5.230581	9.147875
5.327095	5.880904	6.423124
4.087410	5.095188	3.118412
2.909661	4.698013	4.581123
3.547185	4.467214	3.160419
3.711999	5.463424	8.777087
4.003628	5.069297	8.884157
4.690389	5.013285	3.147332
4.994851	4.952236	6.872115
3.639559	3.614762	5.581929
3.992290	3.524573	6.037094
5.316082	5.622118	7.024416
4.290190	6.602897	5.595333
4.584977	6.855727	6.210593
4.134789	5.097729	8.902598
2.661930	4.978377	6.622451
4.898661	6.063095	7.899968
5.163466	6.264304	5.080848
4.119122	5.567102	8.623567
4.801802	5.002734	7.931080
4.615695	6.040007	8.234504
3.920019	5.734990	8.672894
3.567840	5.616407	7.876037
4.099296	4.866293	8.828059
4.313376	6.052345	3.699835
4.503868	6.898539	5.134957
4.815094	5.843543	3.835267
3.826057	5.069824	3.081176
3.079159	3.795841	4.386939
2.650644	4.384870	6.114228
4.805201	4.610891	4.220171
4.102585	4.939744	3.024820
4.263494	3.875279	4.335262
4.317601	6.295395	7.961696
3.648590	4.216890	8.612395
2.969384	3.806941	7.318563
4.756269	6.556371	4.577907
3.574895	3.522512	4.436559
3.269860	3.297175	6.687018
4.962652	5.575461	4.693250
3.955750	4.855702	9.090756
3.834059	4.747390	8.816034
2.694305	4.000154	6.145316
4.077587	5.045691	3.004573
4.797698	5.590605	8.487306
3.337456	5.678223	6.766408
4.088597	5.244945	3.070014
3.563427	4.729823	3.346891
4.581397	6.327838	8.010824
4.979168	6.157983	4.000921
4.392912	6.621205	4.596609
4.065169	4.916479	2.923705
5.006820	6.433078	4.619578
3.369226	4.234060	8.400882
4.221691	4.919307	8.755202
3.720253	5.245835	8.918648
3.238199	5.356518	7.615616
4.625522	5.037891	8.362509
3.360201	3.134150	6.191230
3.841309	3.515984	4.383058
