3.983212	6.260370	4.669460
2.991409	4.256150	4.786699
4.350871	4.389841	3.633056
3.907392	5.642033	8.526969
5.189207	6.397869	5.804329
4.083248	4.622380	2.718201
4.201507	5.694400	9.049733
4.155375	5.998514	8.668733
3.909114	4.262013	8.760759
5.007763	4.568811	8.035832
3.585618	4.758258	8.838644
4.734551	6.029906	3.453597
4.544821	5.243809	8.860839
4.160182	4.478599	3.313633
4.915147	5.032281	4.594434
4.256190	4.132698	8.086667
3.505437	5.102003	8.784944
3.657745	4.912548	3.036454
4.046294	6.243523	4.320330
4.805038	5.173004	8.312211
3.467461	6.083485	5.920749
4.927149	4.751283	6.756544
2.836980	4.840583	5.123230
3.737373	6.315123	8.467513
3.517390	4.457888	3.308035
5.246347	6.168201	5.773855
4.273052	4.286236	8.583847
3.893738	5.984656	3.815662
3.335412	3.806945	8.173774
3.496177	4.680575	3.114795
3.880300	3.956895	8.213839
4.368293	3.961240	4.226429
2.803792	4.802842	5.624304
4.106671	4.854363	2.886948
3.877177	5.530897	8.661055
3.602871	3.430470	4.523191
3.199184	3.365058	7.118345
3.723293	5.102260	3.356734
4.078583	6.550065	5.268686
4.853979	6.432344	7.731768
3.513679	3.892912	8.699080
3.717363	5.846001	7.729135
2.742112	5.292844	6.094328
4.082048	3.600495	7.225828
3.703133	5.472541	3.134194
4.190557	4.586653	3.357926
4.844596	5.213550	8.096472
3.371343	3.386602	4.099668
3.733507	4.805255	3.259047
4.765712	6.780975	5.924380
4.810445	4.875912	3.760311
2.823955	3.644611	4.730731
3.925458	3.708164	3.927766
3.911257	4.514092	8.974806
5.120378	5.856318	3.890268
3.325323	4.393067	3.438564
3.978814	5.298036	2.721528
4.944881	4.959263	7.054586
4.765681	5.249047	4.291008
4.836063	6.424990	4.440478
5.087340	6.550056	6.837610
4.873204	4.917262	3.740385
3.931960	4.877797	3.072541
2.649650	3.893091	6.066211
3.948265	5.217793	9.117409
4.153547	6.503307	6.888943
4.025377	5.491943	3.098221
3.350152	4.530819	3.828634
2.975409	3.260182	6.072481
5.204268	5.790749	5.230254
4.210588	4.334437	3.289267
4.351323	5.896406	8.859467
4.773001	6.485972	7.331710
5.220622	5.888866	5.010187
3.153857	3.426280	4.489656
4.891255	6.773362	5.526306
5.008703	6.045429	4.661388
3.887613	3.548543	5.513278
4.108168	4.964334	9.037633
3.189691	4.302835	7.816720
3.400868	5.382662	4.418050
4.373102	5.255206	3.188493
2.624876	3.497235	6.480538
4.753440	5.561011	8.722261
4.045714	4.978226	3.068376
4.204619	5.027750	2.953665
3.967972	5.338725	9.051665
3.259457	4.803480	8.197136
4.399615	5.382112	9.124028
3.708402	5.001782	9.133224
3.787958	5.054387	2.882959
3.704735	5.959567	6.323422
4.610020	5.744985	8.865112
3.932323	6.722164	5.833359
2.696129	4.569005	6.653731
3.730616	3.329351	5.268512
3.381966	5.694693	7.987446
4.151917	5.297349	3.062514
4.197276	5.312603	8.964508
3.673850	3.564040	4.383218
3.752312	3.772149	8.279876
4.444810	5.267046	8.566860
3.574474	4.990768	8.838388
3.855063	4.714827	3.019279
2.774581	4.159993	5.564219
3.250466	4.275420	3.404069
4.245453	5.640995	3.043338
4.832495	6.328217	4.266907
2.841021	3.498072	7.707003
4.365636	4.520092	8.988658
4.989649	6.545343	6.314044
4.325378	3.759006	7.112422
3.167119	3.163414	5.516902
3.938689	4.598146	3.257704
2.958110	4.576892	7.049836
3.730904	5.131420	2.946174
3.164496	4.519053	3.829473
3.062251	4.832122	6.229257
4.292479	6.811073	7.071893
3.777514	5.204474	8.963638
3.186780	5.564828	4.519232
4.769690	5.115713	8.562568
4.742165	4.340659	4.750478
4.362602	4.886155	2.955298
3.933119	4.370389	9.121529
4.487594	4.062953	7.128080
3.979125	4.203084	8.534181
4.641672	4.758490	3.826218
3.107036	5.688832	5.564246
2.841213	3.570958	4.964684
4.387173	3.705113	6.582300
4.160045	4.848851	8.825195
2.672268	4.330148	5.473121
4.252980	4.862243	2.970187
4.679158	4.133759	6.210747
4.631091	6.319495	3.747576
4.504284	5.427274	3.061857
3.989509	4.876343	8.850650
5.004230	4.803986	5.251108
3.500458	4.177362	3.252209
3.928964	5.064160	8.992386
4.877897	5.724282	3.602750
5.156153	6.328126	8.006665
3.006573	3.859218	3.919395
3.290994	5.467342	4.300180
3.292540	4.484369	4.026421
3.922290	6.460554	5.234791
3.864783	4.089352	3.524387
4.159527	4.574959	8.991251
4.578861	6.248696	4.145185
5.164377	5.277456	5.031202
4.045546	5.234374	3.211583
3.115347	3.573739	7.212430
4.525449	5.012832	8.989012
3.736950	4.650969	8.469178
4.553033	5.162304	3.098645
5.131605	5.498471	4.839422
3.281237	3.283008	6.745819
3.766033	6.159492	4.208011
4.769349	6.063619	7.918377
5.132566	4.868065	6.326529
3.933715	4.373874	8.615282
3.999436	5.011353	9.113909
4.290523	4.409974	3.995743
5.711462	6.070603	5.320727
4.188838	5.008890	8.991877
4.510242	6.164974	8.328245
4.794142	6.868613	5.117669
4.294275	3.840244	6.053563
3.508794	3.227377	7.281433
4.032943	4.645240	9.057272
5.030528	5.869082	7.874303
4.799170	5.950675	3.732029
4.035834	5.180695	3.079493
4.186431	3.732160	5.371144
4.445324	4.931234	2.864878
3.291128	5.107685	3.871335
4.037317	5.185550	3.119233
3.561714	3.969801	3.820979
2.963606	5.216115	7.066887
5.173790	6.084724	6.984604
4.055084	4.821678	2.857899
3.821427	4.903590	2.942726
4.783006	5.670187	3.416944
3.477749	4.693045	8.450031
4.038420	4.270976	3.155540
3.900694	4.781211	3.119593
4.191585	4.895297	8.710281
4.249309	3.720184	4.810171
3.442674	3.506028	4.813286
3.952893	6.426546	7.890403
3.974336	5.074515	9.045635
4.325642	4.169493	7.033253
3.936188	5.118842	3.018381
4.548020	6.804008	5.579887
4.514579	4.796553	4.686721
4.272850	5.467955	9.129254
3.980781	5.183144	3.168733
4.481279	6.152698	7.544287
4.288424	4.926054	8.993740
3.431180	5.363441	8.105418
4.266608	6.110404	8.463037
3.723660	4.238099	8.717893
5.289061	6.534275	5.666546
4.992587	4.999609	7.701091
2.902948	4.390388	4.795990
4.330870	5.812777	8.607207
2.975373	3.971422	8.501941
3.423192	5.014995	3.613341
4.454129	6.537765	6.296314
4.036159	4.916015	3.004905
2.881861	4.243284	8.242373
2.856013	3.355243	6.039793
3.751935	4.074218	8.194414
3.066486	3.427512	7.900213
3.226614	3.999208	8.262764
5.266709	5.659852	6.309748
4.099833	5.252177	8.844773
4.645214	6.650162	4.988848
3.910419	5.228450	3.111049
4.089221	5.190564	2.909856
3.360787	3.705338	3.772464
3.508864	3.146765	6.613969
3.793877	4.862890	2.947024
4.177695	5.949811	3.696635
4.571285	6.494612	5.455852
4.663601	6.801867	7.205196
3.014777	3.826704	7.946485
4.081472	5.021972	9.073461
5.429835	6.329106	5.276535
3.353961	3.640537	7.676515
5.053682	5.242189	5.577601
2.668187	3.898904	6.676735
3.786665	4.510875	3.078679
2.840848	4.787336	6.602320
3.306838	5.245138	4.385934
3.857889	4.222741	2.808117
3.220857	4.946130	3.259637
3.614493	4.833650	3.066165
4.824324	5.666857	8.437217
4.829956	6.801651	6.205757
3.739637	6.331175	7.212415
3.785563	5.210521	9.338736
4.286911	4.414105	8.458673
5.415514	6.156007	5.110548
3.108639	3.660290	4.353548
4.184162	5.456355	9.031495
3.942127	5.981024	4.451276
4.096485	4.787992	3.152056
4.030593	5.757449	8.813139
2.962257	4.514202	8.107378
3.595248	4.709336	9.107737
4.750863	4.293492	7.326920
4.185618	5.448359	8.945797
4.273636	4.196788	8.642665
4.396328	4.425760	4.812708
3.388125	5.032015	8.831696
2.748776	4.493045	5.509189
3.420620	5.175509	3.061526
3.898443	4.649254	9.178240
4.180975	5.470303	3.169674
5.301028	6.095891	7.478843
4.853378	6.087127	8.188480
3.707677	5.514674	8.593143
3.793351	6.568168	6.372518
3.295172	5.174726	8.612430
3.017705	4.855977	4.376234
4.256215	3.962200	4.938270
4.867378	6.619395	7.583636
4.611098	4.568975	7.992282
3.864298	4.316235	8.952372
4.221816	5.132851	3.097785
4.232952	5.584401	3.327441
4.991683	5.625726	7.577424
2.856345	4.869477	5.073369
4.725314	4.007728	5.772215
3.798118	5.379317	8.742487
3.177128	4.174328	4.032412
4.586661	4.699747	8.684597
4.175712	4.676474	3.138445
3.716000	5.706002	4.155355
4.080997	4.632182	3.221185
4.029458	5.045150	8.938251
5.042531	6.855981	4.494339
3.609169	4.860706	8.965144
4.140985	5.878531	3.361132
2.942606	3.342117	7.204017
4.430806	4.621518	8.464900
4.023954	4.669122	2.899516
4.469768	4.902860	3.320954
4.291133	5.410059	3.097851
3.222525	5.520046	6.906061
4.862009	4.464364	5.883448
3.549355	4.796314	8.796095
4.329929	3.998291	5.580007
5.122295	5.437347	3.117836
3.812327	6.587842	6.375380
4.195415	4.531527	3.215024
4.587349	4.682887	3.102409
4.299314	4.995838	3.134284
3.018264	4.268614	7.729949
4.203491	5.743645	8.662425
2.790359	3.484331	5.562784
4.963960	5.838636	8.043868
3.843635	5.304091	8.978912
4.033145	5.531054	8.559826
5.052811	5.647654	4.319210
3.271429	4.517075	3.592263
3.515948	3.269996	6.007311
4.714179	6.522463	8.236711
2.982285	3.306631	4.637384
4.717242	4.679609	3.587081
3.969991	5.089774	8.857287
4.480683	6.759363	5.792953
3.217366	5.402823	7.932578
2.780833	4.099148	5.801760
4.144690	5.136839	3.078686
3.804268	4.613174	8.778991
3.950369	5.390586	3.077248
3.655892	3.806141	7.687327
5.126754	5.651260	6.948826
4.671575	6.711805	7.005544
5.044785	6.557964	6.761081
5.087409	5.635657	8.578496
4.719394	6.343674	8.418302
4.009077	5.068441	3.032683
3.002498	3.763608	4.431359
3.869673	5.280503	3.269916
5.124429	5.534863	5.731853
4.660475	6.189753	4.152227
3.952902	6.156628	8.209220
4.990540	6.083249	4.238711
3.687549	3.358915	4.664679
3.411617	5.134983	3.147757
3.171187	5.625866	7.554412
4.595736	6.438664	7.090775
4.190403	4.862398	8.995041
4.147717	6.339688	7.836414
3.458327	3.561861	7.741290
4.060554	3.504132	7.463272
3.701331	4.956830	8.982207
2.896472	4.173654	5.009813
4.344231	6.450337	7.084171
3.272370	4.685084	8.823123
3.454371	5.464339	7.758426
3.408594	4.488636	8.755114
3.355265	5.291056	8.256668
5.332439	6.385761	7.733070
4.412359	5.427352	3.190725
4.384648	5.078218	8.870881
4.638744	4.735072	3.867146
4.013773	5.307864	2.923552
4.103310	4.592907	2.892492
3.360145	4.863352	3.692712
5.299958	6.242022	4.389874
4.449646	5.988349	3.453504
3.257688	4.906373	7.409820
4.496616	5.860192	3.349443
3.263068	4.637376	8.400151
4.614326	4.232687	4.265169
3.837333	4.889607	2.899045
4.071609	4.273988	3.513931
4.077159	4.994959	8.936021
5.092014	6.470346	6.340459
5.400279	5.840706	6.319361
3.221108	5.612315	4.913420
3.918756	3.487066	3.894023
4.739626	6.585134	4.411546
3.830129	5.586736	3.148418
3.400271	5.678314	5.226322
5.429062	6.025567	6.521353
3.734660	5.392248	3.540127
4.355127	4.501804	3.876763
4.225054	5.567345	8.662739
2.902975	3.307476	6.133418
2.817252	4.992381	7.425562
2.781915	3.122316	7.126909
4.369833	3.993392	7.749652
3.629669	4.836442	9.031473
2.914651	4.743884	7.229641
4.419310	6.600782	4.526664
5.229530	5.382980	6.210847
3.633038	3.941507	8.349666
5.278738	5.684019	7.169101
4.259019	5.442522	3.328558
4.620690	4.297485	8.346361
3.824064	5.167833	8.670247
3.440177	4.668225	3.385064
4.882094	5.983760	3.818659
5.185999	5.193446	7.959606
2.949282	3.358194	6.674192
4.871781	5.374045	8.648396
4.109136	6.295724	3.976151
4.399724	5.030427	8.655353
2.626744	4.131718	6.560150
4.338041	4.900798	3.064438
4.844105	5.460685	3.418177
3.480934	6.064217	4.975944
3.682791	5.274447	3.878967
3.874287	4.932518	8.835479
5.115946	6.398713	5.203703
3.622270	5.550014	8.931490
2.774621	3.417796	5.635007
2.934206	3.180899	5.423742
3.458351	5.753598	6.315593
3.969257	4.040919	4.060242
2.852691	4.379034	4.071375
3.653571	4.377824	8.914508
4.404805	4.272776	4.559485
3.715341	4.071665	3.362464
3.008604	4.102975	3.999892
4.639008	5.178488	7.510720
4.742540	4.465965	4.919658
4.466226	6.754938	6.324002
2.945543	3.079828	5.965809
3.002517	4.500173	8.680023
3.434433	4.955741	3.518539
4.971556	5.434800	4.268537
4.354256	5.247220	8.932580
3.712002	3.744276	3.831878
3.545005	5.555724	7.022628
3.811896	3.344670	6.136671
3.971302	5.338801	3.193060
4.070298	5.309248	2.775265
3.857953	4.629363	3.257060
4.202686	5.164341	3.083805
2.908813	3.736860	7.362552
4.775859	4.888589	7.904004
3.254876	5.136015	3.640914
3.011905	3.767807	7.329569
3.995420	3.819186	4.177771
4.444867	6.610965	4.693392
4.384580	3.910580	6.179668
3.967896	3.751624	5.046914
4.584328	6.464145	7.918218
4.014983	4.883243	8.910164
3.638588	5.248147	3.911974
4.672158	5.770157	3.533950
2.976194	4.022408	4.172449
3.590400	4.527432	8.920908
3.973883	5.158547	8.690074
4.337928	5.528370	8.796141
4.391769	5.760755	3.010824
4.765142	5.282853	8.278395
5.177732	5.786148	4.202631
5.094656	5.601148	7.368153
3.525560	5.419223	3.430539
4.847332	4.586662	6.191795
4.106729	5.121223	9.059413
2.917794	4.686519	7.970381
3.605493	4.618979	3.041747
3.530594	3.972831	8.601314
4.315487	4.034763	6.691573
3.834093	3.971848	8.431711
4.710519	4.068148	6.717905
3.966238	5.953366	3.416080
3.665966	5.370988	8.196117
3.813102	5.853178	8.616002
4.146885	4.957323	8.912907
3.372456	4.351683	8.049041
4.706951	6.223814	4.092790
4.783205	5.268848	3.764125
3.375548	5.334635	7.066942
3.976216	5.261081	3.033498
3.587633	5.831855	4.902994
3.898902	5.246055	2.975561
5.123489	4.561806	5.819134
3.494497	6.040722	7.081376
3.075468	5.741995	5.705389
3.920038	3.569463	6.641729
3.140552	4.083186	7.982251
2.937448	4.477130	4.403821
2.806051	3.791248	6.081909
3.704616	5.070283	9.151872
4.049422	6.827034	5.536690
3.138462	5.701519	6.254963
3.398157	4.948864	3.010137
4.598728	4.895810	3.341017
3.804589	3.536154	5.485985
3.894908	5.195590	2.953855
3.703561	5.929681	3.389353
3.041160	5.151315	5.548136
4.167231	6.064471	8.134667
3.005005	5.154395	6.445069
3.999385	5.021525	9.100189
4.096446	5.158928	2.683858
4.323431	5.568022	3.530424
3.913341	3.459183	5.927252
3.557678	6.385346	5.528052
4.307898	4.817149	3.060233
4.014339	6.271883	7.318047
3.433612	4.669416	3.002564
3.866303	5.137556	9.110354
4.313851	4.510553	3.676357
3.524867	3.486307	4.831821
4.069546	5.110152	3.148238
3.670858	3.489716	7.117358
4.743980	5.397174	8.683183
3.454906	4.500552	3.684465
3.512362	3.686874	3.381093
