3.386734	4.748713	3.288279
3.686028	5.352394	3.292005
3.114182	3.479511	7.150092
3.966945	3.737149	7.754145
4.112963	5.663839	8.760735
4.338359	4.797037	8.334540
4.386706	6.133750	4.115833
4.124217	3.927511	8.186963
4.619024	5.719857	8.657718
3.945513	5.141593	8.803175
4.425385	5.450144	8.954445
3.770047	5.059615	8.754553
3.950040	4.533470	3.385294
3.309090	4.259219	8.190517
4.433092	6.122494	8.214584
4.381787	6.111888	3.957911
3.539198	3.429181	4.691193
4.124168	6.376649	7.649264
4.263719	6.684188	6.714167
4.036037	5.007482	9.218658
4.080390	4.529720	8.938411
4.125514	4.824916	8.899601
3.915706	5.958378	3.545211
5.243874	6.012758	6.109624
2.789007	3.466281	6.021288
3.868450	3.943340	8.809622
4.163534	5.452389	3.377910
5.098622	5.296706	6.583566
3.419611	4.068226	8.319041
3.391581	4.816917	3.427031
3.725734	4.277707	8.869085
3.955431	5.107699	9.051906
4.447831	4.250679	7.238626
3.757709	3.938316	3.290967
4.229028	5.653249	3.277887
5.197346	5.389214	6.394118
3.709122	5.262654	8.729213
4.559381	5.183596	8.775866
3.922632	4.946825	9.256102
3.607960	5.575569	8.331339
3.106038	5.433508	6.129890
4.178330	5.177661	8.884796
4.199678	6.552415	6.813202
4.603192	6.549041	8.066233
3.006837	4.684097	3.909387
2.923864	4.998525	7.101729
2.784333	3.620832	7.343727
3.548644	3.355088	7.836943
4.814092	4.446177	7.578261
4.480012	6.797861	5.603951
4.757667	5.307159	8.822372
4.342829	4.520975	2.917562
5.316979	6.508422	6.580642
3.616114	3.783069	3.907030
3.333661	3.258727	5.484526
3.881561	4.773473	3.025298
3.956458	5.999702	4.596141
3.411565	3.676097	3.887657
3.392344	3.087485	6.616252
2.949142	3.229844	6.760161
2.760795	3.827210	5.023868
3.629773	4.482221	8.919465
3.971322	3.986411	8.554948
3.571238	4.484207	3.176187
4.740415	4.841742	5.187480
4.867329	6.616374	5.359990
2.830789	4.779884	8.460079
5.415522	5.562708	6.949910
5.197777	4.870501	5.549793
4.317114	5.008413	9.058823
3.841715	5.079410	8.800681
3.994296	4.108097	3.355352
4.280860	5.387472	3.277766
4.117969	5.134101	3.070289
3.916239	6.084588	3.374134
4.017247	4.934388	3.548174
3.937427	6.438449	7.097418
3.282636	3.691026	7.739586
4.788058	6.697656	4.614182
4.776678	5.066260	8.805774
3.834749	3.825178	3.869339
4.093438	4.581662	3.337906
3.698834	4.202737	8.601714
4.163282	5.071336	8.965183
3.952070	3.602334	4.874095
3.429217	4.997746	9.160258
5.179776	5.528976	4.396873
4.787698	4.588462	4.894997
3.967587	5.359131	9.336263
4.562871	5.339686	8.609186
3.004636	4.995629	4.279076
4.115546	5.309552	8.903239
5.293742	6.226574	6.406823
4.933438	5.116614	7.960005
4.865772	5.261385	3.944027
3.955673	4.274869	3.666291
4.196402	4.563402	8.835718
5.113857	6.554755	5.488542
3.098845	3.748064	7.744600
5.145964	4.933420	6.937718
4.181587	4.941829	3.090680
3.479825	3.872474	8.107070
4.912600	5.608630	3.344528
3.037279	4.405391	8.108990
3.878376	5.519070	8.447404
3.532777	4.342141	9.027586
5.066155	6.172993	4.035411
2.859616	3.604361	7.047517
3.242444	4.733837	8.343871
4.970695	5.400848	3.978232
3.901358	5.186235	2.749054
2.950449	4.987668	8.258183
2.967130	2.958080	5.478203
4.456855	6.447093	4.059030
3.347812	3.393112	4.867293
3.948324	5.927864	4.030676
3.281576	4.200343	8.468767
3.670665	3.644534	8.435933
3.057666	5.645371	4.681966
4.204481	4.764973	3.252885
4.178839	3.880964	7.292175
3.821429	5.235355	3.047998
4.928267	4.439007	5.688225
3.419799	5.162173	3.552471
3.914981	5.720733	8.912414
4.491760	6.803090	6.404180
5.374809	6.513660	4.526523
3.775705	5.162111	8.861549
4.625155	5.880010	3.606804
3.460132	3.765064	3.516780
4.674383	6.736039	5.548186
4.679625	5.853239	3.763600
4.304027	5.035370	2.821174
3.032651	5.429634	7.091887
5.052297	5.583837	5.842896
4.791515	5.075228	8.520450
3.683502	3.678190	8.070251
3.946839	6.034233	4.557171
3.894600	5.912636	8.096646
3.436567	6.028778	7.130397
2.838883	5.312240	4.936025
4.459403	4.380685	7.862908
2.677572	3.497668	6.492478
4.172159	4.897685	9.045014
3.877688	5.066580	8.914318
3.838598	4.461003	3.060254
2.971070	4.129559	6.119746
4.286853	4.496948	8.760863
3.049418	4.111044	7.879054
3.082493	4.101009	4.375384
3.457728	3.235497	5.901877
4.785852	6.312843	4.617067
4.198719	4.350467	8.319010
3.056514	3.277327	6.897485
3.885182	4.377891	3.319311
4.224095	5.532881	3.220493
4.240537	5.638072	8.865005
3.843499	3.572482	5.099862
4.437310	4.681592	3.554126
4.637010	6.651924	7.685858
3.891209	6.408246	8.585970
3.246464	5.996286	5.311178
3.056384	3.898605	8.298495
4.104334	5.062237	9.000354
4.409174	3.854370	6.714107
2.899646	4.204192	5.190339
4.024010	4.811759	3.161821
3.861786	5.260562	8.825062
4.081702	5.426032	9.107109
4.260406	5.338468	3.193380
4.003335	6.339510	4.199465
3.115760	4.767288	4.385215
3.050054	5.509166	6.660866
3.551893	5.764231	7.608660
3.034575	4.421147	7.699187
3.603880	5.572101	4.264462
3.408859	4.103872	8.484440
4.722906	4.162808	6.478465
4.600659	5.360171	3.825576
3.417340	5.270755	8.259566
5.248244	6.503237	6.999216
3.075011	4.275855	3.547089
4.615576	4.296162	3.647668
3.714694	5.296033	3.304795
3.583353	5.352635	4.023669
2.791167	4.553392	5.992055
3.613465	4.759647	2.974998
4.098934	3.838893	6.284650
3.691783	3.046782	5.631801
5.244504	5.866501	6.986050
3.838515	4.929184	2.944152
4.825161	6.419101	6.929960
4.020738	4.962232	3.025051
3.329980	4.973715	4.084576
5.423292	6.074797	6.010713
4.548106	4.168559	8.007597
3.967272	4.456862	8.722199
4.461030	3.789005	5.814219
3.396667	3.304559	5.586893
3.855917	5.389412	8.945397
5.324475	5.069310	6.787801
4.263223	5.656062	8.712232
4.392772	4.091587	4.609175
4.197366	5.196318	3.014334
4.637621	5.148170	8.820463
4.968643	6.550988	7.417068
3.614350	4.943179	8.951214
2.860751	3.367846	6.702961
5.007401	5.971959	8.407572
3.506058	5.624684	7.744325
3.967702	5.067722	2.988458
3.752868	3.392782	4.616097
3.899841	4.809785	9.035292
5.455317	5.773985	5.723135
4.238825	4.431873	8.470104
4.091129	5.597704	3.124137
4.989785	4.938054	6.206332
4.037765	6.526184	5.024666
3.462871	5.918595	5.743351
2.869295	4.182092	7.604100
4.368010	5.898205	8.385425
3.719672	3.497829	7.293481
4.364554	5.439272	8.957357
4.073317	3.835060	7.885068
4.880999	5.099454	4.707501
4.783266	5.239254	8.277702
4.689048	6.364186	7.722342
4.165666	5.349397	8.827104
2.867955	4.473907	6.554352
3.858037	5.229660	8.835011
4.997900	6.752107	6.878578
4.936746	4.622639	6.135901
4.008965	6.181163	7.727294
3.902182	5.378299	3.242533
4.833541	5.578036	3.302869
4.082988	5.165754	3.154011
5.316317	5.488300	7.690356
3.578748	4.959135	3.121302
2.858132	5.248253	5.524112
3.822604	5.848996	3.338372
4.028539	3.738141	7.326846
5.012641	6.441882	7.477818
5.305378	6.173998	4.668575
4.280674	3.622297	5.455350
3.958188	5.097755	8.962881
3.277793	5.350620	3.567237
3.305787	5.312237	4.612600
3.717195	5.237514	8.513775
4.353478	4.927467	3.864554
3.331598	4.616558	8.439843
3.966703	3.774897	4.438905
5.181100	5.763246	6.914822
4.568140	5.507461	3.448684
3.950836	5.172317	3.169190
2.758157	4.250617	4.810590
4.468686	5.114114	3.154523
4.352440	6.067304	8.401407
4.151579	4.471536	3.167505
5.257150	5.174723	7.326369
3.421024	3.557740	7.847956
3.351768	3.515293	4.031143
3.465042	4.681208	3.271158
4.681353	5.706760	7.906305
4.152403	6.064529	8.094607
2.951330	3.655939	4.190229
4.025637	5.949001	8.811770
4.114168	4.528088	3.478926
3.924349	5.235130	3.278733
4.777530	5.511175	8.304679
3.256204	5.930202	5.015360
4.537157	3.982698	7.105182
4.125957	3.929410	8.204816
3.852947	4.624076	9.116615
4.265757	5.108929	2.948927
4.858621	6.431644	5.401648
2.711436	3.327203	5.912414
4.059539	5.181134	2.952875
4.281433	4.958322	9.003438
4.460305	4.423260	8.138667
4.986077	5.207134	4.761173
5.212682	6.235298	4.711383
4.300941	5.451886	3.085488
3.944253	4.276241	8.778386
3.118242	3.441721	4.297636
5.068096	5.273124	5.936802
4.205914	6.001119	3.601814
3.654536	5.550812	3.294151
4.247341	5.303493	8.979997
4.103341	4.623752	8.960104
5.270118	6.273636	7.454327
3.889328	5.980138	7.240999
4.067241	4.898583	3.060187
4.265841	5.244434	2.986973
4.198740	4.751940	8.889372
2.840721	4.344250	7.364520
3.927908	3.688316	3.952638
4.995306	6.084937	8.296649
4.077428	6.090743	3.263658
2.984228	5.029442	6.006331
2.961473	5.202119	7.784601
4.148553	5.041379	3.072898
3.947557	5.044978	2.836676
4.913361	6.323887	8.117123
4.333356	6.457048	4.916913
3.128321	5.143405	5.575013
3.646294	4.579869	8.702013
3.157458	6.112755	6.300734
4.969882	5.955484	7.332354
3.839887	4.912391	3.232807
4.066832	3.644771	5.423481
4.901210	4.468207	6.941601
4.064886	6.294509	4.627483
2.978988	3.886306	5.971691
4.297488	6.362141	7.729305
5.046761	6.097635	7.319157
2.963017	4.213633	4.057085
4.570709	5.550733	8.497297
4.693804	6.220622	3.925495
4.817342	4.916746	3.965231
2.789430	4.996406	4.845334
3.883119	4.895118	9.203569
2.652439	3.744812	4.919730
3.767686	4.715339	2.954226
4.377232	4.386295	8.683483
3.935144	5.114610	2.864204
3.580644	4.746602	8.964705
4.715551	4.970086	4.917674
3.930162	6.514433	7.482972
2.981039	4.431762	8.244588
4.650715	4.883561	8.212028
3.597883	5.744048	7.893509
3.245109	4.037240	8.340401
2.450040	3.714321	6.797118
5.082721	5.256501	7.664682
3.698022	4.431971	8.706016
4.750665	4.741660	3.462151
4.303001	6.275903	4.259694
3.645122	4.694475	9.045357
4.295360	5.113447	8.764764
3.936281	4.829500	8.978543
3.556874	3.923718	3.247466
4.976748	6.446574	4.593546
3.796919	6.162324	6.925976
4.560867	5.458063	3.513398
3.511661	5.835259	4.670107
4.133454	5.543322	2.914495
5.541282	5.824983	4.556133
3.236918	3.815069	8.306515
4.093208	5.545198	2.881295
4.037656	4.993881	2.975147
3.603471	6.362725	6.307090
2.815210	4.772087	6.873898
4.409979	5.310087	8.841079
3.109592	3.579653	7.393337
4.729144	5.685084	8.959103
3.590426	3.806633	3.878946
4.302067	4.749902	3.069817
4.412726	4.998944	3.337110
4.094038	4.768370	3.014933
4.374399	5.820941	3.496184
3.899757	4.993919	2.616260
4.542605	4.844431	3.015828
3.966753	5.155683	3.069729
2.597235	4.488679	3.681730
3.145936	3.357984	4.945435
4.156623	5.230333	2.791987
4.569043	4.571305	4.192500
3.368696	5.665635	5.724337
3.980491	6.409951	6.307440
2.956725	4.078892	6.568091
4.657988	4.568429	4.139804
3.460694	5.046284	8.989734
3.954583	5.213062	3.087198
3.837766	6.227250	5.668958
3.349493	4.806650	3.758471
4.122217	5.462288	8.644774
3.820061	3.136108	5.954944
4.798083	6.332518	7.712940
4.342733	5.967798	3.848034
2.839098	4.359549	5.649428
3.487042	5.538601	4.939007
4.766583	6.514739	6.074466
4.391349	4.666979	8.678359
3.663561	3.344075	6.682186
3.994891	3.600249	7.724592
4.468829	6.482328	6.370276
4.939390	6.931927	5.798855
2.918908	4.588549	7.330163
3.859055	4.659058	9.016294
4.389580	5.671851	3.181965
3.850769	4.797370	8.971556
4.506138	4.639169	3.671293
4.371986	4.271735	3.555833
3.728582	4.455174	3.467193
4.412468	5.163485	3.124567
4.087052	4.879335	3.025095
3.639750	4.935711	3.171251
3.452955	4.458119	3.057271
4.205185	4.496655	3.070430
4.326449	3.811422	6.827968
4.800032	6.047459	4.182061
2.831646	3.912665	4.430583
3.613347	4.488432	3.361969
4.813537	5.300733	8.244693
3.221434	4.248322	3.542742
4.096030	6.699619	5.791024
3.304131	4.765372	8.719819
4.406298	5.845883	8.383946
3.995246	5.084757	2.863413
3.820729	5.650326	8.696759
5.075603	6.311032	6.265616
4.819727	5.041045	7.757634
4.819961	4.741535	8.239622
3.623441	4.072683	3.407703
2.779763	4.191021	5.684735
3.718882	4.902114	2.905268
3.908696	5.179742	3.068437
2.874629	4.580673	4.361940
3.893858	5.580199	3.608666
4.969387	5.598105	3.788511
4.011629	3.702954	7.194576
2.850197	5.015769	7.661378
3.155495	3.713719	3.910342
4.648894	6.198951	3.674285
3.848291	3.570686	6.581153
3.840142	4.140202	3.129616
4.924478	5.999580	7.963101
5.187478	5.772943	8.064904
3.980222	4.625344	3.074132
3.899448	4.684301	9.129773
5.064133	6.721039	5.874226
3.594910	5.782151	8.055013
3.447949	3.906745	3.732926
3.934574	5.103518	8.825790
3.767246	5.115081	8.604545
3.645290	4.829683	3.250587
3.674314	5.712269	3.834268
4.661227	6.815157	5.163666
5.294186	6.288299	5.320770
3.013902	4.870309	6.613607
4.664386	4.259367	5.872648
4.094028	4.756729	3.039538
4.076794	5.753487	8.667720
3.418973	4.959794	8.723643
5.149972	5.810713	5.158774
2.697449	3.848009	6.261454
4.890157	6.874078	6.479031
3.207320	5.479166	7.812925
4.578773	5.816434	8.326110
5.062358	6.733612	7.040510
5.184992	5.949283	4.028775
4.435624	5.007237	2.948319
4.313064	6.119924	4.007702
2.705206	4.933780	6.117017
2.960776	4.344845	4.475241
3.855414	3.621758	5.137749
3.147653	3.269415	4.875934
3.408684	3.804800	4.355086
4.423122	6.068864	3.367548
3.930547	4.953276	9.091979
2.870794	3.916933	7.083171
5.167924	5.574925	5.371578
3.588342	4.243768	3.071440
4.163782	3.585672	6.120988
3.169842	5.570696	7.283684
4.367412	6.081437	4.628387
3.553659	3.265949	7.303533
3.818982	4.930669	3.163320
4.910721	5.151646	7.983934
3.381249	4.648667	8.741519
2.786902	3.164368	5.604258
4.712286	4.385554	5.702467
4.088748	5.170137	3.024017
2.965282	3.249239	6.292773
3.461860	5.680079	6.536867
4.032002	3.588086	4.161195
3.934451	4.869379	3.196832
2.815642	3.901915	5.456007
3.434641	5.278786	8.108841
3.972245	4.194058	3.476745
4.532213	3.994715	5.408647
4.158951	4.876691	8.912429
3.115233	4.579940	3.987612
4.533922	4.370185	4.972121
3.522141	4.396697	8.763020
4.564566	4.414326	8.467397
4.120461	4.990089	2.710160
4.379853	4.156483	4.555105
4.350465	4.950112	3.138396
3.376041	5.032636	8.147802
3.326124	4.560004	8.391542
4.149315	5.165339	3.002326
3.886899	5.261789	2.902903
5.334597	6.238372	5.892050
3.318588	4.296921	3.171497
4.290432	5.004939	8.824510
3.892319	4.411355	8.767507
3.639254	4.841032	8.301452
4.361689	5.396106	8.955503
5.205280	6.132111	5.167793
