2.978952	3.579274	7.152453
3.275956	5.582879	5.095306
3.826782	5.651947	8.699498
4.761142	4.835148	8.005440
2.882583	4.851309	4.294014
3.724997	3.295027	6.758033
4.060300	5.200143	3.315629
4.252281	4.838133	8.661164
3.929665	6.411666	5.697864
3.612928	4.941914	8.619658
3.800116	5.638811	3.677194
3.174961	5.406804	4.219250
3.813699	4.426005	3.256505
3.017208	3.412062	4.542394
3.705042	4.740125	3.019552
4.107069	6.187165	8.103780
4.002830	5.449174	3.091590
4.142399	5.090651	2.964746
4.641776	5.561001	8.783124
3.704471	4.712207	9.221791
3.468362	3.715394	3.829024
3.229362	5.150019	7.689285
3.907702	4.739951	8.832858
4.234452	5.051919	8.926309
5.185771	5.600884	5.143223
4.745152	5.717323	8.495063
3.962203	5.891673	8.576821
3.968581	4.886777	8.924941
4.733446	4.986487	3.803487
5.099020	6.345321	4.695270
3.260585	4.932489	3.733797
4.356877	5.518393	8.969130
3.922491	4.916601	2.770361
4.059394	5.132458	3.118835
2.968903	4.699977	5.982316
3.311045	5.725739	5.706366
3.110633	5.817513	6.214225
4.412707	5.004510	3.067298
4.585115	6.757488	5.144594
4.075631	4.399021	3.136781
4.154937	6.563842	4.652560
4.267964	5.823569	8.671828
4.648147	6.260375	7.905587
4.835282	6.755164	5.161837
2.847428	5.152968	6.171825
5.056699	6.013125	6.986613
3.484730	5.738926	4.752249
4.570650	6.590183	4.547836
4.134502	5.663262	8.493237
4.154371	5.067222	8.818011
4.083070	4.872420	2.962195
3.441952	4.451706	8.816297
3.718708	5.002926	3.235765
4.199355	4.642714	8.807042
3.743611	5.936817	7.987509
3.763570	4.889243	9.010349
3.857532	4.679092	3.002076
3.718820	5.363597	8.670251
3.017728	5.120803	7.331380
5.344939	5.734822	5.788769
4.414347	5.818759	3.165306
5.151796	5.638337	4.435364
4.849728	6.152183	3.991097
4.328040	5.058961	3.097438
3.778289	4.919387	8.834644
4.480069	3.877514	6.033630
4.846464	4.775160	8.522183
3.924008	4.602963	2.921536
3.932852	5.038784	2.976983
3.868233	3.659454	4.834179
4.490636	5.530960	8.671504
3.673185	6.036151	5.096710
4.196375	4.910328	8.977115
3.856004	5.196508	9.084056
4.033706	5.053450	3.137649
5.173157	5.363282	5.103507
4.241091	4.874426	8.902340
3.723604	4.513497	8.708342
4.143083	5.208997	8.927788
3.017006	4.063684	3.933515
5.143469	4.792420	6.274022
4.962008	6.168501	4.052225
4.008111	4.506077	8.911413
3.232013	4.661769	8.737794
2.813995	4.114076	6.593282
4.037639	5.220677	3.037794
3.150071	4.120699	4.003037
5.272494	5.724460	5.122635
4.637588	3.898679	7.201174
4.242977	5.673960	8.635613
4.081981	4.599104	3.314470
3.850062	4.765216	3.007613
4.253234	6.070055	3.698691
3.454916	3.761150	8.117206
4.516417	6.118380	8.489721
3.982723	5.021567	8.748811
5.162200	6.426696	6.911263
4.091427	3.986957	3.986684
3.683447	5.970185	7.500752
4.197724	5.027779	8.972363
3.608468	5.410574	8.429643
5.268373	5.629986	7.050292
4.220910	4.560480	3.503204
4.503122	5.639736	8.611099
4.105024	5.280586	2.821950
3.593139	4.464197	8.947006
4.219237	3.803409	6.601098
3.348061	5.634866	7.956349
4.951127	5.572454	8.056975
5.377175	6.135401	5.689758
3.552701	5.159176	8.641648
3.623607	3.333346	4.796108
5.093699	6.552669	7.374344
3.868589	4.691147	8.912548
4.020676	5.354920	8.848184
2.794382	3.879841	6.556560
4.059152	6.523184	5.214529
4.372614	6.077802	3.592053
3.851783	3.805734	3.848402
3.127261	5.414453	7.169645
3.852316	3.792142	7.931429
4.111933	5.148236	8.959514
3.194568	4.406937	3.390295
2.762530	4.218369	4.687335
3.172486	5.365863	7.853385
4.235410	6.535497	5.645785
2.930885	4.702717	5.559844
3.707862	5.083698	3.101126
4.309405	5.403736	2.965643
3.678874	3.526773	5.079082
5.219517	6.130965	4.609189
3.172803	4.951125	3.506309
3.884597	5.112602	3.190815
4.299482	5.218181	8.907265
4.718585	4.159776	5.994725
4.468907	4.999375	8.625082
3.960968	5.199745	2.895014
3.647263	3.949582	3.536219
4.278341	5.365119	3.014387
2.977792	4.238740	7.764697
5.135846	5.386478	5.821803
3.925289	5.396910	2.944542
3.471834	3.882875	8.527315
3.142313	5.336228	4.002557
2.639113	4.412887	6.690112
3.595584	4.787204	8.567906
3.384213	5.648545	4.973617
2.718484	3.788769	5.387215
4.091240	4.188455	3.436430
4.484286	5.064328	8.809065
5.050485	5.051590	4.511570
4.837195	6.719106	5.761212
3.735878	6.192642	6.981281
4.947684	5.182712	7.368566
3.191968	4.762946	3.573875
4.043526	5.025052	8.978408
4.329373	5.398624	3.229457
3.440387	4.810556	8.964255
3.861571	4.700937	8.797595
3.613693	5.500241	3.690876
4.028706	6.263099	4.568262
4.979835	4.841736	3.934015
5.047687	5.713041	4.458160
3.449736	3.283709	5.500625
4.241258	4.662113	8.559979
3.818916	3.986036	8.402035
4.929703	6.315479	7.483910
2.644120	4.427204	6.131197
3.395324	5.815585	6.937522
3.816731	4.475183	2.996281
2.986131	5.193396	4.806918
4.154176	3.461909	7.245482
4.806568	6.492598	7.593510
4.667344	4.736334	4.014837
4.085357	5.091681	9.032406
3.844519	4.634153	8.850071
3.068941	3.650393	7.799907
3.420790	5.427616	3.473173
4.303305	5.024119	3.121833
3.429293	5.448518	8.395512
4.594110	3.942871	4.744621
4.697620	6.193952	4.034216
4.830664	6.322948	7.937772
4.857620	5.448908	8.504874
4.740048	5.772134	3.709638
4.193380	6.154588	7.897247
4.102749	4.489199	3.275315
4.340059	5.442370	8.922904
3.841422	4.641023	2.997320
3.286791	3.678733	3.925216
3.473746	4.700842	3.261422
2.889428	4.504642	4.946602
3.175082	3.267217	6.145798
4.507129	5.594079	8.840665
3.182496	3.223721	4.803883
2.740246	3.740019	6.552906
4.783281	5.146549	8.235398
3.905550	5.017817	3.191317
2.991952	5.318373	5.596663
4.058238	4.811050	8.868095
3.123416	3.211008	6.691039
4.966410	6.312289	4.579468
5.052321	5.800581	7.999561
4.490471	5.223755	8.788926
4.563135	4.697495	3.383989
4.763239	4.326625	6.404915
4.638700	4.313712	4.311755
4.474613	4.429265	4.080534
4.601402	4.312516	6.707794
3.044571	3.959203	4.560644
2.739693	4.778008	7.983455
3.732833	5.152959	3.188813
3.053648	3.578598	7.374881
4.410286	4.669265	3.662503
4.310901	3.998721	6.652072
3.683910	3.383779	7.327570
4.114256	4.749528	2.995614
3.830880	3.759789	4.519373
4.216572	4.851713	3.106204
4.548036	4.451204	7.681707
3.406620	3.432449	4.505874
4.233086	4.960570	3.139819
5.312751	6.525046	5.125952
4.942053	6.000937	7.916070
4.574708	6.108925	3.672809
4.972180	4.485456	5.768207
5.233086	6.424864	5.671819
4.187195	6.140532	8.374215
2.874490	4.398243	4.394409
3.343826	3.560590	7.743485
5.258875	6.652865	6.974670
5.163491	5.572623	7.407355
4.073908	4.901943	3.228564
4.621907	5.036707	3.640790
3.402978	4.185466	3.518481
4.601537	5.459778	3.469112
3.890962	5.589002	3.430430
3.654229	4.092472	3.607171
4.089781	4.872091	2.904922
3.900975	4.123792	8.485631
5.080260	5.491815	3.483197
4.759933	6.803701	6.271136
4.033114	5.280608	8.961313
4.283415	6.546574	7.343081
5.058104	6.670886	5.162665
3.741570	6.173122	4.516860
3.978964	6.406484	5.737713
4.134668	5.062367	2.875067
2.589832	4.580517	5.420952
4.606497	5.097635	3.226154
4.239672	5.406445	8.915643
4.168999	4.213336	8.650017
4.666311	5.666681	3.316021
4.515897	4.809729	3.399930
4.049038	4.729625	3.085138
3.166526	3.588131	4.919056
3.648614	4.858610	9.046819
2.871122	4.447664	7.252705
2.840038	4.284310	7.814192
4.905597	5.390090	8.375012
3.761467	3.704419	3.590302
2.847385	3.516068	5.414496
3.836728	4.857830	9.049104
3.915370	5.129302	8.913399
4.621446	5.985959	3.644054
4.485246	5.199165	8.768181
3.092384	5.519987	6.185602
2.713701	4.809441	4.861757
3.376338	5.558474	8.265731
3.424358	3.564429	4.469810
4.209502	5.369073	3.034615
3.364321	4.287658	8.616037
3.369412	4.568548	3.302660
2.724609	3.554445	5.048042
5.010291	5.712617	4.079012
3.871575	4.535299	3.106156
4.335771	4.057954	5.551490
4.253334	3.859090	6.072285
4.196403	5.669934	8.886950
4.315732	4.022360	4.247523
4.452592	6.579993	4.298811
3.619082	6.344376	5.016079
2.839473	4.879907	6.607692
3.532092	5.936766	6.295479
3.507253	4.262181	8.534256
3.493356	5.915228	4.676051
3.622374	4.348052	3.215340
3.639481	3.465827	7.750419
5.027502	4.918402	5.774810
3.976141	4.752769	8.919583
4.177011	5.191899	2.876696
4.197668	5.256802	3.078362
3.892827	6.080764	7.999810
3.439317	4.185123	8.417710
5.329168	5.523287	5.917723
2.729398	3.400155	6.218072
3.594179	3.214252	6.865565
3.801155	4.726042	2.990329
3.926453	3.561200	6.028391
5.346925	5.457552	6.884703
4.711741	4.838365	5.114724
4.934683	4.842549	4.654529
3.114377	5.046457	4.131769
3.320225	4.622289	3.441460
2.774015	3.476520	5.449156
4.173414	4.456004	9.098287
4.648265	5.976976	8.361554
3.985750	6.345209	6.950771
3.916707	5.012369	2.981705
4.004684	5.010026	9.016627
4.454601	4.472576	8.495265
3.959210	5.065082	8.982330
3.041086	3.294500	5.439060
4.301656	3.731012	5.565809
3.697275	4.332744	3.287868
3.813476	3.812311	7.771457
4.830877	6.444577	8.004789
2.885433	3.567566	6.524989
3.698570	3.636676	6.679888
4.923503	5.268613	4.093310
3.651994	4.358679	3.245099
3.813808	5.032010	2.934962
4.823452	5.758715	8.339722
3.319623	5.550613	5.225699
3.418207	4.223465	3.615761
3.377133	5.557087	8.530973
5.413076	6.315740	6.413312
3.961168	5.193118	2.947969
4.772959	5.005544	7.593182
4.354795	3.938431	4.937932
4.597225	5.486273	3.403171
3.823093	4.697745	9.066333
2.714730	3.934916	6.005126
4.299402	6.622492	6.954456
3.601025	4.545978	3.228990
4.889960	4.799580	7.959943
4.805882	4.759794	8.487780
3.938795	5.096867	9.049779
4.022018	5.109730	2.960458
4.019564	3.862577	8.038862
5.125515	4.852283	6.951800
3.969381	5.092372	9.048079
3.367850	3.753876	3.933982
5.234774	6.089317	5.086964
4.505743	5.478033	3.000775
3.503637	4.901258	8.610867
3.955108	4.686579	2.990895
4.535721	6.986374	6.349655
3.044777	4.564563	8.250157
4.074302	5.106542	3.002834
2.853542	3.879317	7.232466
3.879827	5.229453	8.662535
3.137455	4.903597	8.300318
3.778902	5.176091	8.893507
3.051577	5.093228	6.449511
3.671966	5.502376	8.711332
4.495704	6.309807	4.280376
4.078063	4.540942	9.011834
4.766660	5.450046	3.665023
3.985776	5.099500	8.923074
3.314354	5.621595	3.699124
4.301979	6.085185	3.794240
3.646538	4.892878	2.970122
3.229861	3.939695	8.429400
3.656978	3.569371	4.544580
3.895273	4.923815	9.051163
3.554239	5.265882	3.289330
3.276978	3.353239	7.304851
4.452424	6.634103	5.752940
4.497384	4.093810	4.087994
4.423421	6.568289	6.403370
4.725904	4.591180	4.657105
3.700521	5.322895	3.108066
4.448057	6.379084	4.737708
3.254621	4.353217	8.289120
3.420425	4.098953	8.697864
3.885394	6.076522	3.705815
5.236840	6.593814	6.204605
3.289769	3.240284	5.471447
4.057683	6.310725	6.326879
3.726503	4.945741	3.135264
3.672236	6.362271	6.191774
5.102634	5.228472	7.085743
3.715197	4.909435	3.313103
3.800374	4.617836	3.103027
3.912070	4.504665	8.605419
4.353798	5.477396	3.348312
4.034423	4.986998	8.887989
4.407126	4.041052	4.399081
4.154061	6.008059	8.493801
3.154611	3.684194	4.271125
3.682396	5.483497	3.292687
3.751657	4.881082	3.129565
3.148768	3.183704	5.052009
4.519833	6.513518	7.682538
5.153743	5.564533	7.559742
4.945368	6.604149	6.976119
4.089440	5.309311	3.051222
3.400991	3.493704	7.724350
4.240140	4.145079	3.973317
3.538729	3.800025	8.267900
3.542811	3.504549	7.160144
2.878959	3.312043	6.194026
4.071350	5.150379	8.949803
5.058814	5.036836	7.996643
5.203878	6.535333	6.417498
3.398510	5.022569	3.279254
3.935400	4.355595	8.137173
4.397856	5.778228	3.136228
4.019334	6.206935	7.588334
4.595337	5.698607	8.602638
4.406396	5.807711	3.288867
3.226048	5.624699	7.606204
4.211814	6.372829	4.248125
4.986037	6.803788	5.752451
3.316408	5.582364	4.043505
4.680245	4.531953	7.391131
3.169328	5.143981	4.356584
2.773265	3.662096	7.240698
3.136530	4.293670	4.116672
3.715097	5.891291	4.157968
3.901601	5.066281	2.904671
3.242598	3.577505	3.826278
3.835052	6.054330	7.438601
4.562770	4.850487	3.454192
4.983321	6.136478	4.026809
4.620288	4.207500	4.804669
4.071643	4.968415	2.932297
4.144396	5.292306	3.166755
3.429752	4.927898	3.555692
3.851996	4.144660	3.344049
3.002131	4.627926	7.237549
3.924130	5.235029	3.113669
3.433718	4.565461	8.385844
4.347600	6.292922	7.850050
2.874508	4.162879	4.516988
3.083926	3.891476	7.939450
2.988898	4.771014	7.836342
5.034779	6.451793	7.631306
4.183810	4.621620	9.027161
3.934271	6.228422	4.026321
3.608881	6.217393	6.921642
3.359887	4.541111	8.491770
2.644783	4.096063	7.227191
4.123237	5.332404	3.000651
2.744565	4.272036	6.286077
4.293360	5.418894	3.029083
4.971756	5.934951	7.514645
5.039650	5.407968	4.096369
3.751312	5.162439	3.029880
3.013525	4.071402	8.067165
2.813394	3.696971	4.406680
4.284627	4.230550	8.109500
3.799402	5.073788	8.877724
4.855512	6.841093	6.835264
4.056953	4.941715	2.945369
4.688936	4.911841	3.344656
4.013344	5.469373	8.960094
3.946891	5.229512	8.982871
3.135623	4.713352	3.763462
5.312093	5.599773	6.516838
3.450202	2.991097	6.019000
3.679129	6.057870	4.066233
3.591462	3.327684	6.276064
4.202359	4.135201	8.056622
3.987093	5.675578	3.297621
4.281738	4.876270	3.133663
4.537342	5.634405	8.703063
4.695196	6.900094	6.865937
4.884556	6.223895	3.681755
3.673215	4.515190	8.724049
3.418947	4.672349	8.848758
2.905725	3.332461	6.134036
4.574012	6.132263	8.335196
5.138629	6.614390	5.640714
3.196056	5.123335	8.305353
4.071465	5.984108	8.339302
3.937432	3.471178	5.552486
4.558748	4.214320	6.820234
3.120808	4.437304	8.371640
3.647194	4.749955	8.875817
5.365526	5.207208	6.147232
3.849540	3.466267	7.136419
3.582357	6.119297	5.818771
4.907877	6.673119	6.229711
4.365721	5.779187	3.337617
4.720537	4.287024	5.413505
4.150922	4.022734	7.782348
4.219030	5.412518	8.852757
3.196824	3.881919	8.230978
4.286998	5.791801	3.238754
4.719911	4.482738	5.087908
2.729182	3.945326	4.945619
5.392574	5.756891	6.205863
4.646541	4.248527	7.289884
5.051540	6.377533	5.099153
3.712660	3.234854	5.573923
3.807017	4.868135	8.854423
4.200928	5.378038	8.778165
3.959759	5.057584	2.866159
