4.070797	5.320452	9.000096
3.931548	5.916423	7.969269
4.123939	4.876138	2.975310
2.838081	3.788004	4.662461
3.735178	4.492551	8.983076
4.167013	3.771241	4.594069
3.130083	4.237125	3.502784
3.666535	5.126810	3.307795
3.984232	4.827865	8.925722
3.245840	4.174807	3.794942
3.994128	4.880071	2.876568
3.904360	4.892872	9.049987
4.025622	6.366390	6.864953
4.849839	4.819656	4.669405
2.729240	4.250428	7.252793
3.909653	6.072167	4.141553
2.980248	4.606131	8.336947
4.844180	5.749998	8.460046
4.011200	4.802058	2.840842
3.827189	4.729079	3.019551
3.529785	4.363319	3.311083
3.212910	5.191201	4.266159
4.492494	5.576191	3.430603
3.956654	5.425711	3.373113
5.118887	6.575008	5.587772
3.974612	5.012764	2.811357
3.815367	4.261743	3.474479
3.985022	5.410801	3.008185
3.119724	3.390007	5.296294
4.155969	5.340708	8.963636
2.619048	4.164054	4.414505
3.122352	3.514426	4.599017
4.039335	5.055556	9.107105
4.603218	5.583900	8.610401
4.096654	4.807542	3.045962
4.999779	6.696348	6.533490
2.911413	3.637876	6.682066
4.523482	4.393278	5.611208
4.735861	5.413878	8.573148
4.630212	5.614640	3.299186
3.469636	3.397003	5.054035
3.932471	4.896493	9.130899
3.024575	5.426097	6.094043
4.143207	4.655818	8.588584
5.033498	4.597988	4.521424
4.644758	6.688790	6.471168
4.087743	6.213435	8.228239
2.792074	3.786967	6.130912
3.971580	4.989497	8.868287
3.029642	4.152777	7.160043
3.547121	5.008492	8.445497
5.220313	6.108719	7.593364
4.902968	6.532960	8.056653
2.956132	4.418257	3.746154
3.685269	3.556941	8.202014
2.701518	4.400041	5.664084
4.923615	5.651752	7.951708
3.844394	3.988638	3.632221
3.972829	3.506858	6.076619
4.249999	4.869740	9.122036
4.642454	6.208956	4.352157
2.948531	3.429935	5.954252
4.790165	6.008327	8.434899
4.332810	5.995741	8.221856
4.100229	4.858347	8.908995
3.715605	5.322589	3.089322
4.819799	4.974297	4.197128
5.419315	5.693895	6.428969
4.708696	4.554177	7.730943
4.046547	3.533513	7.657434
3.655031	4.494005	8.735173
4.309668	4.010581	3.890172
2.572675	4.807555	5.282731
4.810759	4.676699	7.416208
3.660959	3.274517	6.647313
3.918660	5.263364	8.542940
5.326886	5.242234	5.133982
3.197746	3.386106	6.677563
3.593689	5.738170	7.050225
4.618775	6.421334	3.814784
4.505544	4.475892	3.765053
3.907830	3.467953	5.446030
2.971544	4.722017	7.052525
4.200782	6.437331	5.226968
5.067774	5.159010	4.611794
3.878096	5.236145	2.861442
4.013477	5.025351	9.108101
3.108313	3.645254	7.864795
4.849978	6.623248	4.699294
3.927644	5.109031	3.255084
4.078636	6.211689	7.407857
4.748557	6.571868	4.093475
3.903940	5.217091	8.916609
3.827880	4.702779	3.368999
4.979499	5.504411	8.255452
3.196793	3.095986	6.075859
4.347916	3.882085	6.585170
3.766386	3.545837	7.153267
4.185941	4.913640	8.794771
3.942336	6.108260	4.805248
2.631032	4.253132	4.293053
3.356142	3.321423	7.262107
2.905509	3.563972	4.203018
3.873024	5.527358	3.139453
3.579238	3.939175	8.480513
3.897314	3.842940	7.701322
3.028654	3.515798	3.749496
4.941752	6.128894	4.573180
4.978775	6.618238	6.950896
4.038549	4.768270	9.040952
2.701300	4.532687	6.028924
3.130332	5.217397	8.275732
4.063115	5.184153	2.872644
3.879462	3.549262	4.345270
4.894572	6.561848	6.922381
4.740987	4.412861	5.033593
4.014148	4.525089	2.970492
4.092559	4.815664	3.088699
4.015017	5.204911	8.976415
4.308160	5.694861	3.420243
4.482501	6.219404	8.342928
4.501510	6.830434	7.446761
3.555186	4.067198	8.697101
3.453669	4.138375	8.330743
3.443802	4.813661	8.904240
4.117970	5.215553	2.997244
3.717751	5.428449	8.409486
4.030069	5.374535	8.979752
5.110801	4.743829	5.198223
2.614272	4.681944	7.348885
3.599829	4.385301	8.862718
3.600192	4.835416	8.912840
4.622137	6.051671	8.129929
4.144677	3.644551	5.959127
3.938086	5.223268	3.094525
3.706584	4.645871	3.224347
4.572842	4.509591	3.420564
3.986083	5.346802	9.060808
3.658351	4.997615	3.248196
3.175249	3.590024	7.373851
4.785563	6.888612	5.795657
3.182055	5.183091	7.645153
4.664952	6.707291	5.614285
3.758607	4.349327	3.220565
5.336082	6.186391	6.401711
4.014557	5.287561	2.831903
4.233617	6.415857	3.663776
3.963884	4.750792	8.994805
4.315816	5.457062	8.574226
3.994304	4.966657	3.174624
3.364059	4.151903	7.659814
5.106794	5.203320	3.769349
3.574236	4.793391	3.249637
4.060175	5.090091	2.887651
3.858117	5.233869	3.162650
3.546192	4.591612	8.728707
3.998321	4.805123	8.977617
3.375839	5.568331	4.375153
3.515436	5.840135	4.192292
4.509247	6.881570	6.284302
4.216496	6.135727	3.617287
3.697506	5.469868	8.811924
4.076777	4.957354	9.005900
3.374720	5.405237	3.584937
2.963308	5.086810	5.174818
4.963403	6.850079	5.687054
2.957155	3.489624	4.721661
3.385092	5.441318	7.899934
3.523030	4.070100	8.670261
4.046991	3.991494	7.157923
5.117811	5.258676	5.783378
3.953484	4.198709	3.764921
3.940647	5.849399	3.174005
4.655242	5.564192	3.399550
4.335828	4.172404	4.967379
4.663482	5.039969	3.754460
4.911330	4.616829	6.329513
2.656169	4.487952	5.896543
3.420889	3.441482	3.796809
3.865206	5.714090	3.391063
4.228026	4.050870	7.182692
4.765975	6.631539	5.380468
4.025910	4.750658	2.979653
3.968612	5.240883	8.971731
4.312088	6.233249	8.230044
3.925268	6.244239	5.540340
3.305324	3.879128	8.773440
4.942199	6.542184	7.678355
4.854486	5.416932	3.775236
3.813722	4.886780	8.941209
5.035320	4.610156	5.268621
4.173973	4.446921	3.466767
3.244887	5.549429	3.720046
3.924174	5.566675	8.845422
4.436055	4.481705	7.134579
5.728809	5.589924	6.817780
4.768677	6.235194	3.654580
4.027545	5.953576	8.251922
3.522275	6.042691	5.638164
3.636561	3.667980	3.736996
4.814689	4.427147	7.042690
5.077232	6.937354	5.695272
4.137381	5.547834	8.798492
4.059385	4.986188	3.098303
4.348126	4.155932	8.173727
5.159805	6.056709	6.954410
4.534342	6.846891	5.340974
3.966963	4.520110	8.538778
4.739620	4.414905	8.287850
5.526593	5.581031	6.187414
4.900167	5.499014	3.459605
3.281863	5.729070	5.441351
2.888960	4.185274	4.835107
4.468815	6.456064	7.286378
4.099261	3.977978	3.696538
4.898774	5.839660	7.897967
4.278526	4.990861	3.133049
3.995883	4.999833	8.930282
3.949227	4.695710	3.066435
3.673596	6.019476	4.593582
3.877240	4.522475	8.665269
4.100465	6.212351	7.530309
4.628935	6.820647	7.279281
4.778194	5.550622	8.528001
3.920809	4.912175	8.957014
4.174335	3.646905	5.265822
3.051612	4.763169	3.862761
4.428335	5.822562	3.569764
5.280418	6.699017	5.176974
4.325537	6.186379	4.143634
4.983684	5.738962	6.852546
3.463230	4.655915	3.034472
5.075462	5.417739	7.484664
4.433432	5.138510	8.736512
4.471814	5.437548	9.314107
4.956697	6.253610	8.177953
4.361125	5.653768	8.432989
2.816667	3.715901	6.697278
5.188044	5.634881	4.706286
3.660714	6.023271	4.246144
3.000353	5.786273	4.823802
4.438510	6.371750	3.609318
4.058992	4.636657	8.890285
4.075167	5.377896	8.602565
3.065846	5.258461	6.469235
3.667426	4.639110	8.856100
4.678498	4.376544	4.075112
4.492058	5.663694	3.338867
4.541072	4.163220	6.576430
5.284539	5.134062	6.771445
3.519932	3.053208	6.559870
3.567284	4.608297	9.042446
4.603169	6.430195	6.414791
3.715356	4.337926	3.072506
3.099740	5.991547	5.142919
3.517492	5.829749	4.573451
4.346655	5.307944	8.571404
3.804662	4.728702	8.771717
4.232562	5.527624	8.904175
2.949496	4.471245	3.916984
4.668191	5.352798	3.650482
3.206262	5.964615	5.638355
4.137322	5.041050	2.885242
4.334437	4.435936	3.780747
3.349542	4.992773	3.392128
2.926545	4.382395	4.176208
2.725214	3.627414	6.273386
4.928249	6.333617	4.716368
4.357826	4.282031	4.349400
4.186735	4.904139	2.736980
4.457904	5.384794	3.288936
3.514557	4.720045	3.206358
4.013194	5.514818	8.904991
3.680903	5.105863	3.026039
3.146937	3.877340	5.351656
3.273048	4.122542	8.521824
4.254185	5.296053	9.010744
4.995536	5.950712	4.217784
3.094289	5.421568	6.654553
2.973772	4.775057	7.806316
3.583820	4.539027	8.733683
3.965153	5.620908	3.365271
4.385054	5.053174	3.596949
4.347210	4.814045	8.782467
3.120431	5.024325	5.603600
4.147097	6.417027	4.546421
3.645038	5.365608	8.497896
3.942737	5.049216	2.991816
2.671326	3.600511	5.471692
4.239984	5.590118	8.746244
4.836380	6.336520	4.383795
3.996990	4.185770	8.150276
3.663479	5.548430	3.596664
3.482456	5.024729	3.385121
4.974566	4.955641	6.318739
5.284923	6.030243	6.865110
5.310897	5.204922	5.449563
3.471000	5.689146	6.282256
4.058123	5.181361	8.814582
4.021607	5.233098	3.006121
3.765621	6.101603	6.393935
3.629335	4.566430	3.168958
4.030990	4.758758	3.030285
2.793652	4.849000	4.924586
3.709811	4.607507	2.967585
4.868615	6.540135	4.377543
3.992903	4.884430	8.883431
4.808238	6.432550	3.818609
4.435266	4.221039	6.190760
3.508078	5.621133	8.457062
3.161534	3.904755	3.732661
4.010781	5.728563	3.934588
4.917274	5.951305	7.465837
3.679237	5.878981	6.854037
3.066101	3.228137	6.592656
5.324116	5.855466	5.274633
3.734824	5.009029	2.954915
2.494721	3.813207	7.158695
2.681146	4.179723	6.501093
3.295107	3.319316	5.240261
3.875947	4.907732	3.006896
3.939307	4.440755	2.881641
4.245723	5.321983	2.899010
3.610386	5.441854	8.835217
3.663630	4.820518	9.030665
4.804175	5.200054	8.098304
3.048325	4.797577	8.218234
4.156031	5.818183	3.535315
4.255746	4.581966	3.462804
4.219290	6.672561	7.093014
3.836729	4.147486	8.665502
3.767250	5.345717	9.048611
4.334547	4.737597	8.587152
4.668835	4.425391	8.338564
3.275767	5.683595	4.077322
3.376679	3.894313	8.068459
5.146510	4.858930	7.202368
4.563771	4.790530	8.766798
4.860633	5.342676	7.521316
2.613794	4.754033	6.479103
4.393817	4.465783	3.387284
4.576804	6.583016	8.017570
4.044931	5.240715	8.881268
4.024664	4.616881	2.890479
3.661877	4.902539	2.939207
4.551947	6.490499	7.737101
5.057846	6.084218	3.661016
3.707527	4.746486	3.248762
3.986976	3.220703	7.182977
4.461791	4.148837	6.120169
4.812525	4.966807	8.192257
4.267592	5.948913	8.773578
4.564135	5.786854	3.257602
4.411691	5.185794	8.882578
3.651621	3.493666	4.681884
3.642970	5.772133	7.992215
4.312596	5.622101	3.258832
4.116632	5.170408	2.847551
3.733561	5.581682	3.336469
3.953427	3.568513	4.318246
3.222207	5.464426	7.969652
4.282497	5.095512	3.210083
3.077424	4.365749	8.239881
3.914974	6.516292	5.212160
4.899030	5.928483	7.589341
4.978832	5.888312	5.723584
3.175365	4.190116	8.279562
2.985727	4.427161	4.855419
4.007121	5.217966	8.733234
3.263747	5.048823	8.081953
2.904364	3.896022	4.897392
4.460429	5.105134	3.071839
4.049336	3.724563	6.482846
4.652880	5.170155	3.909072
3.312866	3.951022	3.619803
3.084350	3.445833	7.474940
3.821303	3.604522	4.846609
3.740094	5.300745	8.499758
4.182604	6.212529	3.903206
2.923069	5.000936	7.688708
5.185883	6.624285	6.321740
3.644313	4.713557	8.438924
3.240721	4.138225	8.684604
3.459806	5.064912	8.628326
3.048823	4.006404	7.809022
3.614340	4.346829	3.769268
3.094322	4.927570	3.680012
3.553833	5.575966	3.784715
4.299594	5.223059	3.196883
2.904319	4.126134	5.842392
4.092533	3.985165	8.243971
3.277208	5.613169	7.345240
4.070098	6.320124	8.004739
4.411648	4.779489	3.218725
3.518253	3.661360	4.165886
3.461654	3.426966	4.450496
5.390864	5.660804	4.551856
4.769402	6.084164	3.498689
2.834418	4.552410	8.398444
3.921187	4.145558	3.247542
3.667239	3.468691	4.743513
3.351688	4.447586	3.230253
4.682878	4.565546	7.577535
3.333037	4.310034	3.203163
3.408849	5.571709	7.600983
3.576097	3.807482	8.011158
4.108842	3.866454	7.744911
2.874310	4.678690	6.606041
3.716359	5.059588	2.847182
4.728203	4.173706	5.791835
4.480772	5.126811	8.753455
2.715002	3.451335	5.446369
3.307757	3.488697	7.617877
3.704354	4.912175	2.812434
4.007056	5.476757	3.346972
5.394736	6.108294	5.012676
4.074784	6.608319	5.664704
4.771812	3.793719	5.569761
4.540084	4.273616	7.933389
4.344698	5.857221	8.472354
4.507371	4.778250	3.072875
3.809654	4.764540	8.988040
4.024904	5.445421	2.993157
3.797284	4.378944	3.099130
3.738841	5.601415	3.463437
3.877442	5.161874	2.860799
3.634483	5.944899	5.115581
5.071668	5.087984	8.037726
3.938577	3.725445	8.053791
4.220819	6.113331	4.078327
4.667873	5.338182	3.533775
3.179236	3.377792	6.055036
5.078027	5.714064	4.263301
4.190530	6.330221	7.716837
4.248662	5.464970	8.964726
4.494868	5.064430	3.677272
4.316354	5.044513	3.194405
4.403074	4.756011	8.822302
4.663985	6.399966	8.047450
4.122322	5.099157	3.056201
4.511801	6.008284	3.360011
3.832683	3.074677	5.414203
3.637585	4.025984	3.467006
2.798226	3.820835	5.433127
3.095651	5.096743	6.144561
3.260895	5.596427	4.414421
5.085843	4.762120	5.757252
4.078947	5.389920	3.055984
4.141238	3.827005	8.719709
2.960336	3.865829	6.574240
4.509472	4.693894	8.464927
3.175456	5.461901	6.807938
3.595271	6.138240	5.113848
3.380279	5.217794	4.086687
4.001324	4.718878	8.778644
3.966037	4.468066	3.194846
3.691070	3.984520	3.516580
4.212850	4.643562	3.269221
3.377209	3.261092	4.270403
4.834395	4.883450	8.068578
3.185790	5.252669	7.070475
4.113682	6.378433	6.285802
4.987639	6.487156	6.487505
3.759392	3.518793	6.265868
4.861481	6.713233	7.029826
3.599927	4.766879	8.870075
3.738968	5.853296	8.279585
2.875301	4.238398	7.965054
3.878131	4.558181	8.520805
3.307751	3.437164	6.281041
3.225536	4.725437	8.780042
2.750645	3.756866	7.346698
2.917976	4.997824	4.398933
2.855025	3.848742	7.509709
5.056576	5.369395	4.189473
3.527550	4.135924	8.785696
3.211448	4.408223	4.423001
5.096834	5.472172	5.491670
2.984568	3.582762	4.364765
4.035480	4.996224	9.082010
4.646908	4.601612	4.440745
5.017108	6.472508	7.481551
3.996866	5.118484	9.029013
4.292313	5.171333	9.112926
3.905846	5.089157	8.965157
3.924492	4.840344	2.857241
5.383392	6.094934	5.735697
3.118422	4.349998	8.431142
4.051030	5.467501	2.697604
3.769177	3.705219	4.122410
4.610819	5.155720	3.290964
4.256891	6.520193	5.786096
3.837775	4.768299	2.930706
3.383501	5.219569	3.522483
3.740393	6.217266	7.309596
4.388249	6.699404	6.993092
5.023768	4.367528	6.782713
5.173316	6.710234	4.820695
2.957407	3.301833	5.080595
4.130848	4.857622	3.081025
