2.941949	4.068300	3.341875
2.856116	4.860592	4.894225
3.326165	3.866589	3.375556
5.367426	5.876328	5.770881
5.640735	5.839621	5.752223
4.924826	4.297922	6.345207
3.788067	4.848591	8.710208
2.972814	3.529047	4.981568
3.813575	4.958763	3.350097
3.952055	5.879009	8.367538
4.721493	4.978770	4.022084
3.118492	5.764314	6.218185
4.209775	4.600350	2.863483
3.138554	5.151202	8.219586
4.327389	5.796946	3.490767
3.871761	4.180936	8.574267
3.643134	5.255846	3.145294
4.662145	4.740738	6.357735
5.104985	6.167550	4.967670
4.720150	6.768518	5.083713
3.181822	5.388608	6.773588
4.958801	6.681579	5.909197
3.722726	4.856271	3.146318
4.676503	3.961602	5.968715
3.951065	6.012985	8.720070
3.224527	3.244140	6.617876
5.044043	6.050619	4.413326
3.165257	4.774497	3.247315
5.210275	5.029829	5.593023
3.748073	5.854288	7.127811
3.424055	6.277681	5.489277
3.587955	3.231069	7.220057
3.417971	5.630213	4.003636
3.841481	4.923396	3.046756
5.178282	6.532129	5.027524
3.349828	4.331321	8.920473
4.548257	4.704279	8.925294
4.316746	5.974292	8.876462
4.388009	3.474873	5.466295
4.383849	6.345796	8.000726
3.711540	6.084485	7.120833
5.056051	5.973983	7.785688
4.069009	5.386623	2.733651
4.443381	5.431361	2.881667
3.899981	4.727884	3.315875
4.253554	3.638839	7.252890
5.357183	6.020446	4.162912
3.764002	5.245850	8.250816
4.194888	5.325588	8.935073
2.931672	3.891004	5.028888
4.936297	5.818472	4.161870
4.468702	4.589484	8.720458
3.370248	4.890632	3.510719
4.323816	3.900891	7.166521
4.836045	4.096566	5.791012
3.195941	4.031942	3.408002
3.828385	4.904916	3.030213
3.791849	4.771773	9.045424
4.970250	4.950550	6.904761
4.013851	3.887968	3.485827
4.482881	5.980390	8.354483
3.124451	4.355639	3.520592
3.316343	5.216173	3.337670
4.825984	5.292915	8.379282
3.796187	4.800658	2.968426
2.853412	3.591046	5.342531
3.727936	4.696123	8.620228
3.857233	3.762805	4.065352
4.579369	4.738590	8.412236
3.198046	3.842596	3.775760
3.151838	3.415910	4.933892
3.047558	4.460841	7.187671
3.765669	5.311947	2.953932
3.683262	4.883875	2.878199
4.238645	4.127407	3.884550
3.029752	5.022590	3.405396
4.180632	5.154931	3.122883
4.085375	4.323008	8.870309
4.323181	3.877599	4.719669
2.681828	4.861050	6.011708
4.886887	5.075603	8.861164
3.864336	5.311627	8.847945
3.883054	6.594837	4.336235
3.901632	3.307206	5.562943
4.212692	4.905491	3.271097
4.319823	6.457831	7.957628
3.993270	3.530233	4.369135
4.500309	5.897595	8.332669
2.869936	4.148461	6.242705
4.265211	3.716118	4.733347
3.769531	6.421811	6.259975
4.590328	6.030236	3.496906
4.352689	6.372149	7.301871
3.567744	4.225230	3.237017
3.429305	3.205757	6.553653
4.007884	4.403370	3.251915
3.932916	5.577684	8.545501
4.275964	3.808781	4.293019
4.399458	5.113725	8.771922
3.062869	4.031551	3.666636
3.199105	5.691097	5.008134
3.259881	3.176595	5.348557
2.861419	4.124191	4.424134
4.042845	4.701552	8.678915
3.733547	4.773956	9.285912
4.726863	6.678553	4.991350
4.882429	6.780839	7.209740
4.027870	5.264871	8.715769
3.944262	6.784677	5.948046
4.443817	4.730265	8.155955
5.120863	6.485487	6.342334
5.033945	6.083311	3.829014
4.033595	5.302947	8.762030
3.700687	4.911174	3.133966
5.168082	6.064321	6.956614
3.816111	5.836848	8.182943
3.234515	5.626679	5.332903
4.393874	4.517977	8.058591
4.311802	4.692503	3.162917
2.891165	3.870684	4.338896
4.099414	4.562094	8.905180
3.226783	4.292032	3.721573
4.271548	4.701928	3.237077
3.066569	3.178756	5.643935
2.770894	5.102656	6.157405
4.853672	6.734934	5.896517
3.230906	3.533799	7.236162
4.194017	4.662984	2.966036
4.019280	4.829244	3.300817
4.641139	6.395815	4.622376
4.508160	4.564336	7.834573
2.968799	3.555454	6.680718
4.622479	4.679696	4.292829
3.963836	5.434026	8.822518
3.601292	4.987865	8.879109
3.108312	6.204434	4.957567
3.709651	6.433669	7.101463
3.772120	3.978193	3.397567
4.179334	4.602335	8.705459
4.013199	4.814080	3.142197
2.975876	3.724042	7.163446
3.041302	5.354500	4.457334
3.783393	4.430874	2.954552
4.881603	6.460534	7.460905
3.867862	4.658231	8.618584
3.868107	5.962081	4.055391
4.354617	4.723999	3.506381
3.679080	6.041535	4.771768
4.299644	5.126563	3.014080
4.167642	4.597247	8.248101
4.583183	5.479020	3.383334
4.701485	4.357253	3.877168
3.935747	3.357821	7.113856
5.143949	5.717604	5.115738
3.591643	5.072475	8.907385
4.314845	4.892008	9.165693
4.176306	5.517275	8.864570
3.539969	5.823887	7.353181
4.168101	4.996482	2.915356
4.982947	4.941390	5.143870
2.833071	4.425938	7.163304
3.741703	4.101899	8.701713
2.763415	3.715329	7.911908
3.084750	5.488881	6.834940
4.939880	5.687251	8.317237
4.932091	6.223432	4.606757
3.132597	5.215359	7.212130
2.515391	3.746117	7.127235
3.854944	4.873208	2.992273
3.734731	5.764281	3.317027
3.419827	4.495958	8.704102
4.265067	5.007767	3.454100
4.152952	4.945519	9.121870
4.251166	6.740061	5.030113
4.670156	6.170926	7.524848
5.017098	4.771734	5.885840
2.908485	4.373085	8.770275
3.808901	5.129888	8.823692
3.730578	4.948404	2.954562
2.767642	3.936366	4.294037
3.772018	4.399137	2.852161
3.869006	5.626987	8.774835
3.404148	4.079317	8.678871
3.238290	3.899541	8.023638
3.523278	5.568586	3.937163
3.388168	4.517494	3.242790
5.271743	5.592689	6.488909
4.317446	5.385299	8.961136
3.291075	3.855134	8.187017
4.935078	5.940836	8.045023
3.260681	3.592197	4.082489
4.428825	6.458007	4.042990
3.816569	3.876775	8.093267
3.837223	6.321750	5.092825
3.689265	4.215909	3.256186
4.149397	3.939831	3.927355
2.843157	3.599833	6.649688
4.169430	5.385906	9.137396
3.071658	3.765199	4.389813
5.141955	6.054888	7.453553
4.153304	5.092184	3.197484
4.557789	6.799892	5.558862
4.114240	5.443113	2.989551
4.944586	5.683337	3.668264
3.495276	3.427431	4.311754
3.762327	4.619785	8.761180
4.569782	4.468838	7.281634
4.897334	4.828722	8.060336
5.252413	5.659953	7.511738
3.936959	4.974513	8.944474
3.840736	5.678923	3.187588
2.939585	4.345743	7.776217
3.002515	4.341455	3.826514
4.439800	4.181324	5.625553
4.671549	4.915898	8.064786
3.888561	5.004051	2.904357
5.294390	5.983334	7.486995
4.952260	5.548146	3.639123
3.995151	5.128229	3.149089
3.942742	4.802337	8.853655
3.901269	3.435532	7.413159
2.815829	4.635269	4.282195
3.865011	5.087166	9.009877
4.303543	5.642311	3.217875
4.543318	5.589764	8.977562
4.231404	5.010957	3.164859
3.196012	4.696965	8.641181
4.341590	6.940083	7.062782
4.353003	4.765494	3.132998
3.934851	3.318156	6.177682
4.710709	6.532539	6.542547
3.299077	5.412714	4.510637
4.239333	3.541888	5.957730
3.724188	5.948014	4.646159
5.405941	5.815540	6.149379
3.075010	3.283697	6.935081
5.153389	5.458563	5.164675
3.491156	5.712569	5.789630
3.354689	4.820117	8.476496
4.932691	6.600105	4.464436
4.790581	6.737064	6.717547
3.927794	4.969888	2.753046
5.318125	5.827745	4.597852
3.373145	3.403918	6.809424
3.938448	4.770615	3.230844
3.285644	3.933854	3.909103
4.239282	5.601982	3.412792
4.073987	5.266866	8.947396
4.655796	4.986856	8.765695
5.262144	6.493047	5.771843
4.993992	5.062393	7.442328
3.047738	5.148437	7.796021
5.321701	5.492383	8.050693
4.034239	4.691986	3.063737
4.691618	5.490891	3.440753
4.592680	6.126446	3.455739
3.614026	6.225032	5.743213
4.667264	4.699617	5.215326
5.083895	4.817485	4.435462
4.703921	5.255084	3.379954
3.655565	3.744469	7.816162
2.934427	3.160744	6.256919
4.769074	4.092488	5.516981
5.348856	6.346937	5.970216
4.026494	5.002215	2.949777
4.805281	5.303607	8.281812
3.611294	5.636960	3.568683
3.841384	4.975436	9.058108
3.904533	5.895968	4.122867
3.766437	5.220514	3.787088
4.266354	6.235921	7.055114
3.946092	6.446781	6.569430
3.760485	5.192383	3.015229
4.531716	4.997697	3.203642
4.296790	6.346166	7.996602
3.989106	4.759565	9.108085
5.429653	5.487758	6.869451
3.075191	4.361939	8.232116
3.681418	3.752858	3.871412
3.993681	5.127966	8.971994
3.489565	5.746318	6.959569
4.413475	5.418163	2.956724
3.747165	4.477215	3.257414
4.160916	4.896856	8.863671
4.076511	4.595425	8.394045
4.067182	5.016487	2.792319
4.699988	5.835853	8.327042
4.294966	3.816267	6.662728
3.797264	5.452010	3.321997
2.735018	4.034623	5.527540
3.540231	4.953510	9.008031
3.903990	5.350901	8.974623
4.073342	4.929820	2.993789
4.782968	5.002081	8.154815
4.644358	5.041917	4.776732
3.896225	5.077756	9.245965
3.980106	5.718080	8.302251
3.069345	3.901121	8.038985
3.978062	4.168663	3.326873
3.419208	4.658244	8.838566
2.980633	4.494651	4.835534
3.873100	5.167510	2.979205
3.129861	3.564008	7.757149
4.924578	5.920292	3.865844
4.463867	6.637884	7.488007
2.738184	3.226189	5.967574
3.956845	4.347832	8.453084
4.452601	4.891362	2.946630
4.727331	5.307548	3.543870
4.076895	4.919439	9.026510
3.622815	5.075133	8.697913
3.562667	3.889684	3.554342
3.631122	4.789165	3.179042
3.530287	3.111090	6.129238
3.923134	3.836396	4.748052
3.325697	5.388748	7.777072
4.083093	5.028635	2.581868
4.676711	4.514876	7.696867
2.995603	3.217238	7.448852
3.438385	5.718419	6.905098
4.022649	5.064888	9.130642
4.309543	6.295070	3.972162
4.002193	5.027515	9.132099
3.262749	3.503689	4.273231
4.550829	5.527356	8.677629
2.708355	4.425187	6.440615
2.863695	3.422172	6.720723
4.548681	5.306763	3.347194
4.811897	5.955857	3.783345
3.183451	4.099579	8.435683
3.275282	4.960012	3.551842
3.530915	5.278503	8.648950
4.140499	5.031622	8.986497
3.625424	5.359483	3.064773
4.020477	4.817082	8.918936
2.794858	4.685024	6.001190
4.009167	6.258386	4.179552
3.870021	5.073266	8.879991
3.158437	4.957527	4.436373
4.474199	4.033973	7.785175
5.232120	6.524670	6.139241
3.728252	4.800295	3.359241
4.314383	5.210741	2.883039
4.810013	4.376268	6.976048
4.002366	5.776459	3.794986
3.694852	4.090752	8.447060
4.092013	6.524874	7.666747
3.851370	6.290656	7.490641
4.410824	5.508155	8.993392
4.207863	4.850499	2.883739
2.636328	3.613721	6.167318
2.914698	3.757407	4.793307
4.385652	6.213974	8.122356
3.902780	4.952759	3.127374
4.269257	5.084321	8.871308
4.436559	5.026596	3.039603
4.592792	6.654697	5.830904
2.923858	5.503592	5.630504
3.695818	5.550286	8.557298
3.556232	5.530020	7.374504
3.861786	5.051530	3.168192
4.289611	5.595289	3.077292
4.978972	5.626186	4.257057
2.844775	4.135336	4.743190
2.685861	3.589520	6.063771
3.070265	5.104271	8.083517
3.773918	3.796887	7.846556
3.126566	5.078232	3.953603
3.243075	5.505531	4.895918
5.045918	6.174219	5.257017
5.045157	6.319372	4.441122
4.330567	6.621463	4.481221
3.491390	4.324476	3.542934
3.092565	4.772089	7.767942
4.624707	6.662455	4.639185
4.377398	4.251090	4.947277
3.952443	4.132944	3.453184
3.419044	5.299712	8.586083
3.907014	4.064183	3.632395
4.318702	4.461255	6.531898
3.092954	5.251423	4.256782
3.484812	3.477555	5.321161
4.160879	5.265105	3.167909
3.231396	5.502569	6.190424
3.930549	4.884189	3.039519
4.916263	6.253524	8.502710
5.165954	6.607683	6.905284
2.960437	4.078182	7.798840
4.498874	6.060061	8.422634
3.878524	3.149562	6.574278
3.838448	4.358911	3.240768
3.976260	4.780901	3.001812
3.467812	4.587744	8.634183
4.945238	5.486757	8.239042
2.827715	4.744657	5.174075
5.370639	5.576366	7.331438
5.119617	5.279897	6.694376
4.088047	4.482311	8.605100
4.866240	5.170844	4.139472
4.625684	5.526418	8.828262
4.633025	4.435876	4.164283
4.220550	5.769479	8.415480
3.427113	6.189889	5.994444
3.868256	4.467781	3.166438
3.856960	6.273046	4.125439
5.220888	5.315150	4.710331
4.623768	5.224667	3.584261
4.818479	5.030430	8.834609
3.720913	4.189100	8.969959
3.213918	5.111543	4.649107
4.356391	4.157685	8.237300
4.088805	5.098808	8.847436
4.643986	5.636607	8.701543
3.221326	4.593394	8.143528
5.515998	6.018490	6.282981
2.399175	4.531025	5.489447
5.154400	4.932757	7.583694
4.099042	4.858843	3.041120
4.119769	5.647447	2.822722
3.999384	4.390687	8.928874
3.368201	3.367058	4.918780
3.866422	5.909323	7.786742
4.585082	4.480078	3.234452
4.300093	5.134282	8.802975
4.107029	6.204480	8.355187
4.456222	6.800530	6.066699
3.220024	3.630862	8.112702
4.035992	5.144252	2.972632
3.656588	3.417135	5.479023
3.679060	4.807496	2.981392
3.176157	5.542101	4.091932
4.598677	4.456550	5.457171
4.115087	4.782830	8.869897
3.549750	4.874343	2.740285
4.035835	3.493082	6.750811
3.893411	5.280936	3.315494
3.690582	3.663205	7.564663
3.760132	4.921006	9.100024
2.918355	4.762221	6.500210
4.893500	6.426731	7.988274
4.077715	3.540326	8.194770
4.679519	4.968881	8.786448
3.245896	3.187107	5.239390
3.548431	3.294623	4.810852
3.554010	5.631275	7.871586
3.960974	5.706106	3.429377
3.937504	4.842831	8.935490
3.430358	3.393663	5.973571
3.643128	5.338990	2.869988
4.513696	4.166247	8.162251
3.371938	5.372688	8.581957
4.740741	6.671192	7.250840
5.057527	6.256980	5.091697
2.456377	4.106068	6.917705
4.558478	5.751006	3.029532
3.695503	6.360522	6.592731
4.362869	5.967126	3.377666
4.111478	5.420285	3.125258
3.910593	5.151288	9.079386
3.886341	5.042901	9.081274
3.572842	3.362039	4.451970
4.108912	4.002129	3.946037
4.053009	5.712805	3.805727
4.389353	5.674175	2.942236
4.164160	5.721411	2.868569
4.794179	6.150384	4.242213
3.788206	3.889695	8.131700
4.001922	4.815701	3.137736
3.239593	4.965996	3.905089
4.798375	3.784542	6.898427
4.102564	6.712470	6.830013
4.014660	5.127754	8.839094
4.890925	6.731368	5.564338
3.921871	4.802364	8.878900
4.548194	4.774169	3.673648
3.584760	4.581253	8.852818
4.039715	4.832983	9.098054
4.235612	5.871421	3.594908
4.753262	4.519286	4.408298
2.906167	3.861412	7.215440
4.466308	4.925785	3.693019
3.699627	5.038748	3.205213
2.935211	3.560190	5.293086
4.662977	5.112031	8.460757
5.250832	5.210075	6.241749
4.609668	6.846705	5.079950
3.438004	3.386861	7.584537
4.514958	4.024281	4.889569
4.322080	4.364149	7.754945
4.473759	4.289859	4.163463
5.277103	6.117386	6.852956
3.537121	3.673236	8.357011
4.052384	5.518399	2.846739
3.399207	4.519860	8.580849
4.048342	3.801655	7.641354
3.908799	6.373114	5.224455
3.066999	4.206703	8.310414
4.362667	4.510642	3.757555
3.160050	3.734868	6.096394
4.374806	5.791630	8.440079
