4.150026	4.761963	2.982095
3.325808	3.348279	7.195417
3.566414	4.412032	3.233267
2.888984	3.693720	6.875479
4.656946	5.079166	8.447609
3.080763	4.872977	7.581539
3.437516	5.334650	5.806257
5.175049	6.603555	5.667095
4.028769	4.260824	3.442004
2.778810	4.313792	6.028075
3.056322	3.437740	6.607140
3.356024	5.568797	4.198116
3.638481	4.901633	3.082690
4.014090	4.407606	8.661111
3.837499	4.737047	9.148414
5.036122	5.023108	6.461044
4.033011	5.213930	9.052640
4.787903	6.769855	6.221424
4.675169	4.447320	4.982779
4.519170	6.259989	4.054870
5.255801	6.386041	4.235752
4.042242	3.669292	8.057143
3.741721	4.959619	8.928078
4.175241	5.364846	3.110979
3.373867	3.311844	5.517363
3.902599	5.878394	8.140347
2.888998	3.728194	7.379896
2.832412	4.074415	4.319024
2.978374	4.521621	3.839180
3.873980	4.779575	9.312527
3.875635	3.356377	5.884492
2.737255	3.994384	3.734093
4.655704	4.511652	7.409795
4.277075	4.337937	9.106545
4.967225	4.870805	7.788877
3.921353	6.103590	7.755542
3.970467	6.549465	6.127685
4.620804	6.340624	3.763585
3.279055	5.257074	7.907822
3.908747	5.239332	2.865968
4.415915	4.785576	8.605377
4.840401	5.119609	8.758766
4.809765	6.421071	7.173848
4.933986	4.807950	3.976082
2.524666	3.642611	6.189535
3.362704	5.343238	8.161117
4.332806	4.914565	8.745817
4.618281	6.033433	8.439083
4.507888	5.641963	3.406051
3.453118	3.244506	5.097699
4.512873	6.756963	7.054150
2.948350	3.398389	7.802128
3.284311	4.410093	8.649822
4.137221	4.861883	3.023570
2.961975	3.496306	5.417529
4.169623	4.708734	8.637601
5.406396	6.084417	5.657302
3.900653	4.911095	3.300882
3.973034	5.189607	2.990921
4.853140	4.809955	7.416523
3.907142	5.315326	2.877927
3.851738	4.891765	8.962275
3.766038	5.169976	2.936970
3.850549	3.706831	8.105461
4.631312	4.794747	7.779927
3.044439	3.381036	6.148559
4.198108	4.461090	3.370139
3.983278	5.150091	9.047159
5.135796	5.694651	7.048174
3.133000	3.286766	4.824025
4.037478	4.642797	3.050362
3.719143	3.495453	6.740723
3.587921	3.966313	8.772644
4.257677	5.529983	2.992555
4.416292	5.538830	3.023976
3.842181	5.403135	8.779495
3.744032	5.538359	8.556606
4.508492	5.684542	8.621570
4.959978	4.983847	2.973998
3.542551	4.073764	8.217318
2.711761	4.239750	4.185813
3.996104	5.137994	2.921144
4.117083	5.224864	2.913083
4.601074	4.818464	6.693806
3.280116	3.396674	6.756168
4.436466	3.688328	6.197361
3.411928	4.039691	3.442515
4.845386	4.659935	7.628112
4.163975	5.827854	8.657961
3.568905	4.401391	3.227373
4.640006	6.722022	6.926452
3.739803	6.030349	5.149605
4.024782	5.262489	8.554374
4.061328	4.909409	8.937414
4.652332	5.113388	8.341412
4.523764	6.159189	8.547852
4.108619	5.110495	9.097965
3.248410	3.287979	5.455673
3.633544	3.847574	3.881544
3.505704	4.598760	8.808990
3.850932	6.195575	4.744055
3.695808	4.788744	9.012149
4.804153	6.383071	3.848052
4.759656	4.328184	5.659938
4.071031	5.289646	9.189800
3.417432	6.035803	6.390752
3.416463	3.666028	4.072148
3.002682	4.988326	6.553100
3.598184	3.964222	8.366336
4.647608	4.405497	5.855919
4.973586	5.106087	3.665722
2.679492	3.443467	5.131225
5.487359	5.510138	6.415707
4.422652	4.193755	7.865106
2.560661	3.969235	5.471096
4.689251	5.038113	8.396701
3.080917	4.299680	4.383107
3.319304	4.127350	8.099643
3.864830	3.487592	7.308643
3.859685	6.240786	5.786940
3.823926	4.897581	3.105604
5.024810	6.124102	7.803057
4.504115	6.804771	6.388086
3.355612	4.201111	8.713473
4.892934	5.451445	7.958182
3.884785	6.151048	5.165971
4.692357	5.864758	4.002511
4.292643	4.797822	8.274519
3.991603	5.096446	2.953612
4.197884	6.290901	8.148213
3.506934	4.206358	3.229017
3.351724	5.094943	3.371596
4.532275	5.243697	8.438845
4.431870	5.684687	8.859178
4.919423	6.581846	4.969910
3.882343	4.948552	3.190042
4.093525	6.342394	7.190331
3.998707	4.737918	8.873013
3.434458	5.333291	8.634994
3.534540	6.102684	6.740758
3.275100	5.552183	3.253807
2.473169	4.800323	4.804484
3.214575	4.893925	8.313745
3.022698	4.218839	7.843227
4.426452	4.795585	3.270904
2.832915	4.762147	5.602718
3.689045	5.517327	3.159664
3.555488	4.737113	3.102221
4.586130	5.538477	3.337136
4.179538	5.788640	3.370317
3.991685	4.729826	9.046574
2.907950	5.093510	4.316877
2.892825	4.387051	7.615956
4.542761	4.197174	7.015951
4.884843	5.409518	8.216173
4.642580	6.449349	4.616376
4.299584	4.803645	2.978611
2.843231	3.706161	6.548296
4.011028	5.022539	9.220184
3.794081	4.820286	9.100780
3.153821	4.302643	8.422552
3.588041	4.680025	8.861558
4.440564	5.717163	8.579125
5.026654	6.472414	6.415125
3.581874	4.911129	3.817691
3.524527	6.183318	5.834656
3.847355	3.881118	3.459171
4.663473	6.127202	8.191502
4.783722	6.823892	6.622800
4.969587	6.327639	4.572409
4.159771	6.791234	7.495585
3.844885	3.968642	3.875585
4.678653	6.507847	4.660820
4.654322	5.658025	3.728993
3.407425	5.429375	7.530410
4.210067	4.549161	3.550610
3.847529	6.138014	5.367997
4.025460	5.557902	8.868223
3.981855	4.901112	8.917055
4.036590	3.926205	3.641314
3.028348	4.438671	7.463666
4.207671	4.868566	2.938364
3.721480	5.332283	8.472442
3.707118	4.835252	8.825023
3.066635	5.480605	6.611720
3.821792	4.028473	3.536522
5.290077	5.214914	7.459793
4.318890	6.710350	4.806149
3.820462	5.213683	9.340788
4.222621	4.818665	2.949865
2.954643	4.101094	3.924276
5.552530	6.430675	6.271509
4.172910	5.046317	3.164094
3.354343	4.272089	3.570704
4.603669	4.249543	4.442178
3.081434	3.715069	4.400200
5.385049	6.047292	5.422302
2.710489	4.025022	5.531148
3.939111	5.916033	8.798971
3.651600	3.178192	5.543544
3.212029	3.589670	7.735026
3.373849	5.558170	7.225652
3.659793	5.785517	7.508426
3.977043	4.838957	9.166238
4.288408	3.707865	7.255407
3.561200	4.674878	8.617388
3.525882	5.814374	3.660253
4.229711	4.487046	8.515982
4.526701	5.723080	3.218381
4.466224	5.628292	3.091277
2.693757	4.295842	6.762673
4.133236	6.434958	6.904229
3.995871	4.422325	8.681510
3.765465	6.443422	6.357620
4.005370	6.585626	5.698152
3.950486	5.169282	9.013748
3.974340	4.165662	8.887409
4.054821	4.752816	9.102147
3.149049	3.364311	7.303200
2.751431	4.721859	6.040776
3.004104	5.572455	6.548420
3.576150	4.700111	8.839073
3.418375	4.632206	8.555326
3.911202	4.110845	8.229685
3.684004	5.441500	8.614772
5.097753	5.988138	5.077592
5.013746	5.047387	5.735479
3.417298	3.554286	6.500379
3.636925	3.589259	4.849011
4.510632	5.934608	3.477563
4.206955	6.025339	8.131083
4.038957	3.754944	3.722137
3.921917	4.292608	8.235990
2.983593	3.741371	4.380123
4.076574	5.321520	3.232007
4.155152	4.575687	8.600088
3.813975	5.155465	8.318703
3.508595	5.842345	5.588691
3.381341	4.181301	3.107380
3.851065	5.478585	2.876451
3.939810	5.205854	3.055190
4.601154	4.302693	4.055834
4.421132	4.202040	4.529143
4.330280	3.826648	5.288194
2.683864	3.981506	5.036500
2.942781	5.188603	4.938909
3.302373	4.853506	3.813794
3.744777	4.748944	2.969433
3.928836	5.818335	4.162830
3.913579	5.036545	8.877690
5.339911	5.686881	4.525897
4.297215	5.243453	2.999132
3.549750	3.536461	4.356140
3.916878	5.162616	8.961455
3.477958	5.790719	4.365802
5.215520	6.361924	4.743246
4.704184	5.454809	3.197220
4.239552	4.413334	7.796386
3.623075	5.537185	8.325959
4.229682	4.366975	3.503643
3.027693	4.719568	7.958496
4.176046	6.418796	4.869186
4.159017	5.145840	2.908143
4.987348	4.509139	4.937330
3.979592	5.082344	9.016574
3.209751	3.814554	3.673827
4.338896	4.730375	2.989698
3.976661	6.278063	4.472415
5.270026	6.049504	4.671661
4.605976	3.988875	5.818899
4.609133	5.404548	3.109531
4.579581	4.428894	6.063019
3.935457	5.306201	9.177261
3.369295	4.550121	3.516137
4.323094	5.519638	8.737540
3.800161	4.244248	9.101507
3.789876	4.859619	2.839601
3.644030	5.095608	9.038170
4.248963	4.911658	3.151201
3.921365	5.079580	3.060159
4.230956	5.097233	8.857488
4.543631	4.223864	5.532875
4.141786	5.247641	9.225105
4.317706	6.732585	7.711271
4.153884	4.921044	9.124971
4.352161	4.166711	6.615149
3.921571	4.279545	8.914530
3.159779	5.082610	7.254913
3.819778	5.419785	8.611547
3.602024	5.176262	3.137500
4.040134	6.305300	4.197802
3.907330	5.228779	3.400384
4.842344	6.797660	5.554813
4.238302	4.944327	3.018662
4.146736	5.203496	3.164392
4.264859	6.143090	8.537619
4.469367	4.382096	4.048743
4.942104	6.238585	6.169769
4.855594	5.249686	4.708529
3.325452	4.240544	3.296839
2.825302	4.132221	4.848055
5.101271	5.679437	7.936247
4.245472	5.476051	3.298390
3.145622	3.521998	7.629301
3.133422	3.345985	5.563288
4.327516	5.178502	8.992992
3.873091	5.762606	8.598987
4.193926	4.405529	8.559927
2.514735	4.869022	7.046552
4.183564	6.662224	5.785176
2.756113	3.626162	5.456888
4.849762	5.633066	4.700394
4.652405	5.076724	3.340003
3.868140	4.825492	3.227329
3.563744	5.693401	3.614582
3.714748	3.261805	6.267962
5.130420	6.403345	6.265960
3.855931	4.974939	3.100185
4.435774	4.198417	3.612164
4.023650	5.317274	2.964623
2.882559	5.049079	4.128985
4.514130	5.851235	3.700343
3.830326	5.137661	2.939236
4.143002	3.539717	4.144639
2.976131	3.656586	7.122427
4.281396	5.832304	3.494212
4.839555	6.828023	5.467973
4.223132	5.727310	8.841098
4.217895	3.746199	4.048737
5.317297	5.577528	5.887140
4.153935	6.972589	6.213185
4.146212	5.023890	8.870716
3.888848	4.993107	9.028517
4.018615	5.229485	8.885482
2.914252	4.390017	5.173423
3.285178	3.396295	7.168929
5.158978	6.226702	7.323481
4.010780	4.946470	2.893951
4.836037	5.613652	4.408513
4.909696	6.519434	6.948152
4.396604	4.977741	2.967456
3.939009	6.411992	7.567923
4.154329	4.506077	3.176254
3.606765	4.454329	3.061955
3.814341	5.207943	3.224180
4.018893	6.165300	3.541950
5.111195	4.683703	6.163717
4.855509	6.525387	4.123112
4.876982	5.297668	4.094517
3.416637	4.970136	8.156250
3.477958	3.456812	4.562382
3.314701	3.822214	4.033231
3.354965	4.169738	3.544876
3.388869	4.064683	3.490852
2.829568	3.370957	5.100509
5.331539	5.778975	6.458769
5.001690	4.800074	6.854389
5.255666	6.066538	4.636600
3.337670	4.663576	3.560183
3.598340	4.454672	9.031475
4.430643	4.746810	3.152538
3.339813	5.640327	8.370634
3.157973	3.433742	6.612221
3.526272	5.393145	8.686964
5.345958	5.778307	6.885194
4.166321	3.497159	4.972519
4.751212	6.484334	4.466112
5.021323	6.481497	5.306620
4.623240	4.688935	7.957052
5.248285	5.932958	7.021246
4.518424	5.335995	8.563618
5.121757	6.442547	7.023375
4.745022	4.031501	5.055263
5.060960	6.397287	7.623406
4.663957	5.923304	8.393692
3.520402	4.308373	3.305229
4.661732	6.315101	7.548236
4.817079	4.830969	5.356843
3.738957	6.215572	3.544966
3.923419	4.978957	9.216471
3.475575	6.195817	6.797899
3.920081	4.886521	9.128334
2.699564	4.041911	6.833763
4.774022	5.778070	8.403845
3.627457	4.741190	8.807434
4.033705	4.952027	3.017848
5.145590	5.541167	7.061065
2.534081	3.884264	6.120793
4.000620	5.241769	2.909036
3.801587	4.080700	8.706493
3.662093	5.852446	3.512934
4.329481	5.125129	8.909997
4.077421	5.142242	8.734905
4.566719	5.295969	8.807577
2.716444	4.341374	4.973944
5.190368	5.246296	5.126035
4.328747	4.877646	3.079719
4.324258	4.252009	8.674745
4.226344	6.196048	8.024619
4.145708	5.172971	8.826861
4.719199	4.431610	4.188257
3.746019	5.470112	8.576904
3.939942	5.058785	8.945154
4.125167	5.230335	3.257089
4.494538	4.828122	8.763392
3.727973	5.036932	3.278361
4.045579	5.209020	3.105431
3.791061	5.193860	3.147192
4.316579	4.750914	3.183277
3.023493	5.349068	5.401020
3.017521	5.252269	4.295354
5.178186	6.202044	6.994018
4.084945	6.163608	8.710723
3.649686	5.914356	8.088806
3.796366	4.986699	3.110006
3.454654	4.500788	8.941448
4.816386	4.840616	3.763301
3.473692	4.760179	2.962461
3.498618	6.239322	6.369296
2.937054	4.747655	6.498211
4.159491	5.601632	3.229065
3.017298	3.941264	8.137425
4.126467	4.596710	3.146388
4.578517	6.814134	5.826600
3.762365	4.647873	2.943158
4.236115	6.639500	5.267041
3.323820	3.434836	4.688189
4.028695	4.825504	8.647768
4.506696	3.896259	4.245913
4.829493	5.184562	3.359719
3.587316	3.821975	7.752272
4.036828	3.615688	7.744401
4.066749	3.529258	4.919303
3.932985	3.593622	5.468269
4.630682	6.810404	5.143392
4.417015	5.472863	3.282209
4.997598	4.903548	6.925639
3.604763	3.312058	5.886586
4.599421	5.035373	4.255684
4.050614	5.325436	3.131883
4.470769	6.140063	3.584604
4.575371	4.331294	4.598605
4.146880	4.827897	3.132827
4.043932	6.309834	4.636451
2.989234	3.404163	5.923104
3.582537	5.081846	3.514952
3.564191	4.742898	2.959891
3.195698	3.444562	4.588155
4.272426	4.553774	3.554095
3.429074	5.076943	8.887181
3.301678	4.614949	8.631831
4.399342	4.243846	8.309740
3.329356	2.924289	5.827514
2.986033	4.057560	3.949872
2.955156	5.224368	8.467568
4.380245	3.612482	5.348316
5.242141	5.619351	5.070010
2.835297	5.445113	5.894618
2.747634	4.190930	7.256125
2.442198	4.060593	6.224429
4.393604	5.620363	8.797103
3.631478	5.923395	7.500575
4.570850	6.302219	8.083289
2.833576	3.748541	7.804971
5.023468	5.749022	7.991580
2.986583	5.366060	5.692001
4.016748	5.333487	8.716187
4.155875	3.555269	6.563428
3.295906	5.735357	4.926756
4.227698	6.433918	4.170112
3.737526	5.771473	4.146577
4.327789	5.058832	8.909677
4.164975	3.587092	7.779720
3.208665	3.315718	6.959618
3.723666	5.231483	4.199635
4.902674	6.398648	7.824533
4.671903	6.026004	8.569952
3.557554	5.832674	5.076734
3.930731	5.184618	2.781855
4.069322	5.126467	3.071596
4.212245	4.834561	8.755481
4.877193	6.049381	3.587245
4.168487	3.691089	6.618369
3.070760	3.919108	4.125813
3.820441	4.937238	3.088834
4.870184	5.443189	3.686082
3.252038	4.856225	8.614397
4.183796	5.238121	9.127304
3.314798	4.474585	8.213741
4.001570	4.541306	3.040890
4.069832	4.118530	8.267038
3.267218	3.389020	7.924016
4.739135	6.455292	8.022805
4.511481	4.653295	3.320767
5.602289	6.146006	5.667889
3.793532	4.750811	2.858991
3.949985	5.352752	3.086060
4.224241	4.234844	7.288177
3.606095	5.033243	3.557355
2.876085	3.833136	7.734857
