2.524474	3.591185	5.457813
4.448189	4.967526	3.282528
3.778939	5.241924	3.330090
3.883946	5.965309	8.442979
3.558233	5.315094	4.030629
3.118951	5.498384	6.644688
4.173521	4.010047	8.244928
4.383529	5.304374	8.903433
3.965436	4.873739	8.819080
3.403340	4.217817	3.280615
5.269174	5.603235	6.907988
3.833343	3.543314	3.765968
3.577638	4.598164	8.773957
3.449891	4.991538	3.567116
3.125151	3.978936	8.267116
3.441900	4.263043	8.485092
4.634398	4.400041	6.839727
2.786970	4.044403	5.538414
2.672879	3.984936	5.467068
4.383549	4.593045	8.525151
4.088917	5.018817	8.983134
4.236407	5.415655	9.082867
3.593784	4.308829	3.215028
4.010347	5.053475	3.012100
4.128191	5.026840	2.985455
5.060614	4.840805	5.631220
3.896959	4.795940	9.121358
2.964695	3.220264	5.480142
3.804382	5.137119	8.985092
3.566904	4.025418	8.683102
4.481293	5.539576	8.779937
3.411822	5.698506	7.459995
3.609450	6.174134	6.184571
2.644421	4.172186	4.921541
4.727925	5.385416	3.532722
3.995129	5.389027	3.265626
4.532784	3.892270	5.334279
4.310392	5.497914	8.888050
3.834058	4.135917	8.587564
4.222617	5.023009	8.923673
3.979801	3.370347	5.437892
4.056911	4.961169	8.924657
4.625205	4.402788	4.585863
3.529300	5.031248	3.279337
3.807628	4.740929	8.835235
3.639669	5.100238	8.755918
3.920918	5.603240	8.599461
4.118680	5.813420	8.657138
3.371467	5.683769	5.100392
5.167034	6.192241	4.625453
5.161136	6.381079	6.909636
4.401233	6.512722	7.004796
4.102127	4.829932	2.905048
5.028129	5.981397	8.084039
4.676590	6.747941	5.872684
4.551681	5.253157	3.439495
5.233322	5.559531	5.692132
3.523604	4.574256	8.735991
4.333125	6.203992	3.780794
3.024247	4.201762	4.433623
4.980369	5.631674	7.319371
4.756893	6.116585	8.446356
4.373611	6.045410	3.530856
2.971539	4.362599	3.799845
4.295327	6.486584	4.416820
3.739776	4.963436	9.117463
3.938093	4.371359	8.870540
5.250671	6.504489	5.603530
4.173387	5.021825	8.971385
3.188633	3.324278	4.919674
4.293620	5.823782	3.294115
4.063846	5.106909	2.953844
4.846799	6.831498	6.938109
2.880780	3.102295	5.987548
5.278718	5.874923	5.129309
4.135900	4.826703	9.014270
4.978436	6.795181	5.690046
5.438521	6.192258	6.372396
4.113971	5.134435	2.978004
4.206655	5.162978	3.072611
4.126042	5.516802	3.152137
2.944263	3.236893	6.883880
4.033425	5.169382	9.032525
3.675088	3.372938	5.367752
3.468047	5.618265	4.186197
3.821880	4.144747	8.680843
4.006435	6.110036	3.698795
4.229266	5.059785	8.934364
4.338756	4.896000	3.190137
3.700171	5.917162	7.979487
4.683355	4.633523	7.461363
3.957768	4.935266	2.909603
4.104793	5.055526	9.084670
4.440055	3.887243	6.539690
4.545564	5.100403	3.374646
2.967660	4.514643	4.393976
3.931547	5.051877	3.132435
2.931729	4.945931	5.474271
2.636909	4.448910	5.962404
3.789262	5.054685	3.077437
3.777680	4.834594	8.937335
3.279369	4.650050	3.533421
3.888103	3.690610	7.896622
4.211058	4.877075	3.080741
4.933938	4.606504	6.472427
4.120308	4.563879	2.996875
3.373826	3.362839	7.408311
3.775590	5.065033	8.816793
3.069176	4.940754	7.880612
5.110946	5.612811	6.282561
3.744568	5.632109	8.937141
3.784742	3.898808	3.412406
2.870158	3.514757	5.051371
4.224673	4.132609	3.920076
4.029553	4.640111	8.932386
2.946897	4.923927	6.742226
4.635203	5.972058	3.774921
5.106944	5.291910	5.214241
4.309999	5.897876	3.202393
4.061606	5.516016	8.752307
4.427715	3.991114	3.917530
2.991013	4.352223	7.232288
4.928077	5.802513	8.067016
3.895112	5.053577	3.158123
3.964804	4.749756	9.012165
4.072734	3.820186	5.140108
4.040541	3.438090	6.177435
4.628859	6.501251	3.951649
5.107864	6.696987	5.208304
4.098995	5.644781	3.238523
2.940034	4.756615	6.227982
3.177280	3.586936	7.680045
3.921182	5.082955	8.999651
3.992045	5.800322	3.228149
3.626045	6.019576	5.768408
3.660938	4.242635	3.300800
4.103415	5.186650	9.001146
4.456651	5.214243	8.601371
3.365743	3.403205	7.829479
3.276294	3.273191	6.704123
4.801190	5.914207	8.281122
3.194227	3.951308	4.041678
4.753436	4.692454	8.471013
5.156409	5.962673	5.804438
4.151049	5.205193	3.024225
5.019380	6.346145	7.475688
3.460376	5.898496	5.241834
3.768727	4.267481	3.204533
4.794023	6.817089	4.969103
2.729565	3.545064	6.678580
4.776104	4.540054	7.095424
3.980161	4.986045	8.951949
3.860729	4.042530	3.736884
4.759801	6.176612	7.890514
4.153791	4.601970	3.291506
3.207377	3.199340	5.335257
3.945426	5.243295	3.374569
4.328255	4.359534	3.898831
3.820996	4.700877	3.190965
4.468979	5.570362	8.686409
3.971401	3.573099	4.910852
3.511356	5.221172	8.608886
4.385395	4.274435	8.229250
4.134890	5.043377	9.013902
3.220064	4.845611	8.483018
4.105579	6.287942	4.683614
4.804536	6.131165	3.651570
3.186108	4.782168	8.664541
4.098231	4.990336	2.936540
4.980611	4.928429	4.654080
3.987158	6.287872	5.809063
4.825730	6.449155	7.432491
4.447516	5.018772	3.016396
4.957787	4.848616	7.100187
4.783500	4.597036	5.743657
3.935333	5.113362	2.955408
4.887176	4.987638	4.095955
2.946943	4.556271	7.781800
3.851311	4.533167	8.986490
3.010942	4.810034	4.271893
4.158435	5.475460	3.140747
3.920336	4.335449	3.093223
4.401065	4.050408	7.057770
3.391810	4.845908	3.118448
3.871639	5.077648	9.016899
3.844225	5.318769	8.926580
3.969552	5.158566	3.130330
4.071656	6.059341	8.412301
4.162054	4.448437	8.634442
3.663398	3.752096	8.387358
3.908333	3.807329	8.138412
4.014994	4.919923	3.121274
3.992885	4.422780	3.195245
2.688360	3.497505	6.688439
4.324968	3.616732	5.978044
3.894955	3.990747	3.537609
3.236484	5.147829	4.339273
3.067461	3.536139	4.503589
5.121772	5.132253	6.992709
3.152629	4.033148	7.655215
5.153401	6.162791	5.014269
3.945446	5.151684	3.148789
4.512127	5.797686	3.434932
4.254822	5.098050	9.163096
4.259582	6.148858	8.411280
4.300672	5.441403	9.009813
3.427507	5.946175	6.125765
3.509362	3.698365	8.274081
4.108410	5.548042	8.864519
3.302617	5.437971	4.397675
2.880114	4.397147	8.113919
3.813247	4.718109	9.043732
3.721843	5.948740	4.095121
4.009689	4.945979	3.080698
3.847708	4.224764	3.237382
3.015992	4.910836	3.842513
4.061698	4.992281	3.083191
3.779246	4.931231	8.999553
4.227045	4.749401	8.873207
4.323826	6.289858	8.098761
5.067815	5.226215	6.399331
3.280686	5.513936	8.249025
3.509972	4.454659	3.309305
3.877413	5.504041	3.309498
3.163530	3.150717	6.054076
4.283971	6.341358	4.295215
4.939862	5.789586	3.967212
4.126391	4.986943	2.847296
4.211564	5.991890	8.518897
4.209537	3.604500	6.633175
4.677442	6.696648	6.900222
3.885400	3.517628	6.627719
4.202744	5.623734	3.010018
3.930720	5.171527	3.109318
4.091821	6.400878	6.428684
3.252934	3.483560	4.444864
3.631503	3.514789	7.357536
3.079175	4.735686	7.677728
4.244462	4.347414	8.575476
3.857404	5.086801	8.946636
4.877284	6.431541	4.571286
3.553619	3.502818	4.791306
5.028250	6.649059	6.954104
4.655501	5.773887	3.221168
4.470985	4.043183	4.984214
4.713268	4.228420	6.112626
5.163350	4.782364	7.453100
3.795981	4.791536	3.127318
4.602574	6.681091	7.555499
3.694890	5.248827	3.087545
4.046566	5.098174	2.970959
4.422219	5.727117	3.412505
3.360076	4.224820	3.643376
4.342109	4.608589	3.384964
3.396477	3.802578	3.839476
4.326830	5.110857	9.069578
4.321639	6.500627	6.988391
4.414431	6.660098	4.532823
4.941436	6.335057	4.574546
2.855747	3.141312	6.132848
4.914425	6.574189	4.678466
4.860015	5.523109	8.266807
4.460370	4.244178	7.649309
2.934075	5.363031	6.639201
4.360408	6.066804	8.318106
4.123186	6.778896	5.741283
2.660033	4.031667	6.713832
3.531519	4.999450	8.609321
3.205328	3.780570	8.173764
2.909894	4.266652	8.324786
4.244640	6.551947	5.232903
4.802901	6.641658	6.352968
2.973956	5.291805	6.003583
2.838932	3.943478	4.349583
4.175726	4.902967	3.249597
4.406198	6.473745	7.457197
3.112447	3.629480	4.760554
3.785040	3.730479	7.818174
3.477060	3.385406	6.149660
3.167706	5.130443	8.324384
5.140383	6.033397	4.099056
3.359920	5.792521	7.065835
4.598367	4.343861	8.122315
2.810597	4.047448	7.745985
4.791413	6.239744	4.058206
2.730157	3.682312	6.250766
3.877162	5.951748	4.027532
5.296913	5.865174	6.907122
4.907009	6.121297	7.937680
4.088148	4.964678	3.118492
4.470808	3.955275	5.888737
4.254754	4.224167	4.421305
4.051500	5.292576	9.076985
4.209164	5.399958	3.100434
4.001263	4.498344	8.976940
4.599606	5.039909	8.540779
3.223391	3.965878	3.614041
4.659183	6.437320	7.953385
4.615758	6.510190	4.593895
4.159960	5.149548	2.885980
4.257518	6.286891	8.017801
3.645274	4.528520	8.823362
4.462229	6.821688	5.250509
5.136172	5.769807	7.401887
3.990863	4.700491	8.937114
4.240900	6.297795	4.153466
4.045309	3.464381	7.284886
3.926056	3.839883	8.350461
4.719163	4.901050	7.969840
3.808482	4.961666	2.828743
2.649275	3.852068	7.344786
3.983241	4.939477	9.062065
3.669763	3.292108	5.496694
3.515111	5.398151	8.309675
3.709639	5.435507	3.201365
4.578385	4.585406	3.515321
5.084528	5.846670	4.573690
4.361512	3.976157	4.366311
3.866631	5.108816	3.081367
3.179960	4.660636	3.913392
3.947143	5.485867	8.862249
4.013833	4.909959	3.289275
4.041380	5.222072	3.268189
3.441781	3.385415	5.017818
4.265736	6.627931	7.550459
3.713420	5.110278	8.774926
4.212350	4.776574	8.624042
4.747781	4.806443	8.313367
2.709895	4.801954	4.861977
3.426763	5.207625	7.647457
3.942268	4.119021	8.595070
4.843602	5.350494	7.824090
4.310356	4.699090	3.252099
4.259992	5.009707	3.164588
3.961368	3.677303	4.448060
3.600271	4.882121	8.844582
2.966909	3.695536	7.181074
3.609587	3.474193	7.647523
2.833338	4.882253	5.474867
5.432719	5.133048	5.758123
4.754363	4.403266	5.258938
3.501740	4.144280	8.748213
2.761915	4.558782	6.645790
3.982923	4.376240	3.242218
4.915664	6.467228	6.481927
4.212595	5.449244	8.817747
3.772261	3.383116	4.392216
4.703395	4.333507	4.331313
4.574482	4.574417	4.180911
4.535518	5.403109	3.461582
2.985541	4.501929	3.962530
2.855525	3.858905	4.945276
3.689928	4.841888	9.054981
2.940563	3.279336	4.918165
4.627725	5.142659	8.638494
5.123987	6.402377	5.179212
3.808038	4.626112	3.011552
3.841724	5.943968	7.960148
3.979068	5.266050	8.966730
3.671488	3.383921	6.641465
4.658869	4.838868	3.621594
3.854638	6.278009	7.527662
2.746803	3.920624	6.207614
3.790582	5.231906	8.729507
3.175206	5.685972	6.377997
2.828381	4.172935	7.198754
3.932451	6.358754	7.409612
4.139566	5.205691	3.161972
3.840133	4.565447	8.874244
3.773243	5.774654	3.542176
4.617756	6.808613	5.734176
3.670877	6.405897	4.985198
3.292061	3.478280	7.063974
4.052280	5.062569	2.950270
4.924394	5.255289	4.542108
3.567229	4.104572	3.537331
3.462166	5.740739	7.463589
3.349863	5.185312	7.714646
4.904034	5.155747	8.368419
4.874651	5.307655	7.470634
3.701461	4.719068	3.017506
3.273442	5.546066	8.034346
4.253934	6.553065	6.291178
4.002342	5.172212	2.874687
3.418653	3.535130	4.434145
3.271340	5.169437	5.019123
3.450201	4.015453	8.526280
3.394260	3.606573	3.956761
3.402905	3.998919	3.407350
3.768590	4.791170	3.017614
5.312133	5.566170	4.491548
5.291144	5.625312	5.144340
3.187004	5.495289	7.047242
3.585829	4.670133	8.995059
3.989722	5.096095	3.385612
4.163953	6.109669	4.174974
3.440353	4.600529	3.133954
2.740198	3.855177	6.443133
3.376292	4.355655	8.681031
4.138017	5.072484	9.024029
4.244183	5.815481	8.720036
2.736200	4.847700	7.231013
4.382678	5.862020	8.561073
4.512500	6.441508	3.986044
4.080817	4.265879	3.341816
4.559925	4.275563	7.699567
4.870787	6.666326	7.553759
3.728758	3.210481	6.213651
5.336012	6.358562	6.442511
3.906744	5.293178	3.043927
4.284440	4.819062	8.977070
4.024430	4.871898	9.086610
4.119341	6.619502	5.946500
3.723711	4.922305	3.164358
5.081397	6.510023	5.678920
3.964257	4.964054	2.957566
4.068271	4.665315	8.945619
3.362730	4.029852	3.729218
4.581325	4.248345	7.229714
4.981406	6.025235	7.450846
3.653481	6.357633	6.989336
4.772263	6.665247	6.139668
4.458503	5.546340	3.367763
3.920873	4.522902	2.986698
3.308983	3.144125	6.676094
5.141501	6.372027	5.200274
4.666396	4.094787	5.402352
4.961364	5.256643	4.156446
5.316754	6.220875	5.808777
3.948796	6.468909	6.988024
4.559617	4.343031	4.976093
4.102403	5.145704	3.179590
3.421382	3.466114	7.965740
3.812569	4.634003	8.867308
4.232349	3.705498	7.129559
3.637723	5.665634	8.410224
4.340394	4.358114	3.484564
4.729320	5.450616	8.389551
3.215375	4.516576	8.106470
3.263663	3.836300	8.440441
5.541639	5.726003	6.139404
4.540957	6.481593	8.009326
3.838496	4.820306	3.082837
3.371659	4.628457	3.283905
3.050760	3.511352	7.363123
4.991441	5.966798	4.003818
3.164570	5.091102	7.356941
3.293133	5.553836	4.982081
3.726241	4.438739	8.855550
4.174085	5.402466	8.821497
3.299955	5.854307	5.682186
3.456464	3.513814	7.122041
3.314909	5.316631	4.017909
3.629600	4.864692	3.151846
4.367936	5.273915	3.135975
3.435594	4.900274	8.515248
2.989645	4.500429	5.105264
3.798134	4.299916	8.794789
3.646970	5.403569	3.301728
3.557144	5.753491	3.727530
4.693804	5.439012	3.254287
4.551963	6.030288	8.290543
4.789020	5.769065	3.597347
5.283859	5.977773	6.881872
3.470208	3.318909	4.379979
2.684891	4.136625	6.054197
3.931090	6.029275	7.790336
4.724944	4.942571	3.694413
4.013333	3.952462	7.705449
4.641012	4.596048	7.941996
3.341193	5.696088	4.589896
3.621349	4.659220	3.146476
3.158485	5.368050	6.183948
3.223613	4.397532	3.486120
3.827435	6.229339	4.568077
3.956330	5.101578	8.938114
4.830320	4.853838	5.193328
5.004648	5.250606	8.107685
4.476003	5.275536	3.161722
4.916098	5.328059	3.630784
4.042815	4.992871	3.136273
3.547602	5.366462	3.401041
3.492606	3.798061	3.927963
4.663083	5.334433	8.693591
3.231767	4.739764	8.354146
3.368786	4.992167	3.509486
4.052895	5.172245	2.990555
3.648105	5.732247	4.547464
4.132448	4.993932	8.992565
4.201177	3.708438	5.444374
4.022824	4.475135	2.961751
4.482452	5.691434	8.832874
3.768741	5.942237	6.890826
4.108493	4.269594	3.432416
4.816660	5.935323	3.715877
2.830930	3.976542	4.374680
4.076304	6.426160	4.995429
4.941854	4.518954	6.351785
4.886826	5.884716	8.207668
3.301628	5.263201	5.561380
