5.239046	6.596657	7.449351
4.945872	5.814888	4.361417
4.199650	6.217153	4.296387
3.681828	4.656708	9.120601
4.577589	4.859504	5.821683
3.760571	5.232516	9.151146
3.895188	5.648637	8.164198
4.692051	6.652834	5.134615
4.302407	5.483469	3.069696
4.247727	4.692824	2.965933
4.426023	5.269353	3.342582
3.282418	4.480233	8.332966
4.916651	6.050767	4.656952
3.031462	3.470143	5.830113
4.541263	4.955871	8.527408
3.933787	5.237555	8.972874
2.871588	4.681860	7.619395
3.873868	4.842474	3.307080
3.790358	5.621828	8.172553
5.414940	6.744839	6.487993
3.784613	5.144431	2.799532
5.216151	6.019012	4.976138
3.183743	5.231639	7.116546
5.173196	5.927754	5.405361
3.295744	3.639079	4.978104
3.445158	3.534169	8.114590
2.325216	3.239212	6.306438
3.316968	5.498801	5.582057
4.220320	5.843501	9.021995
2.993299	3.631888	7.542012
4.039476	3.876761	3.391265
4.895294	5.655039	8.033202
3.251030	4.864152	3.524021
2.956860	4.080905	4.100913
4.417996	5.454503	3.251439
2.882578	4.709847	5.349068
4.837449	7.173154	7.702708
4.972506	5.703922	6.921722
4.069124	5.365924	8.808148
4.465525	5.910899	8.166705
3.474466	5.438048	7.373239
5.248314	5.645440	4.515454
4.504990	4.452918	7.867343
3.915092	4.658770	3.170166
3.973062	5.309441	2.695912
3.658663	4.060613	8.138508
4.387101	5.676867	9.054381
4.388799	5.327194	8.729066
3.806910	6.339696	4.008052
3.319714	3.804461	4.325548
4.174816	5.940189	8.806068
3.611648	4.346047	3.015971
3.566560	3.149998	5.509924
3.724798	4.763501	9.075547
2.612949	3.813276	4.137240
5.049347	4.925797	6.188633
4.717096	6.870398	7.975599
3.701161	4.737615	9.232043
4.021729	5.025519	3.294753
3.679837	4.994310	3.426632
3.700198	5.405902	8.094859
2.871919	5.115807	7.690537
3.670594	5.560350	3.488221
4.369403	3.536771	4.980518
3.629404	6.180948	6.821695
3.601691	4.929361	8.475969
4.578722	5.038344	3.061402
3.907562	5.487216	3.455832
3.506910	4.510742	3.309247
3.943676	3.646444	4.416880
4.700595	4.600833	7.399442
4.426633	6.505783	7.457518
3.298175	3.530861	7.047186
4.591605	7.147857	6.848012
3.826470	3.893678	5.633234
3.944371	5.186776	8.648378
5.200237	6.610317	5.616697
4.026599	4.684623	3.181318
4.908371	6.065578	3.162783
5.126135	5.683373	7.495163
3.322415	3.223645	8.168957
4.439571	6.389129	7.894320
3.888470	5.410094	9.025872
4.021751	5.848090	8.775790
3.359689	4.746097	9.139502
4.019986	6.522397	6.803104
4.916984	5.213116	6.910276
3.084801	3.236529	5.987393
3.924680	5.335542	3.070445
3.828746	5.587681	8.731283
4.320493	4.189174	3.675117
4.592435	4.431086	8.570462
4.714226	5.450332	3.068967
3.065867	4.532549	3.353965
3.353925	5.378427	4.153734
5.125892	4.158655	5.005177
3.417378	5.534404	8.869931
3.746102	3.555089	3.780112
5.038470	6.703949	6.249456
3.003009	4.648756	4.057281
3.792070	5.268895	3.402063
3.947097	5.633949	3.281241
4.070522	3.807541	6.748302
2.769543	3.724707	5.490255
4.110149	4.817317	8.489861
3.937733	5.476244	9.052939
5.558836	5.478451	5.933602
4.891554	5.835112	3.446579
4.299759	3.694964	5.830122
3.924697	5.198018	8.867901
3.618640	5.064630	8.936973
4.479899	3.934131	5.702962
5.513098	5.991692	7.155664
4.591513	4.510934	3.494674
2.957592	3.568156	5.700989
4.442793	5.629870	8.930572
2.872337	4.442237	4.871848
4.916784	6.761309	6.427717
3.157215	5.163259	4.577149
4.437956	5.134627	8.936285
3.333423	4.455883	3.155381
3.462113	5.321068	3.239245
3.260299	5.637143	6.159183
2.657137	4.333609	7.459808
5.043398	5.639149	8.158479
2.738641	4.735700	5.379583
5.207485	5.415177	7.006042
3.714878	4.434852	3.379891
5.003275	5.555339	7.470943
3.389542	3.885379	8.038447
4.303749	6.324545	7.683215
3.917925	5.237231	2.785477
4.524794	3.865883	8.402325
4.142692	4.873771	3.295661
3.950277	5.905107	7.950686
3.899467	4.149703	3.850740
4.819720	5.333293	3.273031
2.826052	4.111063	6.218694
3.988505	4.840734	3.052965
3.464519	5.266982	3.559154
3.584202	5.680850	3.438658
4.001057	5.766828	9.129660
2.977303	4.864044	7.899176
3.166245	3.524207	7.764126
3.070820	3.178329	5.079671
5.023606	6.033680	3.747675
3.787431	4.324298	8.616601
4.000143	4.558098	3.190665
3.752346	3.993079	3.344945
5.211599	5.286834	5.118269
2.566198	4.255732	5.334666
4.101101	6.379615	5.068801
3.406687	4.593116	3.382242
3.583399	5.815324	6.899176
3.440058	5.710472	4.453453
5.197113	6.276084	6.318613
3.506668	5.018367	8.412197
3.302973	4.146472	9.010944
3.166434	5.093494	8.797095
4.013638	6.296569	5.483811
4.257444	4.854861	8.908784
2.950151	3.775856	3.784001
3.519500	5.464761	3.818018
3.767219	5.090062	8.812956
4.014426	3.466610	7.256545
3.494294	3.786027	4.215691
4.272502	4.045141	7.951085
3.680288	6.294923	6.506392
4.796925	4.551971	6.910962
4.097932	4.900702	2.807750
4.653131	4.507750	6.682761
4.092459	6.178128	4.122918
4.818427	4.412727	5.230237
4.203894	5.639054	7.775359
3.737550	5.970466	7.696975
4.426826	4.296437	3.315310
3.077758	4.668307	4.076770
2.797381	4.216264	4.495966
3.940991	5.419948	3.410685
2.812781	3.744149	5.604301
4.309305	5.239245	9.158165
5.340677	5.668697	6.974391
5.535946	5.375738	4.697441
3.343475	4.348006	8.362108
3.857553	5.221950	9.164924
3.545411	5.820969	4.146604
4.727030	3.985109	7.118692
4.132862	3.574667	4.533548
3.711834	4.500912	2.986490
4.375203	4.323605	8.300988
2.862437	4.943513	5.688823
4.566931	5.514216	8.995030
3.984983	5.154079	2.778737
3.740843	5.479612	8.612404
2.262043	4.358765	5.245027
3.988100	5.139804	9.052183
3.077816	3.433360	6.633513
2.400255	4.304893	4.937091
4.228325	5.517889	2.849010
3.546034	5.708689	4.853097
2.704715	4.776475	4.804050
3.947393	5.394355	2.871440
4.173496	4.618201	3.046878
4.299818	4.562228	9.096364
4.512102	5.014927	8.541036
3.892004	5.846245	3.354462
3.161529	3.931656	3.840473
5.146941	5.287565	3.914951
4.455412	6.738506	5.885062
2.983049	4.557595	4.015223
4.168703	4.190601	3.346616
3.272488	3.873404	4.286873
4.701060	6.423983	4.182411
3.604683	4.237164	8.900168
4.285381	6.084787	8.629370
4.759606	4.806365	3.927658
4.756356	4.638848	8.227375
4.321852	5.073535	8.842770
4.024828	4.651226	3.060199
3.767267	4.388413	9.108109
3.998116	5.127454	2.989890
4.977985	6.027326	4.927196
4.717643	5.132114	7.398018
4.035937	5.232889	8.747471
3.662762	3.984737	8.769660
3.913184	4.462851	3.496611
3.533451	4.550370	7.201233
5.280653	5.811590	6.362922
4.284078	4.146572	4.404870
4.433170	4.381603	8.580044
3.694988	4.568099	8.834532
3.322903	5.664771	4.150994
4.229210	4.920762	8.736804
4.299981	6.215583	3.916003
4.767625	5.109782	6.878458
3.597127	5.054890	3.306469
4.133597	4.718409	8.891321
3.020568	3.438597	5.381213
4.320524	5.771892	3.136045
4.177701	5.157684	3.462957
2.820954	4.570779	6.364192
4.060179	5.181912	3.011691
4.326351	5.060760	3.113986
4.490917	5.205357	2.910826
3.798924	4.439673	8.393979
2.591113	3.909283	4.998666
4.318968	4.732411	3.211080
4.425393	3.723969	5.914359
2.862295	3.587675	7.045272
4.234235	6.360042	4.938325
5.313616	6.421179	6.794646
4.608882	6.319114	7.904343
4.992474	5.901979	3.754865
4.442910	4.567137	3.868784
3.251832	3.916755	3.705138
4.760159	6.517567	6.445209
4.143727	4.063247	7.655989
3.810041	5.525160	6.378630
4.676973	6.413071	3.893603
3.457493	6.128363	5.937332
4.145305	3.573474	8.135290
4.892188	6.053194	3.303237
5.163845	6.173276	4.800770
5.278502	6.390322	4.150943
4.165916	5.743520	3.317957
2.352733	3.722749	6.064655
4.110059	4.750610	9.141485
4.211577	5.032449	3.111533
5.102168	4.827016	4.064920
4.701131	5.233092	8.532408
4.319039	5.156671	3.140264
4.076272	4.442553	8.445443
3.974881	5.270902	2.837511
4.221481	4.837363	9.008104
3.873171	4.356717	3.277288
3.783622	5.929242	4.213626
3.657548	3.984153	3.594439
3.203704	5.270106	6.162469
3.443964	4.920664	2.931045
3.555766	4.546469	8.516745
3.456473	5.571367	6.640701
4.501434	5.772665	3.885704
3.244551	5.156144	7.498104
4.971993	6.153078	5.555273
2.224861	4.153895	7.150698
3.548522	3.841837	8.402708
3.665676	3.625807	4.508645
4.467809	5.156417	8.924032
4.445872	6.152868	3.213224
3.914186	4.840172	8.976018
4.283842	4.832350	9.053980
3.215204	3.755356	7.925869
4.215511	5.367864	8.819306
3.569370	3.335827	5.520617
4.004438	5.590639	7.996235
4.129128	4.941863	8.958795
3.807031	4.262576	3.547833
3.073765	4.444185	8.201285
4.263799	4.944003	8.865340
4.227485	4.822512	9.203642
2.918734	3.932763	6.905863
4.435294	6.658993	4.422186
3.921910	4.119525	8.704952
5.108638	5.946032	4.987040
4.336308	3.697252	4.660039
3.958477	4.784715	8.559366
4.785245	4.074542	6.770929
4.577508	6.599965	3.987998
5.405716	6.255311	5.724120
3.564885	3.331877	6.001106
3.711000	5.220331	8.724702
4.149704	4.892771	8.975369
4.060100	5.677011	3.175488
4.299739	4.705395	8.783760
4.002662	4.978051	2.989917
3.609106	4.363206	3.163297
4.776158	6.621414	5.430939
4.356164	5.008320	3.366999
4.039519	4.365337	3.286213
3.857697	5.284561	8.830714
3.915155	5.213024	3.497283
4.936841	6.388044	5.677479
3.496548	3.558635	7.396034
4.033417	6.360173	3.780529
5.005779	6.145071	3.872975
3.542889	4.732691	8.926490
5.025221	6.451802	7.683441
4.741664	5.230162	4.368613
4.689191	5.305081	3.389451
3.860168	4.876560	9.267162
5.342120	5.559515	5.521608
5.124864	5.184883	4.362490
4.598443	6.146633	4.163084
4.664159	6.572794	5.400551
4.562660	6.517880	5.752851
4.347047	4.992926	2.826450
3.917616	3.435468	6.375697
3.244018	5.390694	8.067198
3.358662	3.395375	5.787638
3.203789	5.497105	5.088278
3.570250	5.722409	4.712289
4.844650	6.517677	7.393738
3.151254	4.825173	3.899508
3.411479	3.391689	6.091988
2.987101	3.509612	6.710182
3.534369	4.840848	3.312438
4.931179	4.927378	7.886797
3.512640	5.523678	4.121324
4.361359	6.765362	6.142353
4.164153	4.801941	3.073058
4.764924	3.879563	7.349183
3.242435	3.093369	4.940386
3.385854	4.947326	3.097086
2.434407	4.187324	6.772324
2.836187	5.596117	4.796028
5.013750	4.994697	7.920322
4.103731	5.961612	3.706401
3.924757	5.821763	7.917416
3.779058	3.187313	7.701377
4.085616	4.963014	3.163994
3.541359	3.655717	3.608938
3.122257	3.737665	6.322031
3.678908	6.143244	5.716863
3.384087	4.621251	8.329788
5.056015	5.584519	6.239266
2.904992	5.350096	4.721374
4.570377	6.383095	4.060798
5.358223	4.831988	4.707596
4.376340	5.126038	3.148153
4.713292	6.797799	6.491108
3.504369	5.169352	7.947536
4.097662	4.034315	4.964592
4.645877	4.302205	7.834686
3.533284	4.318630	3.490063
3.576308	5.138112	3.280525
3.480677	4.509398	8.774883
4.231295	5.110721	8.619089
5.141584	5.011221	6.449563
5.204416	5.114489	3.458862
3.181178	3.741354	4.149874
3.325574	5.573676	6.821239
4.158931	5.882293	8.559249
3.618627	5.869655	5.690758
4.327573	3.936860	6.058930
3.708817	5.277341	8.766809
4.408600	4.925701	8.417694
3.203854	5.468557	7.562994
3.463293	4.026496	3.573950
4.233371	5.479911	8.836792
4.206476	5.446631	8.774621
5.246149	5.410259	6.592490
3.590264	5.093774	8.752039
3.960040	3.653779	6.957864
3.578203	5.713037	6.352974
4.246182	5.404478	8.959154
3.811607	4.772575	2.970385
4.224804	5.148439	8.734207
3.896000	4.820841	2.905211
3.558077	4.945171	3.786947
5.002426	4.453116	6.013142
3.745885	3.677840	3.685813
2.736554	4.313636	6.268414
4.906564	5.521915	4.276528
5.304844	6.430332	6.314524
3.733974	3.544684	4.213067
3.900994	5.853664	3.590945
4.195790	5.127339	9.097182
2.892619	3.841667	4.886430
3.895178	4.675770	3.234026
4.348117	5.376672	9.170025
3.273345	3.500895	7.954679
3.387625	4.186846	8.504540
5.223719	5.695250	7.659734
5.240338	5.242106	7.915168
4.089698	6.670314	5.038239
3.228869	3.347649	6.837041
3.868500	4.124341	8.697925
4.675396	5.493130	8.256782
3.567292	4.803623	9.164996
3.139311	3.446201	4.845422
4.001753	6.430402	6.851291
3.898906	4.753588	3.647987
3.478778	3.447785	7.831108
3.448898	5.273408	8.483574
4.992603	5.695686	6.698028
3.694814	5.304861	3.293588
4.532746	4.797731	3.334026
4.012295	5.329822	3.024823
3.380612	4.071926	3.394981
4.730248	6.097542	8.301313
4.179482	4.877715	2.874750
2.779297	4.444822	6.441718
3.936489	5.079701	3.051552
4.373421	6.525269	6.470038
3.910873	4.386515	8.520643
3.601480	2.961599	6.013930
3.509559	4.873414	3.349747
4.199990	4.079508	3.966332
4.232620	3.287261	6.031564
4.110759	6.119197	8.683962
4.665937	6.316171	8.237767
3.659366	6.108134	8.025095
3.570713	5.648500	8.055220
4.925602	6.519021	5.583620
3.524009	3.639505	4.331893
4.343513	4.736152	8.720746
4.404023	4.431384	3.644765
3.803347	5.039792	3.175693
3.830597	5.227032	3.004265
5.194541	4.395076	4.185802
3.821667	5.372766	2.920427
3.582502	5.296054	8.966585
4.227125	4.467555	8.892973
3.939306	4.847546	3.315607
4.908575	5.314387	5.828468
5.220242	5.639340	7.833308
2.841767	5.647798	5.740313
5.171770	4.664380	5.779874
3.953378	5.508061	9.072593
4.358979	6.263422	8.329841
5.050747	6.013247	8.179116
3.750280	5.190143	2.555522
2.952083	3.045951	6.039002
3.920282	5.499022	3.186314
3.453341	4.535943	8.758836
4.721415	7.005922	7.257856
3.893240	4.718987	8.916114
4.508449	5.283992	3.123154
4.242693	4.838429	3.088533
4.141962	4.230466	3.328750
3.086484	4.330725	8.477920
3.558935	3.111138	7.441390
4.894897	7.083478	5.722035
4.416221	5.102584	8.791804
4.735722	5.928576	3.656489
3.579835	4.601964	3.263709
4.395494	4.270688	4.368328
3.796441	4.376049	9.049093
3.821736	4.666506	2.876944
4.753557	6.553887	7.521003
2.931586	5.469528	4.789243
3.798004	5.143040	8.882412
4.852375	4.086681	6.833613
3.158822	3.415300	6.602747
3.001832	4.410622	7.743920
4.502945	6.561495	4.496052
3.342388	4.411232	3.573593
4.095105	6.543832	4.741829
4.379261	5.072043	2.984910
4.761537	6.021919	3.774299
4.376631	5.314771	3.433720
2.991547	3.956863	8.153575
4.676074	4.655049	5.171568
3.012999	3.994936	8.266110
4.300982	5.744612	3.347184
3.379501	4.698230	8.438638
2.870209	3.816787	6.875953
2.903073	5.085224	6.817933
4.031539	5.704441	2.736039
4.954098	4.737092	4.388028
