3.752838	5.982968	7.977673
4.657857	5.738415	8.333670
2.871013	4.155752	8.556601
4.299361	4.700232	3.481196
3.065801	5.096862	4.208093
2.743534	3.980839	5.265921
5.347740	6.408708	4.682974
5.151327	6.064434	8.002180
4.076637	5.049717	3.117696
5.612796	5.900261	5.023610
4.423678	4.220862	7.683628
4.117406	3.476655	4.031518
5.264816	6.764808	5.401222
4.153313	6.011858	3.793607
3.245516	5.468789	7.251446
4.913502	4.963461	6.178609
4.122983	4.764924	3.002641
3.995579	4.659194	2.994010
5.126172	5.084899	6.471603
3.348350	5.325417	6.876077
4.034919	5.514041	3.505483
5.207985	6.014596	5.310760
4.612025	6.667571	6.246395
3.212528	4.844986	6.047900
4.245033	5.129909	3.249727
5.196487	6.011349	7.121243
3.157095	4.690076	3.728244
4.038442	6.110657	8.442596
4.041252	5.335427	3.264229
4.156230	5.619999	8.849898
3.516504	5.919533	5.107425
4.559041	5.019825	8.610314
2.995071	3.392951	5.325817
3.767956	4.711091	3.099949
2.824370	4.652589	7.243337
4.076573	6.427487	7.575344
3.628406	6.233057	4.673376
3.364726	4.316816	8.164608
4.294309	6.562001	4.367158
4.051282	4.981345	8.893247
4.172903	5.597539	8.467213
2.862888	4.017928	6.331994
3.985460	4.736767	9.343731
5.432160	6.001954	5.734934
3.512728	4.842914	3.143879
4.614837	5.784721	8.627018
3.895443	3.609458	4.436507
3.597870	6.194070	7.097324
4.553203	5.876498	8.143007
3.803247	4.620039	3.352932
3.528740	3.882681	4.349846
3.343782	3.190029	6.528716
3.724090	4.576032	2.996411
5.022475	6.172038	4.176026
4.725832	4.815639	7.548873
3.159703	3.905647	3.504756
3.489825	4.762867	8.768324
4.018730	4.387099	9.174859
5.270353	6.837479	5.803172
4.918242	4.744134	4.247785
3.419314	5.803074	5.941152
3.929026	5.717282	7.744811
3.386060	4.076213	8.513771
4.578728	4.502919	4.127423
3.286186	4.624400	3.527846
4.483298	5.513171	3.395245
2.708527	4.151919	7.863745
5.380072	5.553259	5.565263
3.828808	5.045786	9.043875
3.643510	3.862438	3.443559
3.624400	4.449883	3.301609
3.842891	5.305770	3.605354
2.925641	3.714822	4.554081
4.384348	4.936364	9.184716
3.758431	6.080973	3.147345
2.602578	4.314269	5.532041
4.446882	6.525182	4.801078
3.777674	5.287364	9.136730
3.299464	4.701761	8.431159
4.673201	4.648082	5.512687
3.135615	3.519356	7.914895
5.187985	6.548589	6.510409
2.646683	3.988146	6.335091
3.928384	4.290542	3.090094
3.958537	4.751693	2.881837
4.285075	4.719078	3.601119
4.029085	5.671690	8.780902
3.980967	5.582262	3.785786
4.235677	4.895825	3.121402
3.186992	5.318075	3.686656
4.106690	5.252494	9.139464
4.298849	4.701570	3.316885
3.016714	3.899615	5.012933
5.171626	4.975382	4.419638
5.134397	5.777113	7.290307
4.780858	5.993527	3.556937
4.197639	5.388224	3.215394
4.540568	6.344525	7.947166
3.123922	3.763677	4.031902
4.165350	5.684660	3.201467
3.577294	4.852825	3.309232
5.002841	5.178934	7.702151
3.261808	5.103692	3.502511
3.112752	3.581567	3.792740
3.621765	3.611489	7.365818
4.712720	4.349735	5.072942
4.473532	4.011278	6.560596
4.375320	6.921357	7.024157
3.511384	4.713670	3.175935
4.327090	3.706672	7.500416
4.018147	4.140708	3.836774
3.910314	4.771732	3.043147
3.093234	4.279481	3.386259
4.052592	4.019739	8.502492
5.343152	4.551992	5.788124
3.674230	4.936141	8.819682
3.039504	4.290233	7.962179
4.382771	3.869194	4.898198
4.305518	6.516662	5.126883
3.929625	3.888717	7.751371
4.419902	5.197021	3.397819
4.963836	4.223270	6.897206
4.386241	4.994228	8.700253
5.419423	6.074088	5.695320
4.461240	4.096039	6.779327
4.038236	4.974065	3.247527
3.315376	5.612768	5.410962
4.519196	5.085419	3.832630
3.827234	4.723984	3.626839
4.415982	4.744045	9.105919
4.461534	6.484388	4.653027
4.188200	4.823044	8.901224
4.034228	5.434726	8.526739
4.092424	6.494502	5.351928
3.361747	5.938703	5.550661
5.109168	5.890403	3.642727
4.794088	5.649937	8.627699
3.987969	4.739677	8.973056
3.824137	4.301046	8.542307
3.338459	3.276536	7.113364
4.103536	5.293083	2.945127
5.000736	4.782228	7.952963
4.181306	5.006979	2.786218
4.044798	5.307646	3.308356
3.161237	4.505366	8.262291
3.953626	4.496493	3.294212
3.725962	3.709824	5.555651
3.243314	3.753908	8.247914
3.935379	5.311429	8.842904
5.034789	5.417272	7.327235
3.091515	3.775861	7.168292
4.836034	5.370624	3.946780
2.984596	3.396930	4.208807
4.384099	5.853510	7.915227
3.653698	3.870610	7.613589
3.383644	3.495934	5.395418
3.509365	5.742903	8.547989
4.040398	5.245234	9.052927
4.071071	6.864944	5.863782
3.085503	4.869829	4.135775
3.559583	4.369354	8.117144
3.855383	4.789110	8.685609
5.064846	6.308329	6.931263
4.868232	5.036601	3.606728
4.142214	3.757767	3.509197
2.587347	4.164933	6.613081
4.743052	4.066078	5.011500
3.247465	5.678435	6.551607
2.832298	5.458609	6.110368
3.464790	5.670962	4.871887
5.237260	6.632588	6.057604
3.952888	3.510722	8.450152
3.273198	4.515859	8.664475
4.345009	5.218178	2.978968
4.904389	5.921493	8.302213
4.194629	4.854532	3.273587
4.393885	4.876626	8.791668
4.617345	5.954827	3.017685
3.741991	5.023062	9.295030
2.939397	4.181427	7.454041
4.915729	5.497936	8.428377
5.307424	6.214039	6.650598
2.963088	3.998788	6.158742
4.481111	4.333767	5.365541
3.995596	4.630045	8.436139
3.812007	3.829854	3.579138
4.040295	4.512270	9.208472
4.396177	6.247048	4.696822
4.919481	6.315026	7.158729
4.987377	6.323050	4.737635
2.730646	3.759701	5.995592
4.317429	4.821060	3.233653
5.222162	5.984498	6.894547
4.300183	3.801318	6.295041
2.898503	4.418174	6.992384
3.624559	4.593913	8.980263
3.959567	4.515064	3.182887
4.206681	6.453980	3.675704
4.907822	6.013692	4.458505
5.192224	5.459400	4.678067
4.412547	5.834522	3.326187
4.489545	5.583473	2.523525
4.470207	5.946046	3.195147
2.924386	3.752731	4.695422
3.499848	5.921448	4.483428
3.585535	4.063233	8.863278
2.757346	4.728338	5.878867
2.776496	3.872766	5.098607
4.838923	5.432850	7.869772
4.084251	3.977503	4.201628
4.205947	3.767025	6.531180
3.292544	5.703358	7.906050
2.718382	4.126141	4.222051
3.884301	4.975999	9.004061
4.741875	4.276737	8.458106
3.477289	5.232916	2.826123
4.178462	4.121020	8.248607
3.832923	4.798974	8.701048
3.459653	5.894456	6.360627
4.201829	4.865871	8.929401
4.459057	4.033958	7.043073
3.741255	3.552639	5.334262
4.137565	5.369837	3.015558
3.318513	5.002237	8.068662
4.055277	3.446602	6.879300
3.262915	3.550330	7.497723
3.437553	5.337407	8.820489
2.812577	4.587428	3.482266
4.204903	5.272447	9.157179
3.865603	5.447596	2.812516
5.385893	5.313194	7.288874
3.027640	3.653501	7.563701
3.385572	3.208475	6.689899
4.186680	5.173928	2.928811
4.006426	5.178949	8.734986
3.698660	5.050174	2.998096
3.325052	3.376708	8.084516
4.160144	4.474202	3.974030
3.072925	3.283143	5.134767
3.851794	4.570786	3.078031
4.012897	4.972853	2.913081
3.580826	5.476553	8.722051
3.542354	6.145192	8.446908
4.031516	6.212135	6.183049
3.722221	5.444712	4.344864
2.866179	3.285844	6.854962
2.770482	3.240039	4.977631
3.880491	4.047089	8.138938
2.957411	3.352287	6.091790
3.438776	5.035992	8.634380
4.628590	5.841992	3.045706
3.910666	4.475793	8.718938
3.870879	4.215786	8.657115
3.907106	5.039399	3.044623
4.135987	5.296993	3.173734
5.161609	4.767269	7.399198
4.830848	5.035279	8.246037
4.418300	4.721892	3.107831
2.729431	3.936664	7.700697
3.095872	4.477283	3.479435
3.933866	4.003720	4.466583
4.015972	5.808014	3.474610
4.054215	5.853926	3.676552
3.725023	3.335644	5.609107
3.975347	4.720875	3.003140
4.421268	5.980072	8.039798
4.087991	6.464289	7.278753
4.177597	6.460271	4.616314
4.831153	4.603250	7.725666
5.383619	5.937279	6.300498
4.300950	4.608432	2.802269
5.334918	5.129915	4.958663
5.559834	4.993111	5.881562
3.763756	5.114675	8.938001
4.249906	5.266636	9.115523
3.033042	4.751490	4.840545
3.118987	4.803675	7.790268
3.557696	5.684946	2.894241
4.882131	5.995725	8.402328
4.549457	5.594890	8.613752
4.455573	5.091998	8.769196
4.382215	4.735542	8.673821
4.441437	4.958215	2.752425
3.538717	5.807804	3.881023
3.553561	5.410012	3.022780
3.986988	5.688756	3.572264
4.082974	5.067318	3.073284
3.111541	5.731538	4.676880
4.665976	6.486538	7.750307
4.993346	6.356070	7.305201
4.183657	5.866192	8.464686
2.572508	5.000475	5.733441
5.250513	6.260046	7.304415
3.840241	4.648921	8.733545
3.853772	4.987944	9.158582
4.053353	5.405988	3.109708
4.602133	5.824306	8.569239
5.395572	6.204070	5.159781
3.438580	4.810528	8.763212
4.122942	4.761550	2.504525
4.352725	3.762600	3.987299
4.183155	5.132636	2.723877
3.334738	4.085554	4.171904
2.536162	3.416543	6.512165
3.562605	6.115875	6.699287
4.529132	6.500610	6.983263
5.392566	5.923190	6.431509
5.025558	5.338341	4.525702
3.312328	4.448053	3.465803
5.140139	5.840427	4.257915
4.991664	6.800485	5.741607
3.907696	4.871923	9.084808
3.599649	3.199051	5.527591
3.440678	3.901297	8.165934
3.747139	3.176655	6.579765
2.844944	4.635449	7.294997
5.126320	6.116944	7.216104
3.759384	5.342550	8.156688
3.762045	6.377436	5.945890
4.430228	5.248774	8.875682
3.545427	3.478028	8.611170
3.726205	4.612465	3.245520
4.259473	4.380810	3.243020
3.826407	6.444182	7.052299
4.284540	4.168290	7.454816
3.504694	3.339147	5.249939
3.911658	5.580822	8.716126
4.673067	6.545288	6.161284
5.029785	6.465591	4.309178
3.713150	3.764897	4.131102
4.915698	6.239457	4.312282
4.277029	4.812416	8.596630
5.569670	6.016456	5.125567
3.877703	5.301640	8.965148
3.800467	5.658973	8.765478
3.455430	4.658116	8.916845
2.855210	4.097137	4.160665
4.695672	4.566034	7.486243
3.712502	3.713948	4.883809
2.693044	4.260127	5.203537
3.506840	4.097281	8.663397
4.887740	5.896209	3.906940
3.424388	4.566530	8.908957
3.202781	4.967665	5.584161
3.807670	5.086922	8.467797
4.070493	4.275248	8.820569
3.749678	6.343291	4.117058
4.816222	4.906890	5.014239
5.130764	5.772296	4.031410
4.006686	5.535050	3.709704
2.574228	4.485466	6.724402
4.630077	5.869031	7.847995
4.031263	5.144647	9.156410
5.222631	6.237387	7.503845
3.142831	4.580518	3.978174
3.659038	3.529801	4.463358
4.018488	4.950899	2.812140
4.139893	4.663021	3.512559
3.394596	5.824124	4.954558
3.958632	5.152194	9.084279
3.883700	2.960037	6.070994
3.709086	3.529892	4.305054
3.015445	3.222748	6.737197
2.898964	4.971825	6.761112
3.928660	4.961706	8.957036
2.926504	5.305249	4.719842
4.339208	5.419985	3.033094
2.934237	4.755933	4.986223
3.189083	4.576103	3.738992
4.766411	4.756126	7.109765
4.122925	5.052565	2.696945
3.319562	4.841594	2.645950
4.687725	4.915860	9.185732
5.679495	6.058319	6.284379
4.805805	6.711791	5.260622
2.991631	5.363524	7.381558
3.953433	3.307464	6.794694
4.475396	4.281491	3.595549
3.019149	5.211383	4.972155
3.765478	6.077882	5.791896
3.651339	5.046022	3.217065
3.992210	6.557830	7.254005
4.180354	5.015478	3.069212
3.636605	4.951446	8.992940
4.719232	5.372780	8.107743
3.850823	3.891231	7.345235
3.669103	3.691855	8.119544
4.390783	5.872895	8.335131
4.949914	4.237377	5.657463
3.962633	5.985085	3.955432
3.145852	5.163616	7.378233
4.084068	5.338446	9.014095
4.041753	4.392460	8.278444
4.540567	4.900975	8.503868
3.166273	4.787494	4.132111
5.095758	6.608647	5.758788
3.850656	3.878432	3.641166
3.838496	4.085017	3.608943
4.177303	6.535857	6.467319
3.170804	5.604618	4.296356
4.032709	5.210248	9.262619
3.095473	3.730866	4.142273
4.618979	4.433928	3.939198
3.582549	5.355816	3.637157
3.417068	5.185297	2.763514
3.268614	5.068581	8.663613
4.227137	6.474276	4.231583
4.154211	4.972631	2.902227
3.997952	5.678044	3.381685
4.326853	5.106874	8.828527
4.342892	6.416201	8.591724
4.732613	5.326727	8.781975
4.654924	5.595576	3.431960
4.182383	6.579633	6.931365
3.064506	5.524174	6.827998
4.000660	3.794442	3.842094
4.803361	5.628464	3.743823
4.955943	5.883000	7.834584
4.182727	3.947257	5.583737
4.017806	5.375303	3.199897
4.461128	4.150216	4.336534
3.370524	4.533667	8.582582
3.164941	3.084310	6.543160
3.084893	4.872454	7.511893
3.923727	5.166499	3.172049
3.739776	3.694719	8.142538
4.019955	3.821221	4.745038
3.542924	5.234054	8.592420
3.942503	4.642212	3.307228
4.171782	4.664866	3.007876
3.696329	3.110981	6.856455
4.029395	4.145134	7.353084
4.163620	5.272770	8.917142
3.192496	4.881110	3.194831
3.801089	6.050450	5.171334
4.368642	3.480896	6.279182
3.051477	3.125775	6.048501
5.056759	5.181084	6.876165
3.650630	3.554836	4.830952
4.131761	4.933205	8.793358
2.761036	3.289226	5.427655
3.144772	3.926282	3.859887
4.057435	3.609953	5.907562
3.722039	4.427512	8.968482
4.764940	4.442875	4.203352
5.741485	6.505990	5.973624
4.191648	5.461582	9.269127
3.355836	5.447777	8.089057
3.971075	5.090838	8.518147
4.908629	5.458114	4.082914
2.942464	5.386774	7.144385
4.187063	4.866780	3.649895
2.772364	3.793395	6.089571
4.712758	6.618200	7.021942
4.058966	4.965632	8.830038
3.034679	3.823287	4.060323
3.992493	4.904300	3.334727
3.184205	4.361840	3.203792
3.945068	4.881728	2.743984
4.124900	5.144801	8.947235
4.046208	6.497033	4.585635
4.893142	6.329294	8.094040
4.170219	5.338180	2.642373
3.051514	4.028519	7.961280
3.350795	4.557236	8.694553
3.730697	4.258239	3.000142
4.590194	5.847309	8.100715
4.683046	5.936422	3.586948
4.309023	5.978821	3.330148
3.620743	4.225126	8.476696
4.768559	5.912649	8.680344
4.472480	4.621485	2.868675
4.503568	5.720533	8.316471
5.227417	5.789083	4.858016
4.500246	6.799435	4.195906
4.075457	6.284822	6.285405
3.709580	4.994853	2.759149
3.967218	5.644100	2.976445
4.194458	5.877515	3.317643
4.232541	5.101727	2.998031
4.999555	4.423847	6.322820
3.798197	5.854779	8.583157
2.655368	4.949421	6.255687
4.698769	6.822463	6.277296
4.709734	6.362567	3.844745
3.920178	5.272313	2.818880
3.070578	3.374146	7.198300
4.120849	5.154219	3.081479
5.125682	6.115593	4.523985
4.168774	5.321843	8.696142
4.419128	4.932575	9.117333
3.027531	4.238893	4.769291
3.852837	5.048819	8.817064
2.961480	4.347683	4.319425
4.071108	5.089516	3.224856
3.691350	6.156375	7.899140
5.191178	4.832605	7.002293
4.937255	6.622611	7.721240
3.334585	5.879726	6.227460
4.027782	4.695658	3.064401
