4.004150	6.348718	7.733544
4.121726	6.230728	4.528178
3.207782	3.540944	7.833835
3.824405	5.346962	3.010987
2.918406	4.933566	7.130346
3.058764	5.399386	6.345525
4.551247	5.112606	9.075508
4.024917	4.469225	9.106719
4.078095	5.119579	2.882043
3.868758	5.130312	8.775003
4.894302	5.783117	3.902905
3.378830	4.146604	3.511850
3.802605	3.865200	8.450387
3.882868	4.839623	8.684949
4.201130	5.618858	3.348151
3.952130	4.715744	8.889229
3.773071	5.152942	2.621014
4.094762	4.173630	3.763749
4.075932	4.849291	8.944544
4.003586	3.410041	4.305472
3.939930	5.273305	8.789311
3.623129	5.261026	8.421113
4.047348	3.459604	6.089726
3.818249	5.296324	8.999397
3.689090	5.704680	3.911066
5.024667	6.439012	7.366928
4.590093	6.797902	6.938928
3.420480	4.487404	9.136139
3.384075	3.753685	3.867779
4.824009	5.218528	8.169676
3.054374	3.559935	5.171454
4.431111	7.012625	7.144342
2.804737	4.878480	5.280810
5.111979	4.420379	4.630933
3.872115	4.783663	8.817819
5.168243	5.357370	7.052045
2.992265	3.506492	4.659588
4.652447	6.073166	7.927206
5.182607	5.416797	4.822438
4.916791	4.733050	6.175600
4.141378	4.511462	8.200493
2.663509	4.235603	6.162991
4.074006	5.721794	8.640131
4.232909	5.078548	2.988369
4.638717	6.455170	4.093431
4.250788	4.852766	3.109552
4.195063	5.027747	3.192807
4.321584	6.071025	3.540705
2.688735	4.649551	3.843338
2.819257	5.131840	6.643301
3.081308	5.176217	4.382466
3.419990	4.867961	8.298753
3.421444	5.079636	3.512457
3.844032	5.837902	7.935785
3.755404	3.297629	5.368929
3.732476	4.446928	3.094862
4.481925	4.462909	4.036507
3.971804	4.568742	9.039518
4.666032	6.554106	8.009967
5.155924	6.095639	5.606807
3.422678	2.783085	6.264166
3.661044	5.140777	9.050910
5.216525	5.370059	7.345624
4.407399	4.029304	7.152395
3.568135	4.471555	8.503053
4.402574	4.228817	8.758078
2.563400	3.813033	6.168680
3.931507	6.289572	4.403725
3.849756	4.129002	3.152540
5.270208	5.879137	6.385829
3.834197	4.742366	3.013843
5.252908	5.295336	5.392551
4.076639	4.635161	8.939868
3.819854	4.937674	8.915033
4.199643	3.951036	6.652989
4.243235	4.827503	2.944036
2.364867	4.262567	6.460643
3.720359	4.238064	8.519123
3.955049	5.299166	8.943352
3.665782	5.910581	5.885666
3.699007	5.432443	2.990427
2.707552	4.350863	6.990177
4.046559	4.374106	3.030886
4.079195	4.449164	3.371313
4.097913	6.754319	5.542440
3.925421	5.015585	2.926528
3.425958	5.554123	3.066093
4.728623	5.451511	8.608710
4.669658	5.292999	3.616000
3.105347	5.276397	4.774345
4.326931	4.308479	8.861821
4.162670	5.202933	8.876617
2.504099	4.002270	6.986825
3.410056	6.031873	6.879338
4.155998	6.362330	7.244046
4.089004	4.542518	8.892992
3.272660	5.501194	6.576950
3.325019	4.633149	8.197201
5.447938	6.475685	6.157537
4.180745	5.129577	8.923097
3.564739	5.612520	4.109405
4.932826	6.134292	6.972605
3.739755	6.491430	5.860084
3.832322	3.961835	6.633861
3.967822	5.931257	8.185105
3.706439	4.300512	8.460417
2.975459	3.941863	7.725125
4.128326	5.354078	2.898162
4.227029	4.922436	8.669392
4.851995	5.191678	8.846920
3.805513	6.592680	5.210936
4.607587	6.511716	4.115087
3.477721	5.193545	4.133399
3.826007	5.069635	3.178743
4.496040	4.997345	8.792768
3.125191	3.732970	4.001141
2.912845	3.419195	6.670885
5.058847	4.302697	4.168917
4.977749	6.302581	5.064172
4.203805	4.816625	3.011671
3.682760	5.123515	3.276916
3.309397	4.068030	8.431574
3.675471	6.068533	6.570605
3.598267	6.002422	4.010977
4.512200	5.258070	3.084654
2.675154	3.873980	4.322701
4.048655	5.388337	3.071198
3.325261	3.564021	7.749624
4.672827	5.779241	8.554336
4.136699	4.989603	8.851098
3.820496	4.609138	8.647250
3.983574	4.943081	8.868343
4.076028	5.342363	3.064100
3.360770	5.247341	8.320131
4.287712	6.438033	5.245614
4.303926	5.271894	8.705200
4.840402	7.183129	5.483350
5.101865	4.733727	6.586030
5.481953	5.877160	4.705982
3.914327	6.128076	8.892314
3.621513	4.588877	3.024803
4.337641	5.527801	8.722489
3.061248	3.179814	6.583139
5.078576	6.003760	3.969325
3.588856	4.015122	2.945596
3.612033	5.630905	4.440302
5.284740	6.439249	4.900553
4.430587	6.481417	8.504616
4.639609	4.628659	6.957262
4.625779	6.600312	4.409676
2.543212	3.460745	5.359569
3.839596	4.390578	2.895929
3.711235	3.757317	3.835638
4.841890	4.360416	4.758709
3.690856	3.718280	8.046418
2.904140	3.622994	4.964911
4.995084	6.873551	6.979767
5.058864	5.724178	5.203739
4.479896	5.952004	3.413709
3.791624	4.607471	3.142868
4.433525	4.644181	3.079308
5.307849	4.767903	5.490761
4.913872	6.419606	6.320886
3.457048	5.714354	8.125884
3.737058	4.860491	9.228476
3.927314	5.118081	3.082563
4.494277	4.532048	3.535787
4.782868	5.226017	8.200312
5.117104	4.821858	7.031243
5.202434	5.000189	6.516643
2.780445	3.831636	5.531183
3.707656	5.019044	2.899296
4.236752	4.851683	9.015643
4.122990	5.095109	8.919587
5.015686	6.689960	4.816462
4.747263	4.253977	8.675450
3.797214	4.977755	8.871400
3.528071	3.898097	3.585938
4.266937	4.687107	2.663535
4.065522	5.201380	3.157189
3.780574	4.971966	8.783814
4.274960	4.569229	8.809364
3.288684	3.416063	6.586038
4.221380	5.041911	8.865736
3.970681	5.083176	2.761159
4.969910	5.325249	7.102402
4.253032	5.072780	8.883546
4.079188	5.086234	9.169234
3.594577	4.812145	8.651127
3.822374	4.209170	3.200708
2.658133	3.925919	6.155462
3.170115	4.992866	3.935153
4.711387	5.395781	4.349382
4.343909	6.564155	6.550466
2.590387	4.686251	4.507013
4.754462	4.206950	7.425612
3.879760	4.566386	2.859905
4.592233	4.332344	4.723814
3.231059	3.237455	5.796669
3.922138	4.564534	8.829119
3.475687	3.635934	4.036171
3.458209	2.863643	4.175263
4.271372	5.341276	3.061220
2.855546	3.762739	4.698436
4.403734	5.185219	2.914255
4.627278	5.306378	3.491073
3.081817	5.938670	5.766195
4.992599	6.195271	8.015495
4.270599	6.492028	4.726305
3.783680	5.039851	3.032227
3.995966	3.632864	5.558908
4.581810	5.012969	3.331696
3.203197	4.761704	4.485076
2.913471	3.044148	6.265785
4.163712	3.633112	4.308214
4.102732	5.263524	8.998193
4.514479	6.611976	6.147246
4.058043	6.256802	8.238910
5.207529	5.510375	8.310903
3.565131	6.460663	6.456315
3.698523	3.214229	6.559391
5.377378	5.601155	6.217655
3.405479	3.257447	5.452292
3.995472	5.323777	2.907486
4.152465	4.997213	2.897627
4.176497	5.037779	8.364659
3.625562	5.410233	3.103414
3.801487	5.196816	2.897358
3.991675	5.371529	8.957589
3.521264	4.862578	3.652311
3.671913	5.820074	6.234293
3.901361	5.170755	9.011109
5.204619	6.609516	5.506117
3.993570	5.849813	9.267312
4.144559	5.557458	3.544026
3.104585	3.965569	3.818932
3.510467	3.538822	6.718540
2.790383	5.073212	6.464058
3.645177	6.098416	6.024866
4.385236	4.909025	3.178086
4.496392	5.901931	3.550529
4.308475	4.137015	3.452696
3.848593	4.231841	8.289088
3.388036	5.483884	3.293894
3.859879	5.019976	3.192795
3.030431	4.731257	7.695963
4.013754	5.225414	2.833099
3.149604	3.728851	4.673643
3.416396	4.695487	8.526623
3.829220	4.770230	3.208657
4.311472	3.476499	4.828130
5.091272	4.728464	4.820441
3.942114	4.939934	2.980602
4.534040	6.358916	3.263222
5.149670	6.495640	5.036473
4.696967	4.666304	5.709199
2.602017	4.675610	5.203476
3.200047	3.788571	8.199754
4.470213	4.069350	4.022464
3.596344	4.469598	8.642845
3.341992	5.803601	7.356828
4.476089	5.579150	8.690248
3.993024	3.934796	4.533444
3.931707	6.704987	5.961047
3.406764	3.382438	4.920278
3.736707	6.436942	7.265285
4.684705	5.668841	8.771604
4.201403	6.096170	3.500806
4.804632	6.425847	7.488769
5.154051	4.636469	6.885559
3.138344	5.686710	8.176082
5.031513	6.355795	4.560322
3.706160	3.613984	7.533962
3.282013	4.318725	8.785496
4.493122	4.361057	8.746967
3.260282	5.504063	5.401988
3.308635	3.954282	8.148141
3.860773	5.426344	2.971829
4.642869	6.540173	6.566366
4.132080	4.964314	3.091056
5.127325	5.755181	6.927818
3.284407	4.018369	3.476054
2.602646	4.553264	3.919471
4.233832	4.246766	4.028410
3.401950	4.815376	8.873477
4.915197	5.707118	3.543312
3.454496	3.408341	7.272089
2.887101	4.450685	7.333049
4.851607	6.156048	6.362479
4.466617	6.541015	7.605508
4.014726	3.827180	7.681654
3.128049	4.033870	3.574479
3.834955	5.128520	3.277173
4.294483	3.775881	5.385779
4.168571	5.670065	3.292717
3.838157	4.965028	3.072313
2.740552	3.645202	6.735985
4.461120	4.303512	8.224806
3.081775	5.235472	5.627696
5.113969	6.354228	7.241060
4.783563	5.562231	9.094607
5.273519	5.898322	4.584621
2.700885	3.694850	7.603957
2.720465	4.813023	4.802551
3.445484	4.024161	3.279364
3.100284	5.074642	6.915273
3.385898	5.124475	3.199580
4.180980	4.400111	7.918778
4.486151	3.810638	5.656165
4.020715	4.612267	8.852241
4.273678	4.592329	8.932444
4.675363	5.746709	8.349631
3.099317	5.362172	4.322345
4.259288	6.148274	3.440859
4.332658	4.783745	7.833009
3.392423	5.771536	6.138444
3.778420	4.694176	9.030383
3.871511	3.382645	6.917130
4.993605	4.243503	6.762327
3.640126	4.223140	3.374844
3.907042	4.497599	3.146895
3.909717	5.112606	3.294900
4.132025	5.518283	2.948666
4.480842	5.837569	8.856014
3.304719	4.209583	3.594517
3.713201	3.490441	7.623333
3.112368	5.778806	7.214210
3.840675	5.092893	3.296581
3.463054	3.490105	8.449169
3.758468	4.525483	8.867378
4.751070	5.682138	3.365999
4.592584	6.192638	3.298705
4.749902	6.100927	7.856901
3.810911	3.797102	8.298627
4.280609	4.959006	3.148520
4.999509	4.992152	7.675968
3.209431	3.883136	7.223840
3.265655	3.183947	6.956421
2.562157	3.294957	5.447992
4.286288	5.532623	3.312437
3.128034	4.409575	4.237964
3.397149	4.011291	8.232671
4.555462	6.797543	4.019220
4.321198	6.760708	7.849776
5.166005	4.281955	5.210816
4.966561	6.241792	7.209098
3.937952	5.078499	3.014284
3.073034	4.337361	8.188229
4.106416	4.247281	3.133709
4.884064	4.273298	5.976621
4.396070	4.128598	7.590739
4.416535	7.042800	5.439200
2.912036	4.552458	5.722661
4.187327	5.431018	8.834435
4.352738	4.842178	8.570425
4.320611	5.000917	3.408332
4.160717	4.783942	2.966303
4.295212	4.834967	3.753408
3.888654	4.568933	3.017757
4.797393	6.458845	7.969785
4.451696	5.280307	3.211489
2.492205	4.429120	5.767313
3.972096	3.687097	7.116718
4.807002	6.367731	4.714209
4.339909	6.193436	7.557434
5.069850	5.135175	5.801777
3.953735	4.919460	2.992148
3.477363	4.365968	3.962207
4.143281	4.898218	8.551822
3.969519	4.971130	3.007294
3.591450	4.374296	8.475902
3.908683	4.304973	2.946279
4.238895	6.536351	7.865408
4.552678	5.941992	9.041606
4.419534	5.789649	3.429606
4.190442	5.360805	2.666240
4.327846	5.067221	3.081000
3.515884	6.096665	7.399878
5.223341	5.859517	7.274124
4.696084	5.345448	3.482746
3.999397	4.961414	3.095458
3.166338	4.099348	3.706948
4.158064	4.455192	3.018946
4.473812	5.831516	8.703107
4.854921	5.896663	8.159408
4.295048	3.779280	8.310193
3.828455	6.237157	5.328276
4.680697	5.132961	4.431259
5.225713	6.052954	5.067162
3.138252	4.507986	2.909239
5.038981	6.127267	4.222965
4.001946	4.278789	8.734760
4.487109	5.133036	3.048625
2.948195	4.046428	8.169799
4.913177	4.553223	3.879784
3.507185	5.222958	3.692317
3.540178	5.133214	7.721068
4.575076	6.800313	4.676270
3.200683	3.913681	7.810702
2.941239	4.669475	8.041610
4.300365	6.195470	3.835129
4.712249	5.505060	8.622291
3.766735	4.929352	9.230456
2.958507	4.945310	3.543863
4.455294	5.360553	3.467762
3.640103	5.788453	8.242366
4.470326	6.121730	3.052819
4.393969	6.096491	8.478653
3.901569	4.958428	2.973756
3.551274	5.298717	3.259334
3.580737	4.816753	3.212354
3.986338	6.661173	6.763339
4.409777	5.031718	9.017582
4.039877	5.008889	8.854588
3.343216	3.590761	4.527946
3.399251	4.800382	8.382211
3.517533	5.232673	8.352921
5.300183	5.907189	5.496256
4.015732	5.383615	3.138751
3.737163	5.288119	5.229276
3.309684	4.890523	3.230415
3.695600	4.785467	8.967130
3.321634	4.391475	8.754471
3.625579	4.153229	3.866750
4.889217	5.540608	8.174453
4.101798	5.009294	8.604550
2.968856	3.768477	7.368057
3.692786	5.451035	8.656133
3.749114	5.885664	3.655962
3.738919	5.880149	8.602930
4.024916	4.910191	8.921094
3.932729	4.812516	3.047977
3.036445	3.783296	4.344080
4.963494	4.485952	5.550575
4.915772	6.828242	6.095385
3.294465	4.650456	8.275455
3.859294	4.932263	9.308347
4.749580	4.982151	3.582136
4.651147	4.727233	8.164796
4.388939	4.412814	3.912008
4.047467	4.098652	3.901424
4.367660	4.265074	3.382994
3.518951	4.278331	8.976385
4.796496	5.998647	7.511960
4.156147	6.559008	4.996581
3.189742	3.481871	7.642230
3.479561	5.805558	4.858186
5.085345	6.549591	5.678674
3.660218	3.100514	6.038904
4.878742	5.834576	4.292139
4.565641	5.017216	7.752246
4.484008	3.822967	4.977150
3.961975	4.512454	8.574257
4.373057	4.019219	3.364346
3.578578	5.055102	9.285640
4.817711	6.079060	4.428985
4.177504	5.062650	3.329299
3.214550	4.733452	7.754804
3.320378	4.128684	8.496018
5.077579	5.505128	7.957573
3.443550	5.542978	8.037033
5.496127	5.802603	5.928933
3.472835	2.952831	6.225611
4.675896	5.229627	8.029943
3.349858	5.849942	5.097098
3.233442	5.217115	8.731733
4.192963	3.568636	5.815235
3.847524	4.529869	9.482282
3.751696	3.630728	7.482187
4.944209	5.536248	4.990286
2.684452	3.687837	6.660844
3.823102	6.461811	8.330278
4.667668	4.104836	5.912923
4.521219	5.052683	3.094725
3.960565	3.663632	5.348279
3.189026	3.606868	7.797630
3.772548	5.687939	3.946429
4.974140	5.723507	3.653699
5.305578	6.270719	7.223607
3.962443	5.998316	3.547492
5.582236	6.972809	5.115274
3.943296	4.732000	9.034970
3.651209	3.371932	4.909564
3.337850	5.147208	3.669573
4.306384	5.271664	3.048567
3.117244	5.922418	5.403796
4.161045	4.485360	3.206458
2.690099	4.870069	7.121320
4.169323	5.968574	3.549451
3.668925	3.831477	8.350958
5.217560	5.681524	4.198016
2.710927	3.400359	5.095171
3.041853	3.485508	4.774826
4.637465	5.003859	8.543113
3.962502	3.837548	4.748603
2.864684	3.236065	5.904253
4.984699	6.815236	5.662580
2.655815	4.178410	5.683744
3.757320	5.880468	8.629128
4.731686	6.563680	7.485037
