4.553086	4.462394	3.742118
4.372982	5.664881	3.397150
4.219181	4.260896	3.182064
3.966305	5.415267	3.602250
4.772812	5.702989	8.708604
2.988936	4.144540	8.495332
2.578807	4.424622	7.240585
3.369136	5.005248	4.497788
5.024115	6.289878	6.833035
4.539832	5.820476	3.245249
4.897968	5.097128	8.407383
5.154769	4.515727	5.266762
3.188659	4.411809	7.878806
5.189619	5.021469	6.965371
3.109221	4.178033	4.063240
3.876681	3.521527	5.975500
3.384051	4.550164	5.675050
4.448154	6.387991	7.674131
4.289980	5.056196	2.859667
2.917465	3.806215	5.907458
5.005702	7.055834	6.377459
3.911614	4.985852	8.948174
2.806460	4.798752	8.199319
4.012304	5.039226	3.261562
5.323224	5.181403	6.713764
4.654210	5.825467	8.293016
4.601305	4.039278	8.352538
5.204728	6.462899	7.561196
3.389680	3.901078	4.004633
3.840982	3.767277	7.742143
4.140274	3.789171	7.124114
3.545500	4.014248	3.656829
3.452442	4.620290	3.521466
4.326194	4.204920	8.482054
3.421602	4.426025	3.853436
4.269935	4.931401	3.724378
3.855441	5.720482	7.506232
3.313285	4.472129	3.544720
3.386543	3.682671	4.559342
4.275855	5.728908	8.405847
4.640862	5.887993	4.428218
4.204560	4.975217	3.554520
4.094932	4.542378	9.245450
3.979439	4.941432	8.749268
4.148627	4.753455	2.970060
4.218664	6.440038	7.119193
4.976534	6.681668	4.990376
4.080662	5.303879	3.147039
4.639334	5.158256	8.746094
4.346873	5.703334	3.112461
4.196063	5.217525	8.847312
3.672738	5.390487	3.222729
2.956337	3.849276	7.811260
3.706315	6.923145	5.655307
3.763794	3.051407	5.084894
3.492403	5.122574	8.308885
3.446944	4.411354	3.555901
3.532043	5.252300	7.456023
3.584577	3.955076	3.089406
3.639828	5.724847	4.837442
3.907336	4.273991	3.456696
4.676802	3.991934	6.590830
3.458222	3.411017	6.830776
2.412590	3.469650	7.365226
3.891398	5.251833	8.851265
4.017918	5.057942	8.454423
4.009365	3.806274	6.219203
2.761730	3.296299	6.369023
4.169134	4.757575	3.008786
4.426534	6.178300	8.466795
4.595956	5.040211	8.951189
3.804698	5.180489	3.356210
3.987682	4.728275	3.403944
3.737699	4.020956	8.480234
2.613801	4.100216	4.493050
5.362127	6.009562	5.414803
3.366592	5.208770	8.892556
4.759720	5.419492	8.548905
4.052560	4.930326	2.782854
3.466441	5.516767	3.938800
4.840817	5.188174	7.542250
3.544896	5.029282	2.747808
3.637556	3.260180	7.839280
4.237237	5.061152	3.236957
4.403007	6.090057	3.266191
3.776164	4.803781	3.435980
3.765414	5.105726	2.838148
2.928975	4.248421	3.516066
3.569198	5.683491	4.549623
4.436301	5.287955	2.489762
4.093700	6.383432	7.870422
4.336671	5.041267	8.737403
2.965955	3.062532	6.533187
2.539949	4.043650	5.631605
3.478929	4.954824	6.744611
4.104254	4.081971	6.293294
4.471269	5.750694	8.267501
3.369303	3.147186	6.683700
4.881031	4.901324	8.006961
3.631720	4.321547	8.481360
4.994709	5.570022	8.394854
3.677600	4.529162	3.368695
3.942607	5.128066	3.177722
4.078625	4.013212	2.843295
3.625454	4.922684	3.024802
3.848833	6.395437	6.433633
4.513976	4.184057	5.905096
4.166615	5.531699	9.304964
4.142250	5.373065	9.377042
4.066185	4.931307	8.280684
5.243681	4.944136	3.714022
4.961017	5.770448	7.435601
4.236250	4.764413	3.003505
3.656908	5.291833	2.869185
4.266516	4.286981	6.897925
3.176834	4.916525	5.761095
4.302962	7.054618	5.960214
2.760401	4.545797	8.194099
4.681868	6.366038	4.414720
4.802254	4.465768	8.018302
3.011544	4.993316	3.643379
3.468421	5.794566	6.209975
5.401195	6.413390	6.396606
3.870368	5.906733	7.697792
3.497953	4.752926	8.079702
4.706044	5.968813	8.638256
5.094589	5.664495	4.527950
3.729022	4.475366	3.352537
4.715311	4.359338	8.741715
3.915201	6.058050	7.199654
3.727228	3.862555	5.367793
3.561977	4.140884	3.294803
4.055137	4.886503	3.219273
3.769212	5.765137	8.711328
3.390805	4.062470	3.829332
4.836995	5.692481	5.028522
3.994987	3.182013	4.909075
4.409229	5.215960	8.746871
4.315904	6.204659	3.909611
4.175964	3.778536	8.392272
4.602799	6.673395	5.151304
4.253477	6.698559	3.930988
3.691927	6.367805	3.969705
2.860547	3.732281	5.271249
4.811986	5.979198	3.229071
2.849350	4.032336	7.410879
4.990798	6.742872	6.522514
4.643927	4.461591	6.304832
2.700944	2.913747	6.045815
4.182186	5.032232	9.107434
3.546335	4.711693	8.713743
4.232739	4.590317	2.949949
3.430363	4.559211	8.418028
4.354902	6.726066	7.338780
3.329891	5.157600	8.357085
3.754825	5.097803	9.321841
4.334471	4.868024	8.552722
3.313074	5.344719	3.905556
4.168702	5.087700	9.288376
4.980013	6.799943	6.833175
4.315384	5.447364	8.881435
5.177493	5.398831	2.850910
4.514917	5.024332	8.448789
3.771489	5.918028	3.840966
3.271358	4.342410	8.747454
4.315999	4.319459	8.235116
2.471770	5.100296	6.850253
4.278608	4.445124	8.489168
3.691523	5.325751	9.112600
3.044494	4.570921	8.612810
3.936969	5.983724	8.585533
4.215281	4.488397	3.291949
3.083302	4.225139	4.292744
4.894537	5.682767	7.850257
3.406051	4.690923	2.791771
3.198695	5.883838	8.033517
5.200664	6.622414	6.046886
4.327099	3.979584	7.777489
4.175084	6.130671	3.436404
3.709949	5.320394	3.302413
3.380634	5.223633	3.393303
4.101612	5.055069	8.866504
3.046712	2.691269	4.895741
3.474246	4.364218	8.990794
3.484603	5.292421	6.226924
3.434784	3.272978	6.942279
5.347871	6.294339	4.852955
3.191021	5.593479	5.610335
4.074967	5.113139	8.820496
3.254814	4.059754	3.107857
4.907008	6.754324	4.778075
4.316300	4.358873	3.782283
4.339927	3.598451	7.788448
3.768840	6.602114	6.130776
4.393750	5.093817	3.493735
4.448489	4.288372	5.511613
3.758297	4.961501	3.177318
3.536376	4.107500	8.584762
4.936935	5.128611	4.955604
4.229630	5.207275	9.000320
3.787971	5.211675	3.200037
3.844803	4.453745	2.678830
3.306328	5.232281	8.184312
4.105452	6.332697	7.370940
3.197627	3.012493	5.960245
4.925509	6.132869	4.703066
3.065184	5.211298	7.000157
2.687074	4.945147	7.580610
2.815954	3.598846	4.997987
3.095577	5.280569	4.093411
3.795460	3.838847	5.524997
4.455385	4.959163	8.980877
5.549332	5.708214	6.571774
3.965078	4.981975	3.070477
3.553180	4.906278	9.327727
3.333577	4.782762	3.553735
4.510469	5.596477	2.828310
4.418196	6.174769	3.974972
3.447336	5.890857	4.613799
4.765853	6.369890	6.714270
3.295723	3.717986	4.188168
4.737836	4.951679	3.732234
3.972817	5.038901	3.107827
3.775277	3.610562	8.183961
4.294982	4.851263	3.308718
3.564214	5.019649	3.023724
3.829948	4.530901	9.038676
4.284375	5.818971	3.176747
4.161724	5.796356	9.085849
4.745365	6.300081	3.787528
3.539210	4.398128	8.630244
3.192582	5.234336	5.303244
4.273910	4.991353	8.828838
3.005575	3.891420	4.700018
4.291199	6.343835	7.971680
4.392718	5.444574	8.847132
3.394009	3.508856	8.423399
2.793676	5.630882	5.542780
4.317277	5.201200	3.361795
3.642967	4.853651	8.870924
5.039715	6.456054	6.804461
4.323573	5.429941	3.130552
2.573952	4.358563	4.360021
4.160251	4.287816	9.085834
5.001626	5.742993	6.082189
4.304787	6.852357	7.649274
5.070165	5.384295	3.913739
4.614095	6.172600	7.912714
4.984942	5.559481	4.913050
4.067412	5.089073	8.880803
4.160026	6.866742	6.092971
3.756136	5.625028	3.312234
3.581645	4.760220	3.318352
4.215176	5.663933	8.624050
4.561751	4.590777	3.455658
3.381543	4.749011	3.665120
3.588129	3.773963	7.286644
3.335279	5.728629	3.586541
3.209427	4.001503	4.301114
3.680138	4.956382	3.195439
5.431080	5.646298	7.531329
3.998074	4.256275	8.780251
4.687743	4.239502	4.630817
4.483147	5.666540	3.359179
2.881450	3.782437	5.896398
3.563672	5.528063	8.033926
3.032479	5.589061	6.105523
4.912567	3.994399	5.748484
4.393491	3.888665	4.341933
3.649100	5.372616	3.318865
3.836730	3.915549	6.595179
4.424805	4.927014	8.521866
3.724773	4.875639	8.817061
4.871919	6.243733	3.375346
2.955778	4.549551	7.877064
5.399287	6.119773	6.287040
5.462308	5.980672	5.828473
4.489785	5.733537	8.866756
4.164208	5.136443	9.214280
4.075921	3.674091	8.484126
4.379559	4.170403	4.662185
5.466766	4.814592	5.184960
5.131181	5.320924	8.379438
3.379415	3.055695	4.033434
4.917034	6.008533	7.910206
4.420880	4.208097	7.534157
2.736951	4.113796	4.602343
3.712634	5.276029	2.776159
3.681202	3.364974	5.687426
3.981901	4.948881	3.194705
4.201817	4.555735	3.210948
3.379141	3.659637	3.961713
3.001697	4.119623	5.711822
4.525488	5.232521	3.312817
4.936998	6.610839	5.651505
2.784154	4.523615	4.926877
3.707676	3.074507	5.869757
4.233966	4.803872	2.794432
3.964214	3.607987	4.310278
2.598334	3.588770	7.109971
3.908161	5.767754	8.641461
3.953281	4.182473	8.605987
3.147007	6.286090	7.260978
4.966046	6.362350	5.948182
4.763056	6.984107	4.630748
3.813245	6.025931	4.258329
3.958914	3.630710	4.525637
2.741653	4.064620	6.255265
4.496924	5.887306	8.114548
5.143777	6.599554	7.880739
4.325648	6.549026	4.074396
4.424847	5.716834	3.371646
4.142039	3.656727	4.581826
4.811589	6.336179	4.993220
3.133738	4.691291	7.598715
3.941462	4.958176	2.458306
5.498874	4.501771	5.737124
5.265606	6.862586	6.028101
2.662172	3.449754	6.866917
3.603998	5.440889	7.702798
3.528532	4.010687	8.456307
4.771494	6.413603	7.050459
3.860976	4.856867	8.761378
4.333614	5.184989	8.947782
3.540215	3.730269	7.308316
3.665866	5.987116	7.758182
2.855684	3.762740	7.081712
2.609330	4.666861	4.839154
3.894542	4.088672	3.338889
4.240508	4.508148	8.124230
3.494009	4.331839	9.188305
4.645471	6.703578	4.988761
3.550403	4.657442	8.957035
4.546028	4.687946	4.427716
3.950541	4.889564	8.441826
4.569457	5.528413	8.750261
4.307459	4.780607	2.594808
4.334644	6.505125	4.580819
2.690535	4.243012	4.532644
3.885870	4.011264	8.828609
3.154795	3.996532	8.194724
4.634256	4.130982	3.637221
5.142554	5.516811	8.487199
4.564609	6.181885	4.098403
4.566744	4.285694	7.313235
5.154838	5.475017	8.729886
2.844788	3.186550	6.133609
4.604015	5.727357	8.991476
3.434436	5.104450	8.553446
4.334319	3.793379	7.030364
5.260113	5.316120	4.066800
2.984791	5.656681	6.756850
2.809228	4.534635	6.234179
3.645359	3.938626	3.309939
3.884362	5.135372	2.759099
4.057085	4.760884	3.120285
3.779873	4.437676	9.095545
3.624772	5.701765	3.733386
3.768657	3.742214	4.147290
4.755146	6.545352	6.856647
4.009324	4.425839	8.308158
3.342716	3.539180	6.145204
3.594616	5.446190	7.978845
2.839040	3.590876	6.197648
4.271245	6.389993	4.808441
4.514477	5.412901	3.433506
5.063601	6.594175	4.921244
3.877989	3.687843	3.333413
4.017502	5.525982	8.817250
2.195288	3.589734	5.947579
4.542299	6.927633	5.829903
3.406425	5.123955	6.444369
3.854709	4.692409	8.999075
2.146557	4.533441	7.505487
3.327508	3.560226	4.301449
3.756363	6.326997	6.899136
4.444496	4.507758	3.669778
3.013610	4.984866	5.595473
3.936309	3.548045	6.236526
4.047616	5.383242	8.886504
4.500613	4.841931	3.041932
3.916148	4.659442	8.926277
3.658725	3.747954	7.724441
3.743510	4.695536	8.606663
4.783885	4.344098	7.493084
3.642856	4.895241	2.788136
4.302792	4.006076	5.856728
3.419395	5.695941	7.999316
4.988732	6.099440	8.704756
3.979071	4.830243	3.409509
4.478955	5.302263	8.623037
3.742217	5.173936	3.086626
3.425117	5.519464	5.723187
3.841011	6.047426	3.764985
3.911346	4.746845	3.616324
3.135128	3.923798	8.256225
3.374358	5.462693	4.161189
4.697052	5.034423	9.226139
4.301007	4.976407	3.143398
3.915221	3.186264	6.105555
4.671400	4.700915	4.917667
3.970192	5.279558	8.922187
3.638196	4.350764	8.903222
3.246540	3.622272	5.721671
2.788444	3.446866	5.113625
3.238362	5.320362	4.861993
4.018351	5.387477	3.163096
4.804382	4.793301	4.565658
3.931641	4.692677	9.176608
3.503244	3.320296	7.517010
4.711031	5.124482	3.280059
3.999930	5.258361	3.493624
3.277931	3.225685	4.977099
2.992030	3.117491	5.228000
4.373358	6.379722	5.052519
4.162022	6.027403	7.905304
5.070563	4.858804	6.120096
4.575299	4.626857	8.446395
4.569281	5.704423	3.239153
4.211740	5.003018	2.906048
4.010179	5.271053	2.751584
4.705502	5.269603	3.830960
3.733054	4.446347	8.708125
5.088972	7.059720	5.830982
4.421737	5.019641	2.862471
5.204644	5.013052	7.114881
3.039548	4.693512	3.795641
4.407472	5.601467	8.718195
5.245666	5.037845	7.184154
4.524134	4.581553	8.487242
4.131549	6.847425	4.924810
3.624644	4.419471	2.928011
4.150601	4.835739	2.663145
3.446340	6.177903	4.328447
3.695944	4.350400	4.084307
3.231440	5.894567	5.009101
3.654427	4.472488	2.992136
3.512980	3.230141	4.202246
4.986275	6.088629	3.856190
3.077735	4.841293	7.606200
4.781043	3.964182	3.813577
3.631896	3.775244	4.015466
4.660638	5.249520	2.739609
4.846325	3.971114	6.286792
4.411915	5.226437	6.883053
4.265952	5.442890	8.917246
3.079048	4.326338	8.284763
4.120943	5.104461	3.047089
3.439984	4.010482	8.586638
3.445644	5.134547	8.232795
3.921933	5.114602	3.137756
5.228421	6.284724	5.624636
4.136807	6.385672	4.556035
5.008989	4.480013	6.043363
4.485974	4.392973	3.431399
3.852096	5.587518	9.357402
2.882553	4.823920	6.062066
3.997303	3.808255	4.865565
3.924910	5.184250	2.917036
3.206634	5.488433	4.426092
4.157129	4.220892	8.474436
4.891407	4.573584	4.495345
3.942439	4.558087	3.288692
4.712446	6.228823	8.158951
4.260856	6.456692	6.912669
5.608015	5.448409	4.622109
4.460905	6.287930	8.063867
2.289456	4.292069	4.718015
3.589777	3.781776	3.780517
3.363611	5.973157	8.015265
3.026178	3.216399	7.357722
5.479659	6.164057	5.544536
3.469325	6.140921	5.515604
4.238418	5.321809	3.374638
4.679191	4.681219	7.919207
3.738064	4.663919	8.800139
4.249028	5.178798	8.866352
3.265913	3.510378	7.783830
3.815588	5.469449	8.880167
5.009742	4.895335	7.743235
4.027058	5.176991	2.820574
3.225401	4.539201	6.511709
4.239206	6.255972	5.948542
4.442362	5.774571	3.470011
4.793372	6.042941	4.590143
3.830190	5.857493	2.937509
3.690697	6.624890	4.852297
3.898328	4.320001	8.522973
5.254115	4.703306	8.783760
4.966010	5.279959	5.552389
5.160356	5.769850	3.463361
5.163880	6.719675	3.904717
5.596530	5.906166	6.818542
3.978563	6.918520	5.981279
4.290412	6.751290	7.492946
4.554414	5.921526	8.341867
4.528771	6.541706	7.004033
4.920588	5.444345	4.511997
3.355961	3.826535	8.385149
3.452993	4.750614	8.631903
