2.659630	4.026808	7.619158
3.871701	4.047086	8.586168
3.880128	5.018076	3.002040
4.217156	3.712425	6.291735
4.307147	6.353036	6.833297
4.316522	5.754974	8.966477
5.109454	6.829295	6.611964
2.024807	4.432540	6.092203
3.037433	3.637101	7.419728
3.964595	4.875530	3.365200
4.427904	6.453909	5.202915
3.667363	5.950508	8.806305
4.125897	5.898711	3.759518
3.477909	3.643164	6.449749
4.641708	6.049008	8.014810
4.448414	4.886724	9.085696
4.074317	5.240949	8.773121
4.316357	4.600924	2.849182
4.466303	5.631637	2.914805
5.355761	5.968652	6.204642
4.184826	5.928829	9.005437
4.747799	5.413229	4.028608
5.543553	5.782909	6.345963
3.982643	4.653604	8.927387
5.066234	6.938231	6.640155
3.398291	6.940444	6.533861
3.776227	4.991495	3.156232
3.356376	4.741431	8.885381
4.530261	5.408631	9.100432
3.277419	3.514866	4.287957
4.986412	5.726058	3.680129
2.735352	3.695389	7.268590
5.120936	6.056633	6.773925
3.264251	5.080049	3.675700
3.683956	6.633836	5.597656
4.906013	4.602119	5.639662
3.986701	4.054053	8.545756
3.857642	4.639604	2.937375
3.420227	4.474058	3.767227
3.406130	4.883182	3.102175
4.225948	5.312189	3.486985
3.743962	4.054653	7.704191
3.926743	5.187749	9.371011
2.760473	5.088445	7.566713
3.680715	4.416007	8.580490
3.949979	4.931184	8.788376
5.149326	6.127836	6.789125
4.405468	5.757170	8.861455
5.001901	5.279352	7.804219
5.087718	4.778373	5.814614
4.017855	3.507664	7.467533
3.584711	5.308284	8.770792
3.908943	4.890990	8.989591
5.345948	6.579156	5.072751
4.855579	4.671023	5.598965
3.923979	6.462015	6.683430
4.555988	5.728993	8.771532
4.156969	5.071910	7.929128
4.126777	5.358163	8.914410
4.260528	3.901905	6.257241
3.700227	4.721166	8.619157
5.355964	6.582768	6.333882
4.592131	5.301266	8.259006
4.292667	7.060079	4.946413
3.935316	5.655031	3.531646
3.095641	4.111015	8.288341
4.156526	6.517352	4.055778
5.191950	6.565496	4.782669
3.119585	4.954044	5.918132
4.107803	5.289313	3.046943
4.361487	4.663575	8.653813
3.550487	4.396813	8.438119
3.362712	4.812560	8.236592
4.208526	4.804161	2.786038
3.538305	4.777210	7.902869
3.479424	5.666430	4.750940
4.405935	5.804794	8.480684
4.057889	4.968510	9.028091
4.220133	5.530691	3.221552
3.882757	5.548190	9.005765
4.958152	6.300527	8.135938
4.508824	4.005080	3.883661
4.065906	5.124583	3.815226
4.877527	5.017642	6.723136
2.941251	5.079123	6.518756
4.186931	5.527061	2.871198
4.769750	6.385911	3.981441
3.839913	4.624718	8.651905
3.735393	3.749192	5.918089
2.656061	3.855975	5.610784
4.719634	7.238154	6.959279
4.059001	5.123968	2.816186
5.045912	5.326507	4.485472
4.988969	6.877383	5.445664
3.658006	4.327991	3.347013
4.917541	4.500265	6.491729
4.367529	5.241029	8.934351
4.336416	5.508754	3.119672
2.924766	4.076623	3.813786
4.531489	4.640130	8.836913
3.461396	5.136596	8.511372
4.292684	4.741505	3.692655
3.857616	5.626021	8.391011
2.943537	3.938122	5.950330
3.715384	4.589802	9.177663
4.083055	3.620919	5.659973
5.210829	5.441989	3.891869
4.142488	5.442867	9.019934
3.203513	3.707898	7.207682
3.003651	5.541131	8.632464
2.960119	5.131033	5.461208
3.080004	5.826398	4.303447
3.322849	4.743097	3.117692
3.499159	4.872637	3.231014
3.778150	6.498730	5.950351
4.941612	4.950623	3.633020
4.339791	5.158693	9.527632
3.540391	5.914006	6.117026
3.899710	4.965547	3.042650
3.730102	3.388582	3.636584
4.939759	5.072209	7.734379
4.031637	4.570963	9.330789
3.937454	4.815495	8.910376
3.864112	4.727887	8.794339
4.066211	4.234701	8.858814
3.806757	4.756388	3.175318
4.710509	6.307567	7.100924
3.553858	4.775800	3.017018
4.304346	4.368315	8.010372
2.953555	4.959494	4.992915
4.285644	6.120297	7.738937
3.953602	4.516997	8.589403
4.457941	6.383546	4.434388
5.286431	6.301025	5.192755
4.106216	4.203379	8.863010
3.643699	4.485824	9.062376
3.225607	5.115061	8.605618
4.767271	6.619395	8.164926
3.423622	5.468029	6.655469
5.627501	5.922032	5.218983
4.302934	5.973795	9.286140
3.320586	5.379340	8.516137
4.086737	4.856097	2.962176
3.298643	5.742542	4.091673
3.567855	4.974437	3.473615
3.516969	4.549799	7.922952
4.171825	4.932384	3.039352
3.579381	4.667249	3.431398
3.376979	5.733475	3.785126
3.775121	5.760400	7.706330
4.068163	5.207620	8.861410
4.749337	5.465589	3.738103
3.268196	4.035755	5.569580
2.562645	3.816720	6.019277
3.036455	4.779330	3.599656
3.904398	5.908811	4.012171
4.074315	4.092515	4.162558
4.044856	4.143186	3.843410
4.763874	5.972254	8.390181
4.464556	6.179960	3.572180
3.736610	4.559224	8.869100
2.633162	3.629165	6.042390
3.063082	4.585278	3.900612
4.589520	3.888112	6.452729
3.401670	5.626736	3.463628
3.303751	3.708667	4.888818
3.330675	3.104857	5.027700
4.239480	3.899525	4.107736
3.607874	5.291372	3.465837
3.104120	6.199528	6.590445
4.223077	5.294426	3.175125
4.944693	5.295651	6.613066
4.817619	5.744924	8.576271
4.174603	4.310909	3.658711
3.805322	4.623582	3.161158
4.438898	5.665225	8.821852
4.089578	5.764101	3.277695
3.174147	5.384463	3.259034
5.189990	6.853191	5.198505
4.219469	4.731151	3.263923
4.453974	5.942083	8.445130
3.698723	3.360545	4.335243
4.424814	3.609133	6.929774
2.720066	4.309007	6.294831
3.979678	5.040486	2.857462
3.386260	4.282186	3.544737
3.857084	4.104793	7.368538
2.559018	4.672392	7.144230
4.287412	5.234855	9.321877
4.467848	6.251802	8.584828
3.950528	5.123358	3.296227
4.654742	3.470301	5.137074
5.150140	6.816449	4.363657
2.957494	4.206555	4.732924
3.882967	4.973242	3.058237
4.931527	4.421051	4.158064
5.006086	5.160676	3.432729
4.695472	6.448816	6.453009
4.310257	4.930516	3.071021
3.439944	4.683368	8.789167
4.548594	5.927632	3.436430
3.970267	4.865214	8.820294
2.505840	3.993100	6.610354
3.073420	3.261167	6.232233
2.920141	4.673675	8.469727
3.794255	3.719356	3.143038
5.011377	5.318397	8.627422
4.059724	4.458269	7.957719
4.307016	4.912629	3.036763
4.612973	6.269650	7.584380
4.425376	4.735744	3.263025
3.653278	4.566917	8.533384
4.823496	4.941550	3.948971
4.464791	4.567763	3.313390
3.785291	3.922844	5.960025
4.743677	4.691622	7.227573
2.573971	3.505453	4.898612
2.975758	4.324802	8.350780
4.395273	3.366268	7.730800
2.831743	3.353465	6.322851
2.746046	4.520291	7.626518
3.871734	5.214115	3.279505
5.306461	6.520478	4.582066
3.611984	6.017948	3.837367
4.500706	4.204233	4.215850
4.425629	4.823516	2.647371
3.202961	5.005087	3.724636
4.186499	6.528897	7.492007
4.301648	4.779790	9.489741
3.434502	5.197995	9.053048
3.957970	3.865389	7.620293
4.905361	6.981252	5.501015
3.305447	3.248477	6.090264
3.464382	3.840378	3.559834
2.856190	4.401060	4.780161
4.147659	5.178891	2.763872
2.747192	4.283201	7.009188
3.216405	5.324678	5.615674
4.610901	5.552090	3.439762
3.478273	3.741812	3.746439
2.840290	3.358855	4.494723
3.182308	3.739670	4.490316
5.537890	6.062925	7.288806
5.089580	5.649897	7.937199
3.902324	5.067325	2.962761
4.469007	3.990431	4.014345
3.266619	3.401346	7.500831
3.643076	3.964979	3.736716
4.500533	5.005439	7.058224
3.886040	6.188808	6.003986
4.330951	4.759728	3.090997
3.488112	5.520945	4.354183
4.651976	4.611328	8.429137
5.051307	6.408461	4.443136
3.678619	5.110881	9.203749
5.082843	5.723744	3.989962
4.337761	6.370530	6.394172
4.342019	6.617286	6.267754
5.192742	6.342557	6.342196
3.887173	4.744416	3.678663
4.967220	4.097567	6.115433
5.071213	4.575661	6.259825
3.832450	4.989111	9.200961
4.449459	6.861145	7.493175
4.562937	5.175256	3.147012
4.707165	6.868226	6.227547
4.252095	6.173415	8.604700
4.638515	5.838336	8.655740
3.541197	3.979142	3.946251
3.608006	3.281440	4.733873
3.591746	3.939567	8.591387
5.603282	5.765628	7.296809
2.743857	4.868478	3.709542
3.349212	5.611037	4.840626
3.112182	4.716003	8.530281
4.748435	6.533753	8.648606
3.786687	4.718744	8.928605
4.188679	5.485792	3.316010
3.092424	4.616792	7.642391
3.500347	3.674448	4.132357
3.657458	5.078085	2.928158
3.620930	5.500066	7.445324
4.869241	4.297736	5.964711
4.092665	5.362126	3.366460
3.517622	4.395693	3.243198
3.671806	5.177351	2.962425
4.457511	4.620403	2.903729
5.175249	4.627479	7.441105
4.582956	3.901113	7.268938
3.656183	4.069430	3.867257
3.541190	4.475974	8.737625
3.943249	4.923548	9.272463
4.084520	4.609692	8.716337
4.368748	5.051460	8.907223
5.428214	6.844466	6.265095
4.728844	4.604090	5.425965
4.300800	5.198820	8.998245
3.581342	3.691946	7.989794
3.264629	6.217274	6.081295
3.647453	4.308333	2.997461
4.094302	5.997527	8.291679
3.914453	5.238807	3.273373
3.091988	6.160436	7.399198
4.241574	6.796664	6.740527
4.670170	5.230566	4.406494
4.819565	6.436694	5.469138
4.074700	6.352940	7.614694
2.940718	4.088244	3.984615
3.947096	3.992062	7.682719
4.963828	5.623406	8.426650
5.089101	5.481617	8.530627
3.915089	5.344141	2.922143
3.160046	3.218211	6.221888
3.743977	5.667723	7.907998
5.237369	6.345568	4.479906
5.228030	5.663600	5.632396
3.755884	6.235880	8.490157
5.484070	6.055400	7.768159
3.852333	5.998235	3.932646
3.605317	4.064139	3.437306
4.243130	4.331514	8.502376
4.514562	4.916917	3.863735
3.764701	4.220378	3.303440
2.411426	4.093379	5.508226
5.040129	5.997919	7.494398
3.237976	4.650054	8.380147
4.833511	4.282582	4.957790
4.005740	3.989604	8.696970
3.377467	4.172162	8.396651
4.384644	6.236841	3.947143
4.216308	5.112536	8.897324
5.262810	6.302382	7.000992
4.654066	6.369822	3.241195
5.244769	5.062643	7.369691
3.298552	5.848101	3.959858
4.812929	5.357781	3.096117
4.451564	4.961482	2.894050
3.954725	4.298622	3.789511
3.409625	5.651902	7.406887
2.990058	5.329700	4.712424
3.812859	5.193414	9.269836
5.191145	5.533300	4.222020
2.662013	4.661038	5.338651
3.782582	4.007084	8.377863
4.728395	4.376452	5.267380
3.693591	4.601561	2.842706
2.750626	3.800407	6.812844
3.196337	4.215177	5.799494
4.774752	7.007310	5.983031
3.991871	5.366395	3.247175
2.802921	4.253901	4.383343
3.701818	5.444757	2.604712
3.818758	5.349771	2.747000
3.703131	5.133252	8.510978
3.588841	4.619465	9.395657
4.074904	4.020955	8.603208
4.159336	4.946962	8.814248
2.969437	3.327593	6.712894
3.555945	5.729789	5.285303
4.663494	4.558317	2.942855
4.343674	4.701963	8.657162
3.170837	3.028962	5.250438
4.832433	6.576627	5.204831
4.911982	5.819036	8.449291
4.243441	6.601248	5.674476
2.883079	3.785890	4.979978
4.403483	4.832843	7.987572
4.556747	4.076812	5.472126
2.638196	5.329121	4.620832
4.749609	4.620116	4.644244
3.005059	3.700116	7.415036
4.982646	6.019212	4.292869
2.835210	4.602257	7.121263
4.088608	3.404697	5.259926
3.930737	4.735528	2.817806
4.272413	4.857864	8.942434
3.673098	3.957126	8.709284
4.467988	6.996256	5.613908
3.878065	5.050952	2.813592
3.863117	3.956526	8.826115
4.560640	6.301390	3.814550
4.642939	4.590122	7.777455
3.819830	5.179273	3.133946
3.241895	5.608419	5.218701
2.864595	3.691812	3.797542
4.295329	5.204785	3.295581
4.579785	5.563605	3.507401
3.955459	5.054022	2.963032
3.477427	5.517476	7.702121
3.925378	6.170872	3.610821
4.570168	6.429901	4.585927
5.126614	5.323417	5.766177
4.352818	6.484413	4.917174
4.004448	5.288389	3.487738
3.401028	5.116053	2.960047
3.732146	6.652354	3.948389
3.673295	3.853613	3.627665
4.458122	4.337264	4.459877
4.983341	4.992732	4.869237
3.946951	3.324146	7.061979
4.021674	5.211536	3.035199
3.978463	5.499167	8.019894
5.235931	5.994691	7.743714
3.082913	3.188123	4.996152
4.321199	4.602333	2.993153
3.135298	3.261790	5.740595
4.191338	5.316559	9.593982
3.394715	5.015301	3.850073
3.501403	4.550400	9.062246
3.585458	6.249484	7.614863
4.004873	5.968779	4.963933
4.094665	5.292986	3.117366
4.422834	4.714477	8.983838
3.853545	3.660987	8.508918
3.491874	5.214586	8.825986
5.336472	6.492145	5.099200
3.843881	5.083759	2.706874
4.809877	5.309152	3.410835
5.047440	5.532324	5.821241
4.970142	4.674888	7.374611
3.479815	5.338411	7.832875
4.630467	5.782806	3.813647
3.488577	5.740372	6.161976
3.054712	3.631715	6.473864
3.078743	4.193945	8.241467
3.853654	4.074033	3.330102
4.674041	5.857424	3.706540
4.163086	6.494397	5.005504
5.205661	4.771150	5.786138
3.354485	5.550236	5.646249
4.930808	4.577696	7.937068
4.260372	6.129292	8.663803
3.464298	3.586828	7.460811
3.821989	6.037033	5.091302
4.124764	4.992117	9.372523
2.885486	4.151588	8.043527
2.814242	4.284535	6.557109
3.963069	4.892442	3.186214
3.453965	3.720086	8.362522
3.900595	5.575479	3.249871
3.719939	5.293805	8.831554
4.435087	5.462292	8.616607
5.422108	6.606140	5.604691
5.064120	6.375684	6.852389
4.050126	4.510359	8.422379
3.718417	5.230772	8.465820
3.091762	6.267606	3.988343
4.495452	4.163453	4.641823
3.313029	4.291246	3.295957
3.590322	4.038641	8.957264
3.482157	5.534731	2.668448
2.841586	3.561081	6.881460
3.594472	5.395429	3.751363
2.845986	4.030573	8.404979
3.653156	4.478769	3.115054
4.638528	4.800477	3.302676
5.245500	5.073365	4.926634
4.075791	5.518731	3.775250
3.521956	2.870599	7.306267
5.090684	5.102670	5.145462
2.683412	4.148208	4.910323
3.837263	5.059379	8.966526
4.435980	5.169805	8.958026
4.459907	6.471559	8.027309
3.360547	5.003899	2.986921
4.991954	6.206197	8.361083
5.151043	4.655638	7.362459
4.251428	4.517857	2.564648
4.219936	3.675464	5.426799
2.968210	4.887372	3.436299
2.984432	3.713196	8.031512
4.684305	6.548492	7.651796
3.249288	5.432532	6.400482
2.947559	3.768689	6.487711
3.876318	3.216058	5.048590
2.973691	3.456986	7.560061
4.561423	6.204575	3.512676
2.936154	2.991573	6.170250
3.528218	3.424909	5.314753
3.669499	5.098778	3.561976
4.297213	4.625242	8.560498
4.995078	5.150379	8.078481
3.488676	4.561851	8.662616
4.127756	3.388670	4.753052
3.627308	5.335879	3.752972
2.452023	4.437583	4.141237
4.563571	4.422037	7.328863
4.762182	6.345566	4.360160
3.839583	3.611693	4.115858
3.560240	4.897519	7.781583
3.150618	3.380977	6.630533
3.793608	5.824509	5.863711
3.696138	5.681900	7.932769
3.235234	3.692338	4.571380
3.937543	4.939160	3.167743
3.734411	5.433920	8.943895
4.401795	5.434307	9.185787
4.013282	5.552085	8.963262
2.846845	4.226922	4.448043
5.305079	6.016016	5.422678
