3.530204	4.530646	2.993394
3.856474	2.874588	6.084203
4.930132	6.111014	8.240820
3.028481	3.154452	4.736898
3.705532	3.245297	5.745145
4.200593	5.012736	3.203661
4.097271	5.932762	8.941869
3.976972	3.966139	7.429323
3.166084	4.034789	5.111264
2.771568	3.656129	6.274092
4.191971	4.779691	8.968447
3.627648	5.593070	8.040286
3.976877	4.856242	3.214346
4.028251	5.137973	9.042359
3.974097	6.342490	6.473783
3.887200	6.178997	7.007737
3.848362	4.672132	2.665735
3.986004	3.708958	6.832437
4.795659	4.934677	4.912422
4.686160	6.705182	5.267412
4.058830	4.922228	3.171783
4.251292	5.943312	3.711176
3.920259	6.373240	8.281064
3.306287	4.598995	8.553013
5.181120	5.101559	7.529458
4.908532	5.544508	3.289007
3.790311	5.362584	3.827986
3.183260	3.409549	5.460155
4.106689	5.386574	3.175818
3.662120	6.091918	4.648501
4.336104	6.758685	5.795686
5.449174	6.677873	5.746142
3.851657	3.806011	3.745355
4.723277	5.148534	7.077229
3.455000	3.707722	8.329678
4.252936	6.800871	7.707039
3.864675	5.207447	3.123431
3.833507	6.182995	7.792983
5.200527	6.231621	5.277050
4.210040	5.214162	3.031562
3.789383	4.727560	8.790626
3.724051	5.032973	9.152602
4.209922	5.004510	9.003993
2.942563	4.934438	5.516536
4.157269	5.796613	8.591340
3.370365	4.329342	8.445077
4.884646	4.225262	6.503341
2.173817	3.664748	6.735042
4.843839	5.347589	8.702877
3.911195	4.349653	8.250519
4.349907	4.780029	8.619810
3.530780	5.365858	8.219890
3.208819	5.416566	6.376807
3.968972	5.274477	8.590966
4.335870	5.447953	8.904050
4.057679	3.946062	3.837199
3.901288	5.120522	8.856143
4.969495	4.516898	5.189439
3.097466	4.245455	8.250556
4.201091	5.045674	2.787813
4.643386	5.480295	3.174263
2.933578	4.283492	5.550523
4.009755	5.499008	8.797372
3.777234	4.396325	3.100383
4.286518	5.184129	9.042573
3.993945	4.900436	3.186320
4.022683	4.596173	4.235183
3.613140	6.225880	5.696249
4.359553	5.329601	2.935043
4.073457	5.102613	8.826747
3.329732	5.590190	7.134321
4.709426	4.613669	4.287397
3.926864	4.778761	3.195778
5.137817	5.216833	8.088094
4.222162	5.227796	2.885621
3.525226	5.732222	7.020777
2.546238	3.578590	7.403021
3.806629	5.947784	3.315150
3.649769	4.791477	8.687024
3.729492	4.673940	8.972447
2.902180	4.960728	6.234674
4.419593	6.290063	5.380682
4.954901	6.406901	7.098042
2.900646	3.224533	5.517685
3.600061	3.981691	3.640914
3.697032	4.593090	2.952515
3.460784	5.627471	6.851894
3.816364	6.250240	4.761410
4.352141	6.437484	4.309911
4.413805	4.911616	3.040489
4.152513	6.180391	6.956439
4.357922	5.526481	3.542947
5.524158	6.059701	6.605592
3.276207	5.204000	7.396847
5.170220	5.902727	5.292324
2.849754	4.719262	4.265077
5.025938	6.494582	4.415765
4.184374	4.813269	3.019644
3.223782	5.027442	8.420494
5.042070	5.960543	7.894288
3.536714	4.242168	8.499368
4.276996	6.146533	8.461647
4.141661	5.760893	8.624468
2.803226	4.840815	3.770604
4.069582	3.658192	8.179944
4.209618	3.589863	7.538375
4.118847	5.086842	2.691153
3.516915	5.802577	4.654920
3.875209	5.291872	9.029220
3.763771	3.453001	7.511163
3.455081	5.547223	5.566356
5.134539	6.581900	7.832323
4.704282	4.262917	4.806184
5.012080	6.465620	7.384448
4.268304	5.407237	2.903588
3.755932	4.951764	3.564618
3.814731	4.890772	2.826072
4.485240	5.112457	8.311383
3.213307	3.186123	7.704719
2.835933	3.644497	4.883067
3.118325	4.480001	8.631183
5.027911	6.671480	6.526490
3.631034	6.456601	5.948878
4.191967	5.561478	3.620778
3.190110	4.894516	3.894354
4.087322	3.475904	4.767201
4.357252	5.002983	2.798938
2.638212	4.575770	5.446815
4.783598	4.490281	8.713426
4.542046	5.558223	8.805418
2.973286	4.112146	3.748015
4.081892	3.633268	6.111961
3.930579	5.025700	8.638570
4.264383	4.884946	3.264299
2.941088	3.486030	7.827560
3.355197	4.914473	3.455096
3.845966	5.064257	2.829180
4.539592	5.003373	8.791996
3.187608	3.270222	6.580483
4.024689	4.661639	2.757068
3.409585	5.691400	7.609074
4.359178	6.621303	3.959281
4.324076	4.763129	3.305732
4.885646	5.490255	8.134900
3.066844	4.301046	7.395316
4.832384	6.184797	7.906418
4.554425	4.756770	3.084769
3.428274	3.043599	6.657684
2.972553	4.093464	8.116267
4.037784	5.325027	3.178533
5.298219	5.372606	7.685715
5.134534	5.801667	3.756398
3.131367	2.841797	6.349390
3.116652	4.304789	3.915438
3.684904	5.712644	3.469557
4.059190	5.271858	2.715069
4.201738	4.898333	8.858053
4.996391	6.709257	5.920966
4.243019	4.828547	2.669543
4.606439	4.613003	3.512275
4.731464	6.528615	5.136473
2.757271	4.214882	5.866847
4.549100	6.288421	8.092686
4.262583	5.102873	2.823047
4.256987	6.566544	5.669224
4.664743	4.425481	6.084022
4.912725	5.113702	7.625789
4.699404	5.877828	8.401598
4.276719	4.220690	5.315365
4.358599	6.752158	7.690877
2.981580	4.977216	4.028781
3.031539	3.385447	4.270340
3.787268	4.887766	3.308896
4.494137	6.542852	7.518578
4.383454	3.839605	7.057096
4.126720	4.798307	3.083187
5.258902	5.964325	5.107568
3.104935	4.728694	3.221248
4.457141	4.837036	3.969458
2.594172	3.600508	6.007281
3.334845	5.562801	7.787914
3.741156	4.897760	9.153195
3.936755	4.592412	8.666514
4.079824	4.600854	9.085375
4.518578	4.528501	7.883364
3.402065	3.676848	8.121649
3.204203	3.596519	7.278576
3.676795	4.648036	9.036032
3.679161	4.951988	2.971591
4.571446	4.929522	3.257603
4.047472	5.456261	8.879882
3.704276	4.652540	9.212997
4.668629	6.126242	3.841900
4.935211	5.312249	5.869248
3.334645	3.571082	4.058964
3.565788	4.981726	9.154124
2.935601	3.349422	6.553198
4.420183	6.284767	3.384154
4.246871	4.816660	3.042150
2.741750	3.537906	7.583837
3.243981	3.013164	6.107814
3.052838	4.602377	7.598375
3.268740	4.982346	3.320752
3.458852	3.740147	5.046503
2.717892	3.409080	5.690574
4.397261	4.784155	8.164053
4.501105	6.177550	3.808013
4.192909	5.321175	3.006727
4.251775	4.890916	8.991842
3.688227	4.682380	2.877073
4.470581	3.951260	6.401109
3.722215	4.885959	3.011625
5.410818	5.211895	4.898848
4.740462	4.621173	8.111156
3.750227	4.764958	3.116562
4.408505	4.252709	8.327646
3.783326	5.057316	9.261782
3.156440	3.671271	7.825795
4.299114	6.284214	7.973224
4.425902	6.750818	7.033972
3.135269	4.044222	8.430226
4.838595	6.321870	3.933065
3.765010	4.931498	2.746468
2.823035	3.859402	6.073864
4.415967	6.118447	3.586829
3.420900	5.321096	8.484455
3.440593	5.918487	7.573911
4.597616	5.433025	3.802645
4.463246	5.371561	3.332811
2.695008	5.087902	6.807996
3.812294	6.074098	8.348059
3.570801	4.172526	8.154572
2.858578	4.287667	7.611233
4.659077	4.387125	4.936417
3.441303	3.299347	4.360827
3.966140	4.321201	3.637191
4.380961	5.265356	3.295317
4.103693	6.871339	6.279168
3.842608	3.311454	6.104398
3.522054	4.563484	8.981546
3.192550	5.249580	7.904700
4.447291	5.174408	3.212688
4.164730	3.688404	6.097419
2.455481	3.680006	5.272780
4.021675	6.527212	4.403317
3.659187	4.417561	3.661772
3.512498	4.226455	8.881206
3.174256	3.423785	4.765092
3.391823	3.756378	3.798661
4.318874	5.597180	9.012523
3.814607	3.621660	5.938561
3.690827	3.661438	3.869828
2.761014	4.779419	4.847441
2.631729	4.723576	6.488010
4.242071	4.222379	7.861522
4.033659	4.659267	3.001266
4.440906	5.748737	3.364182
5.147934	5.733615	5.987938
3.532548	4.217707	9.055602
4.228375	5.344388	3.167479
5.080451	6.513988	7.621368
4.432509	6.464521	4.890935
4.258660	6.040910	3.099148
3.655432	4.479729	8.801970
4.968927	6.601685	6.968337
4.561601	4.806428	8.989171
4.147512	5.193977	8.915977
4.068621	6.386801	4.378955
3.037226	4.443850	4.325190
3.679701	3.478543	5.672395
4.027892	6.643612	4.115757
3.262100	5.456420	4.832342
4.660772	5.215028	3.872923
4.200351	4.098319	8.150512
3.781780	5.231837	8.997137
4.942577	5.214779	4.555152
3.849564	5.270875	8.789215
4.408242	4.920841	8.084497
4.290632	5.704980	8.915145
4.594767	5.339577	3.767045
4.038828	5.028706	3.076993
5.693848	6.002818	4.904040
5.238900	5.725933	7.230677
3.537290	3.179875	7.430242
3.095681	4.289811	3.705909
3.196464	4.925016	3.693252
4.273258	5.896926	3.215264
4.547205	5.436181	8.660748
3.501713	3.847275	3.433374
3.824029	5.350125	8.571418
4.223446	5.573351	8.761388
4.028231	4.182793	3.569538
3.197429	5.010555	4.280243
4.083611	3.747220	8.477885
3.530374	6.104749	7.228775
4.068288	4.809850	9.290429
4.599826	5.380305	3.348679
3.325115	4.339813	3.311900
3.564597	4.358762	3.422887
3.817673	5.006644	2.897732
3.532809	3.651769	4.543912
5.441771	6.283498	6.372737
3.766150	5.373509	8.880766
5.155670	5.459378	4.773740
4.577203	4.796108	3.359702
4.225679	6.350912	8.286249
3.363056	4.879617	8.613952
3.149684	4.012472	4.331245
3.518656	3.868273	7.967563
4.040162	5.741654	3.203508
4.543608	5.359606	8.967618
5.155627	6.178238	3.957302
2.647292	4.173379	8.045448
4.820364	4.680938	3.772862
3.788467	3.889301	8.436401
4.899079	5.363171	3.740914
4.307351	5.140347	9.121680
4.911259	5.755470	3.939727
2.605247	4.390787	5.003119
3.921259	4.725583	3.271739
3.137837	5.048606	6.645257
4.119671	5.264467	8.194660
3.797231	5.014124	8.965191
4.519558	6.437082	5.201827
4.493984	4.121195	3.807927
4.572582	6.102775	4.133998
3.203806	3.341836	7.130677
4.505903	6.564805	4.502834
3.815612	5.023835	8.845410
4.254203	5.801227	3.391420
3.533290	6.167778	6.277139
3.907094	5.027439	9.008084
3.394836	3.660477	3.566600
3.052917	3.872543	7.670793
4.820958	6.357919	4.292837
4.188190	4.477029	3.279990
4.972267	6.193572	5.850196
2.427451	3.622314	5.101356
4.606008	4.063225	6.766356
4.017683	6.513111	4.346380
3.902592	4.381042	8.958604
4.694986	6.560339	6.132984
3.903166	4.989798	9.150830
4.397136	6.488695	6.763767
4.967673	5.837031	6.214845
4.964968	5.330210	8.454296
4.196933	3.590488	6.860814
4.149607	5.222544	8.899645
4.411721	4.948392	3.560479
4.698520	6.113609	8.230887
3.414470	5.329169	4.431222
3.720374	5.087670	2.857726
3.283088	4.456342	3.591753
2.945868	3.359053	4.085910
5.188429	4.949820	7.164193
3.758276	5.604241	8.379465
4.621210	6.934256	6.584276
4.315713	5.744578	3.648059
4.112857	5.235695	8.912879
4.458072	6.534435	7.923460
5.174529	5.571002	4.338772
5.193505	4.766092	6.368522
4.986640	5.121919	7.618063
5.159879	5.200875	5.439065
3.574489	4.824605	3.251704
3.722057	5.206869	8.780922
4.557801	5.134978	8.736816
5.000639	5.370359	4.097600
5.172741	5.921074	4.788551
3.519687	3.575858	6.594439
5.056349	6.345628	7.355093
4.146590	5.225978	3.074469
3.803872	5.702623	3.422371
5.198943	6.015515	7.038746
3.644259	5.060240	8.959251
3.660752	4.771339	2.935870
3.353067	5.653473	5.620450
4.318653	4.383034	8.714583
4.246928	4.126126	3.403827
3.775162	5.111801	3.092358
3.590344	3.412394	5.313970
4.811468	5.776766	7.061756
3.716228	4.043929	8.358833
4.200957	5.971106	3.765186
4.471646	3.840157	4.320954
4.776853	4.150126	5.580630
3.988551	5.656615	8.442972
3.486744	5.206250	3.377842
3.308107	2.974200	5.827766
4.591794	4.594162	4.936288
4.327004	6.522738	7.309462
5.075019	5.691595	6.823313
4.102043	4.426756	3.321067
4.374374	6.630149	6.338915
3.583403	4.201372	3.234446
4.982061	5.648677	5.360625
4.447959	4.816820	8.419853
3.917410	4.426272	3.892050
4.227808	5.371212	3.029095
2.624833	3.980843	6.866734
4.787830	5.072891	8.304652
3.202937	4.702560	3.101400
2.497805	4.701972	5.771903
5.173010	6.069054	7.883229
3.758057	4.442758	8.757529
3.754468	4.243988	3.140451
3.914503	5.207721	8.433906
3.451573	4.527024	8.509503
4.734778	6.324715	6.196756
5.291631	4.838790	5.892329
3.422621	5.544683	6.337984
5.053953	5.649892	6.388798
5.106245	4.564734	7.004591
3.619183	3.839732	4.053443
2.902297	3.699771	7.032439
3.734408	4.433279	2.977096
3.467678	3.640025	7.643323
4.887437	6.124533	4.697812
4.039749	5.203504	8.871282
3.808968	4.272083	8.885629
5.034191	6.668238	6.039554
3.606869	4.620631	3.232238
3.430116	4.993555	3.280755
3.889712	3.216829	4.853387
5.532261	6.062236	5.777946
3.087561	4.724627	3.527325
3.991158	4.717775	8.780929
3.726004	4.153055	3.595290
3.103104	5.137239	7.715023
4.273805	5.263584	8.948180
3.798436	4.593212	8.741813
5.224308	6.659561	6.752239
2.670465	4.988914	5.718108
4.009783	4.925060	9.156054
5.233133	4.778040	6.258293
2.809505	3.533229	6.089879
4.780944	6.775274	4.150183
4.431861	4.431370	8.653637
2.850065	3.841553	3.579810
4.860697	5.724863	8.464371
4.488203	4.874501	8.846900
4.532713	4.738962	8.861586
4.212471	5.268976	8.691920
4.180595	5.274259	9.013151
4.681381	5.887649	3.615188
5.058708	3.942003	7.180946
4.177639	5.823754	3.707190
4.628117	4.605068	3.610467
4.501802	4.570566	3.418705
3.458096	5.643503	3.878116
2.927017	4.557564	7.168079
5.383785	6.171627	7.023362
4.029586	4.507069	8.529147
2.858631	4.383385	5.095618
4.762503	5.431556	3.071689
3.663806	3.503977	4.479012
3.626247	4.890358	2.874000
3.127833	5.276353	4.849849
4.617656	6.631883	7.863787
3.946781	4.964852	3.024125
3.167391	4.874419	7.909584
3.922664	5.871561	4.265477
3.348332	3.496841	4.422131
4.578990	4.399634	4.111838
5.041352	5.662476	4.554630
3.399828	5.667984	4.023306
3.832763	3.859434	8.671071
2.909374	3.764973	4.535194
4.210370	5.001778	3.050152
4.035031	5.304919	8.884504
4.740405	6.587637	6.531449
4.326309	4.930417	8.936659
3.376404	5.922529	4.433814
3.805463	5.149753	3.037688
3.884201	3.937942	8.206951
3.193206	5.269303	8.401308
2.844097	4.818428	4.795873
3.838593	6.527560	5.999405
3.903963	4.760599	3.102667
3.533927	6.428332	4.576731
3.905134	5.991311	7.406154
2.945898	3.554471	7.315703
4.278639	4.970664	8.911586
3.174914	3.169549	7.407130
3.764605	6.079367	4.823459
5.168102	5.970368	8.379971
2.872547	4.373465	8.023481
2.786116	3.718658	6.761498
4.000369	4.833538	8.950877
3.861140	5.716229	3.948706
3.323009	4.038211	8.504124
3.300697	4.472610	3.523784
3.957939	5.433160	2.800855
3.432100	4.955734	9.054579
4.057648	5.037351	2.665468
4.109181	4.681156	3.117308
3.040430	3.152457	4.584464
4.184655	4.733305	8.875022
4.772110	5.252223	8.690954
4.354608	6.682574	5.374848
