3.795729	6.689539	5.509298
3.612785	4.955865	2.820473
3.855962	5.407852	8.918551
2.590604	3.785881	7.045770
3.986195	5.863363	3.411620
4.078932	5.605431	8.348119
3.583489	4.107802	3.531498
5.246895	5.384694	7.562468
3.773052	4.315917	9.377245
3.162182	3.671094	7.738800
2.982149	3.634359	4.839557
4.329800	4.649478	9.069158
2.885350	3.879379	4.204005
3.287610	3.722130	8.014172
2.786408	3.410565	5.427732
3.415256	6.000158	5.101673
4.302110	6.518387	8.091918
3.061918	3.820705	4.445670
4.766532	6.286305	4.080107
4.149560	5.158080	3.169201
4.443901	4.052356	8.293685
3.939825	5.215991	3.103676
3.626437	4.680543	3.109856
4.628981	4.190976	6.690149
4.849495	5.650374	7.425152
3.955897	4.757186	9.035172
5.279461	5.393995	5.408068
4.124771	4.519863	8.655549
4.485021	6.209983	4.075461
4.458570	6.047629	7.878261
4.515341	5.102017	8.923177
2.853565	4.494140	8.006385
3.671257	6.060335	5.716159
4.733209	4.103185	7.283296
4.504775	5.896047	7.848231
2.947589	5.150827	3.598419
2.876816	3.487990	6.123477
4.145465	4.528259	8.833325
4.137912	5.589609	8.888801
3.614612	3.945070	3.449799
2.916955	4.018034	7.208151
4.995638	6.042195	6.340910
3.181775	4.615386	3.387480
4.285042	6.344364	4.127354
3.829487	5.678045	3.286118
4.084976	4.830439	8.835353
4.716669	4.855133	5.353055
5.236766	6.693384	5.579070
4.132349	4.668250	2.931199
3.823472	4.921101	8.906642
2.654882	4.337184	4.914875
3.724493	3.445284	7.901790
4.009367	4.539909	2.956175
2.709868	5.015588	5.111680
3.930417	5.981595	8.367029
2.646565	3.903455	5.521784
5.462497	6.457998	6.450686
4.430025	4.159620	5.933297
4.012088	4.799665	8.911813
4.028128	3.977212	4.467114
4.326956	5.237665	8.775960
5.305332	6.730222	5.589511
3.672472	4.920783	8.869838
5.111078	5.889336	4.809860
3.141884	4.147169	3.518875
3.206336	3.805171	7.364407
4.681166	4.772143	7.584184
3.254343	3.461026	5.629475
3.872838	5.519304	8.681198
4.281513	5.107037	9.021282
4.721521	4.792259	4.272279
4.705348	6.622793	5.313806
5.233664	5.567035	6.316329
3.858750	5.108506	2.971811
4.546760	4.631373	7.419667
3.808319	4.490347	8.600391
3.485558	4.014720	8.437829
4.598011	7.101212	5.861561
3.267986	3.956809	7.963825
4.430333	6.611751	6.340617
5.279445	6.442140	6.741388
3.575659	4.183358	3.151950
3.641785	3.927459	8.679608
3.768117	6.105391	3.822460
4.121350	5.824403	8.769056
3.687396	4.639878	3.167010
2.690206	3.500015	5.480551
3.181540	5.029818	7.844587
3.758100	5.062114	2.921479
3.229356	5.179687	3.870391
3.060390	4.582787	8.448826
4.552214	6.339661	8.221685
4.078762	5.613583	3.038407
4.010095	5.420628	3.438924
3.672927	3.372742	6.089894
4.379111	5.146594	2.863609
4.510680	4.458058	8.859489
4.405104	5.174044	8.757375
4.112226	4.500994	3.267731
3.535245	5.176363	3.200098
4.055813	5.739711	3.485582
3.288769	4.434261	3.414329
3.734928	5.654296	8.251238
3.448271	3.449710	3.664442
3.045972	3.593240	7.731882
4.296715	4.804223	2.789119
3.258370	5.118755	5.787226
2.501469	3.961548	5.640049
3.706605	6.273615	4.007366
4.852795	5.970438	3.469084
3.841483	5.234146	8.806196
4.608392	5.759851	3.182030
4.354657	4.526167	7.430190
3.533864	3.899912	8.678956
4.179099	4.130580	8.711072
4.281198	5.905197	8.544235
5.061715	5.792685	8.128641
3.329972	4.571643	3.130292
3.535184	4.204468	8.626043
3.172743	6.019320	6.886848
4.091769	5.016671	3.212911
4.729531	5.725442	8.609511
3.697955	4.852964	3.275133
2.987941	4.825618	4.136968
4.241345	6.307159	5.677816
2.889408	3.672852	7.278484
3.936180	3.926702	3.557718
5.371184	5.826395	4.561922
4.117067	5.100383	3.060934
3.955468	4.743781	2.936455
4.586263	4.343692	4.762987
4.056151	4.907009	3.023921
4.243840	5.297203	3.006527
3.123524	4.476327	4.126368
3.145630	5.365886	7.952193
4.831748	4.529418	5.593349
3.445743	5.516486	4.012519
4.026530	4.161015	4.840358
4.351351	6.445831	8.442682
4.678756	6.497905	6.796094
3.984283	5.334072	8.332744
3.923900	4.889314	8.740565
4.533858	6.674804	6.784013
5.139830	6.007431	3.971180
3.826310	6.198529	4.743956
3.586530	3.697262	8.628377
4.098100	4.561502	9.009106
5.186628	6.261338	5.702882
4.481307	4.872802	3.316600
3.474560	4.348478	3.210680
3.983842	3.653200	4.440695
5.189812	4.741894	6.773668
4.899124	6.086382	7.242294
4.446686	6.296979	8.166556
3.691118	3.850025	4.015626
3.422838	5.884507	7.871969
2.707270	3.546200	6.029975
4.100371	4.299730	3.354844
4.930055	4.749273	7.928624
3.084540	4.527533	8.311779
4.185160	4.321662	8.409405
4.511255	5.495260	8.785349
5.219767	6.176548	6.394041
4.041312	4.419553	8.849078
3.740354	4.536575	9.110416
4.382727	4.294009	8.466096
4.902852	4.874679	7.251806
4.424517	5.674917	3.187095
3.844938	4.726616	2.929571
2.973529	5.157637	6.006927
4.187742	5.927850	8.449051
3.215994	4.693028	8.483054
4.235877	6.307308	7.688274
3.633659	3.539248	7.006368
4.889860	5.702296	8.341404
3.663062	5.114926	3.202694
3.864060	3.777347	7.268639
4.077347	5.270945	8.910270
3.419666	3.301918	4.737761
3.127706	5.609892	4.630271
3.720656	5.398518	9.258921
4.215559	4.842342	2.594960
2.852436	4.088970	6.305072
4.356526	6.120955	4.310913
3.551442	5.136868	3.224960
4.647382	4.099123	6.800857
4.423537	5.832124	3.558468
3.941133	5.038016	3.226042
4.986518	6.200089	7.615076
3.299602	4.729853	7.850597
2.898884	3.647787	6.412725
4.692201	3.765323	4.405840
4.468740	5.531911	3.679400
3.599666	4.834431	8.761091
4.017167	4.976263	8.427267
2.930283	5.188215	4.269437
4.850957	5.687241	8.238301
4.508679	4.654521	2.959295
3.701417	4.942976	8.792450
4.381630	5.116590	3.154906
3.965149	5.113331	9.003697
4.801686	5.170019	4.286433
3.710631	5.019854	9.063239
3.476662	3.525068	5.539140
4.156202	5.046406	3.169859
4.587136	6.372172	4.137179
3.661995	6.531086	8.008102
5.228273	6.461388	6.126644
3.938593	4.912542	2.998196
5.182469	6.035076	4.264101
5.055376	5.215761	5.715694
4.242365	5.048275	2.743460
5.003487	6.183644	5.350155
3.226189	2.909623	7.104681
3.023923	3.893001	7.289710
4.154906	5.123634	2.905273
4.309377	3.588285	5.803643
4.496357	3.986391	6.328133
3.242983	4.017942	3.558918
4.376581	4.933857	8.879146
3.018500	4.571328	7.613749
3.868317	5.874619	3.417399
3.642932	5.651754	8.033868
4.312511	4.753577	3.043978
3.806964	4.024500	8.050466
3.120733	3.546537	7.994582
5.196075	4.658469	7.086493
2.745718	4.768540	6.987563
4.223231	4.084468	3.609489
2.651387	3.954600	6.739138
3.728184	5.172997	3.632545
3.903400	6.262338	6.558793
4.531894	6.885337	5.220205
3.304116	5.595911	8.398134
3.467133	3.073253	6.572526
4.120053	6.563947	7.165437
3.587511	4.433017	8.962319
4.063442	4.896090	2.799068
4.264022	5.388988	3.416591
3.153995	3.741716	6.656903
5.101345	6.903239	5.764985
4.670000	6.763906	4.995298
2.983496	3.127184	5.709997
4.063733	5.270167	3.163369
4.664993	6.597844	4.729338
3.047082	4.639651	5.994590
4.123063	3.830198	7.750308
3.588268	3.480051	7.773360
2.916581	5.517022	4.898391
3.094880	5.544537	6.372456
3.200626	5.375738	4.269570
4.080148	4.626951	8.528629
5.039927	4.781018	5.160010
4.570309	5.253454	8.492169
3.544434	5.160088	3.298255
5.110371	6.124833	7.582532
4.008929	5.838278	3.995802
4.855087	4.682194	7.965812
4.491202	4.945361	2.937071
3.599300	2.885283	6.311662
4.399657	4.132533	7.424245
3.006621	3.540950	4.735667
2.827077	5.131530	5.020109
4.686889	5.358002	3.171175
3.699318	4.433604	3.241544
3.140460	5.350564	5.851077
3.677212	5.910948	7.568280
4.092305	3.545125	6.627419
3.916576	3.671432	3.932261
4.156790	5.173804	2.867062
3.889225	5.404699	3.042745
4.124003	6.490909	5.323628
3.155971	4.763536	7.395344
2.613492	4.907135	5.586092
4.659725	5.688083	3.432944
4.729570	5.050023	8.845119
4.416372	5.458371	3.078631
5.114951	5.376516	8.084510
4.057436	6.074632	7.753682
4.583479	4.294258	5.997488
3.994191	3.838960	8.335094
3.578205	4.952314	2.501687
4.975862	5.564009	3.788365
3.847379	6.578821	5.285215
4.445067	5.261364	3.371469
4.044194	6.266289	4.786261
3.175901	5.124411	7.874186
2.818934	4.763172	7.957324
3.332804	5.083919	4.055219
3.361717	4.344015	8.051058
3.256647	5.902141	6.813212
4.177085	5.580852	9.361458
4.403785	5.044420	8.885371
3.572854	4.612982	8.523835
3.305935	4.563550	8.408474
4.133238	5.791982	9.101508
4.048542	4.410115	9.055768
5.335354	6.064238	4.788864
4.085115	6.825436	4.550701
4.395318	4.969550	3.751489
4.063544	3.516829	3.517449
4.272461	5.466456	8.627034
4.288517	4.363672	8.293642
3.582455	5.348797	8.552348
3.070626	3.563362	5.106083
2.920904	3.364446	7.069406
4.265068	4.931180	3.263991
2.960349	5.745164	5.812806
4.898848	5.396016	7.636467
4.331145	4.649418	9.067564
4.068268	4.792656	9.232821
3.341610	3.631228	7.057745
3.559823	3.822420	4.401115
4.492224	6.000792	8.190171
4.259317	5.154503	8.875239
3.942254	5.375189	3.618170
3.289789	5.451308	2.887830
4.524398	6.615106	6.596131
3.871492	5.058947	9.104710
4.787650	6.756464	4.749635
4.146136	5.056338	9.095600
3.160397	5.170310	4.063559
2.994946	3.986942	4.882894
4.730755	4.842653	8.339415
4.568226	5.969580	3.164144
3.342417	4.010231	7.530722
3.307106	3.805675	4.772414
3.851261	5.202520	9.134427
3.915200	6.403350	5.911568
3.166210	3.194990	6.062575
3.902723	6.218114	6.003718
3.464090	4.147988	3.203808
4.074493	4.657112	8.930431
3.158042	5.446995	6.606277
3.899192	4.041616	3.343058
3.591231	4.559454	3.606876
5.212883	5.846056	7.302569
4.277907	5.520974	3.058552
4.003889	4.115882	3.295914
4.280434	5.013008	3.184482
4.671150	4.273473	4.892642
3.610570	5.244227	9.113597
4.103433	4.674918	8.614253
4.462438	5.098641	8.989071
3.781379	4.979757	8.977529
4.035855	5.164974	3.253687
3.792760	4.955372	8.743823
4.743210	5.929588	8.609498
3.888687	4.258727	3.756699
4.014925	6.297748	5.365755
2.691785	4.233525	5.694885
5.224755	5.246720	4.541176
3.789463	4.289152	3.578806
2.667076	4.921888	4.775634
4.389349	4.619803	8.103121
4.049724	5.078053	3.033062
3.510014	4.729142	7.772797
4.242775	3.799860	4.925084
4.358490	5.884505	7.307364
2.946202	5.358526	6.666439
4.623575	5.052287	4.451840
4.083096	5.695245	2.984232
4.687572	6.762898	7.216100
3.913269	3.751294	4.693917
5.309714	6.220376	7.369311
4.102716	4.907123	2.874355
4.332747	5.765415	3.400800
4.751996	6.422889	4.691309
4.020994	5.094000	3.112255
3.105169	3.176308	6.866874
4.492503	5.555128	8.486311
4.002926	6.535335	6.923940
4.495438	6.557657	7.732550
3.654440	3.659956	3.870950
4.282623	5.939645	8.924814
3.525955	3.620431	7.554473
3.692080	5.181053	9.138919
3.403861	4.489566	8.708154
3.540943	3.628581	4.764710
5.064282	4.568243	6.622212
4.590591	4.863873	8.361600
4.616045	5.632367	3.759918
4.886788	4.396079	6.412926
4.940741	6.737405	6.934630
3.905378	3.428666	5.517944
4.070676	4.872185	9.371211
5.386876	6.561615	6.001167
5.292587	5.915358	5.046497
5.220390	6.818121	6.258668
4.323100	5.213445	9.205325
3.551609	5.301152	3.842344
3.279483	4.873373	7.334695
3.162091	5.076086	3.556706
3.905504	5.581162	4.097992
5.098221	6.633483	5.222467
5.527427	5.722653	7.181005
5.513483	5.057141	5.173603
4.245531	4.122312	8.265626
3.599367	5.472525	7.453203
5.027383	6.285280	4.467981
3.982758	5.065854	8.602224
5.246614	6.484410	5.298576
3.014835	4.012402	7.600047
3.255908	3.206350	5.752124
3.446497	6.026999	4.487044
3.959427	5.313491	3.182336
4.665968	4.717322	6.189868
4.490351	5.271669	8.509287
4.213155	6.481691	7.929106
3.546066	5.695336	7.907814
5.764194	5.424280	5.519619
3.357826	4.060323	3.966397
4.136886	6.298233	7.036325
3.767433	5.278551	2.675152
3.737103	4.809672	3.419353
3.120754	4.900730	3.796682
3.757742	4.578592	8.691041
2.651607	3.731524	5.988839
3.517416	5.040378	8.453966
4.465736	4.483364	3.252657
3.579133	5.273169	2.989731
4.940252	4.741612	4.291807
3.496740	3.829592	8.153350
3.898901	3.377166	4.972243
5.219582	6.247035	6.776109
3.090654	3.897695	7.894724
5.017453	5.472907	4.135527
3.121160	4.362007	3.890781
4.639529	4.780732	8.805397
3.845393	4.805595	8.870789
4.049226	4.474900	3.314521
4.864423	5.751492	4.088698
4.292306	4.917723	2.789958
3.282343	4.816838	8.381691
4.081969	5.001701	3.098814
4.518457	6.024896	4.165831
4.404841	3.685439	7.248267
2.919958	3.670301	4.460773
3.944329	4.701793	2.588391
3.873581	4.231944	4.104367
3.570859	4.395248	2.770305
4.315756	4.998461	8.406382
3.808073	6.210336	3.612717
3.188233	5.236870	4.367513
5.170102	6.107121	7.438716
4.324447	3.620561	5.664429
3.793040	4.872726	8.573510
3.178527	5.296704	7.287877
2.810018	5.630684	4.639136
3.779479	5.025587	8.907123
4.076340	4.613976	2.805361
3.900827	5.195544	8.861347
4.088185	4.451400	3.110398
4.355124	6.533695	7.850515
4.707794	5.522577	8.407324
3.316425	4.585092	3.181455
4.213318	5.681793	8.124618
4.607824	4.247700	3.971331
3.932007	5.026195	2.963003
3.802004	5.131649	3.259804
4.215538	5.362606	8.642191
4.191785	6.078735	3.941251
4.515481	5.173436	3.500427
4.228371	4.150445	4.704753
3.432210	4.451413	3.826660
3.282203	3.714028	4.001035
4.431581	4.193615	7.828070
4.102672	5.735370	2.593513
2.658634	3.791441	3.668509
3.490833	6.176149	6.275077
5.127326	4.792543	5.669276
4.317127	4.699266	4.202022
4.978991	5.519880	3.645628
4.286326	4.363735	4.118356
4.051757	3.563262	7.194241
3.797619	5.807646	8.431142
4.039506	3.789497	6.646888
4.770529	4.365842	5.139733
4.117813	4.971217	8.809675
4.337196	3.449179	5.712721
2.935534	4.590067	5.641411
4.236356	5.366607	8.798356
4.535391	4.562914	8.800268
3.046761	5.011611	6.619009
4.652930	5.997038	8.679739
3.892799	4.861949	8.874002
3.954973	5.016409	8.700673
3.603186	5.200462	3.179872
4.395885	5.142128	3.955792
3.848108	4.716817	3.064468
3.938791	5.064876	2.773202
4.140588	4.848809	8.873586
4.601830	4.797924	3.261790
5.509361	5.109869	6.530165
4.351710	6.745572	6.452386
3.339288	3.287051	7.203126
3.657477	5.225804	3.627435
3.877338	4.640786	8.764036
5.208794	6.332386	4.237549
5.478634	5.473665	5.087288
