4.091284	4.671161	3.234189
3.189206	4.141780	4.006770
2.767584	4.791377	7.046870
3.447756	3.374597	7.062790
4.127464	4.901421	9.215089
4.887046	5.299059	8.256729
4.994652	6.660771	4.476562
3.672707	4.833046	9.199717
3.832187	4.808850	2.992953
5.270168	4.989302	6.687013
3.408616	3.245251	6.695130
3.951113	4.200866	8.497309
4.746093	4.672213	3.319221
3.863021	5.210580	9.206760
4.847489	4.902289	8.651459
5.278138	6.224884	3.897937
3.253204	5.140497	3.198316
3.625585	5.241065	8.976768
2.977105	5.238050	4.020687
5.104497	6.540049	5.411905
4.972922	6.655919	6.215089
3.506415	4.016710	3.763120
3.944836	4.261052	8.588291
3.843841	5.202610	8.938095
5.186170	4.901205	8.017258
4.847842	5.467300	3.730726
5.340309	5.372321	6.823598
4.191047	5.425911	8.189796
3.930942	5.166540	2.695716
5.009200	6.220307	4.944220
5.178441	5.645981	7.976010
4.172257	4.288339	8.321123
4.676325	6.784881	5.687927
4.981787	5.430212	7.578313
4.408777	5.214550	3.277633
5.377379	6.157807	5.751548
4.001642	6.413656	3.577176
3.778570	5.291113	8.778369
3.635751	5.731003	4.396350
3.382393	5.513415	4.697682
4.962658	4.660313	4.374517
4.757957	5.252973	8.324747
3.597259	6.097205	6.136133
3.775431	4.259303	3.312373
2.864587	4.693497	6.092733
3.842221	3.956767	5.810536
4.715962	6.514874	4.330529
3.237576	5.281930	7.909643
3.840001	5.016889	2.818326
4.264270	5.957058	5.414639
3.263326	3.421791	5.118671
3.554239	4.561519	3.223024
3.758900	4.606265	3.174832
3.193829	5.336592	5.517281
3.052118	4.522164	8.409710
4.209804	5.735625	8.626891
3.725750	6.130984	7.186837
3.380434	5.746459	5.675975
3.846917	5.032790	3.212728
2.978212	3.410261	4.311608
3.737616	4.169468	8.235790
5.116006	5.878625	5.676333
4.231537	5.807039	3.980422
4.881231	6.725389	5.760882
3.136755	5.214715	8.728251
3.468185	6.241022	5.256294
4.295814	6.197313	8.399204
4.756666	5.138502	8.734465
2.617325	3.646539	7.301449
2.692328	4.091883	6.209504
3.180254	4.355189	8.660570
4.413850	6.286310	4.008989
4.119646	5.957870	8.349177
4.077759	3.730272	6.398887
5.231943	6.330611	5.233030
4.422343	5.140177	2.909156
4.342056	4.001270	5.062453
4.304931	4.459997	7.150985
3.555437	4.489198	8.617856
3.508702	5.748429	7.591212
2.816043	5.146490	7.772267
4.466430	5.176413	3.307109
3.596882	4.754815	3.135420
3.776646	5.053325	3.303922
4.274434	5.642269	3.435215
4.124635	4.298886	3.625530
2.456016	4.258423	7.094420
3.969398	5.395151	2.747607
4.586925	5.375794	9.153286
4.083431	4.779649	3.119507
4.531951	4.953178	3.380864
3.813194	5.264794	8.774658
4.031153	5.635261	8.789184
3.129876	3.863662	8.740446
4.650750	6.012922	3.609967
3.615974	4.159148	3.825394
4.544537	4.733168	7.627647
2.972878	3.376288	5.411740
4.350253	5.045757	3.086109
3.838027	4.957785	8.462806
3.905655	4.251203	3.350650
3.264085	3.163098	6.221404
2.743588	3.442858	6.367332
4.792448	5.908610	3.756074
4.976967	5.361273	7.783583
3.316249	4.267165	3.642904
3.366098	5.207202	7.031475
5.325316	5.809359	7.071099
4.658642	5.146284	7.791418
4.915597	6.556871	5.809280
3.191634	4.540025	8.388014
4.946112	4.370822	5.965771
3.800728	5.657457	3.804582
3.484098	5.558509	7.703780
4.110425	5.315835	3.061593
4.248872	4.074162	3.758250
3.711126	4.499434	3.325642
2.692549	4.769548	4.406197
2.788426	3.497624	6.867203
3.973536	4.188123	3.591581
5.243371	5.761078	6.192371
4.352814	3.720551	8.226927
4.112882	3.705053	4.816881
5.266515	6.509862	7.312280
3.500313	4.364381	3.441322
4.254675	5.103737	9.213254
4.624584	6.030960	3.875764
4.095702	3.758698	4.503313
3.912727	5.311826	8.707266
2.928838	4.719796	4.402988
4.956015	4.260168	7.572550
2.812889	3.560654	7.135818
4.931924	6.562819	7.157421
3.704461	5.012873	3.019084
3.972604	5.444228	3.106141
2.987226	4.897027	8.594972
4.535696	5.622943	3.158996
3.181743	5.514352	8.182685
5.055223	6.403200	5.416387
4.866538	5.873357	3.114725
4.209169	6.646275	7.134950
4.917315	5.464753	8.872051
3.402722	6.044830	4.300114
4.157941	5.010694	9.136449
3.699918	4.805043	9.032380
5.221040	5.344577	6.475087
4.716569	4.528414	4.551424
3.865611	6.323545	6.966379
2.676701	3.467419	5.201493
4.221647	4.799154	2.923566
4.710934	5.916173	3.308865
5.029782	6.008769	3.881428
3.971279	4.506062	3.241831
5.012054	4.755454	4.352203
3.600107	4.122321	8.266650
2.682502	3.281345	6.560924
3.547474	4.975891	9.125324
4.530977	5.840379	8.517780
4.560673	3.999395	5.726721
4.778251	5.032153	3.531587
2.729319	4.802774	6.343421
3.397835	5.617099	7.414147
4.037355	4.895033	2.840082
3.854528	5.125937	8.806939
3.015617	4.146912	7.723113
3.521553	3.491923	6.766820
3.864884	3.479808	4.309838
3.301714	4.231354	3.517588
3.826538	4.541600	3.039929
3.397246	5.050546	3.356830
4.610337	4.823845	8.702706
4.058395	5.278954	9.054197
4.296486	4.914715	8.611065
4.293407	3.775526	8.242334
3.514015	4.360948	8.486166
4.321858	4.714972	3.315180
3.299836	5.669977	4.998878
3.850896	3.348218	5.692452
3.460674	4.831260	9.033418
4.283625	5.705186	8.354935
3.828195	5.096041	8.893681
2.900300	4.975103	5.721194
3.728403	4.333862	3.016707
3.646939	4.474262	8.608381
3.346057	3.475162	3.714987
3.895954	3.609893	7.892252
3.798295	4.109767	2.934636
5.181116	5.877199	5.043531
3.499407	3.953926	9.002054
5.304718	6.079540	7.946173
5.071968	5.812970	4.647618
3.761629	3.658251	4.061571
5.282010	4.328071	5.516806
3.033424	3.640396	4.282748
3.442169	3.441952	4.681668
4.854347	7.041826	7.483080
4.324824	6.394778	4.286719
4.418830	5.085823	2.921892
4.131399	5.157983	3.035485
4.322493	4.829581	9.337364
4.062831	5.895236	8.626693
3.949371	6.461449	7.742363
3.475908	5.382021	8.592350
5.386635	5.889911	3.724618
3.607076	5.819652	7.278091
4.709162	6.354570	5.210054
4.097366	4.725938	2.959432
3.065988	3.794966	4.423728
3.550653	5.562013	3.613066
3.878254	4.918226	9.117857
4.373152	4.887822	8.503510
2.497845	3.983942	7.195752
4.639794	6.037548	8.279554
2.870391	3.633208	5.389165
4.158087	4.470816	2.889060
4.144246	5.750577	3.734500
4.562175	4.952767	4.523525
3.889756	3.289927	6.383064
3.235360	3.345305	5.570707
5.224945	6.844928	5.862399
4.093369	6.689687	6.731477
3.339420	4.189965	8.408892
3.693352	5.384369	3.880526
3.216372	5.473792	7.029626
4.857204	6.282534	7.967688
4.454469	6.481676	4.865927
3.536863	3.737848	7.600877
3.904613	4.958110	2.959804
5.062672	4.937406	4.972645
3.298460	4.011424	8.429470
3.639185	4.434226	3.192421
4.466590	5.965285	8.602395
4.025702	6.661372	5.720739
4.306941	5.892124	3.475548
5.025700	5.860632	3.959501
2.841429	4.372790	7.321900
2.687746	5.250564	6.851006
3.516471	3.326181	5.179106
4.323603	6.626265	4.625165
3.591614	4.070261	8.649192
5.166046	4.588426	6.022010
4.290809	4.504279	8.937609
3.526076	6.089565	5.477463
3.617960	4.942612	9.000137
4.054554	5.179771	3.108919
2.704798	4.126539	6.978393
4.426517	4.617693	3.357276
4.526358	4.173482	6.909104
3.824436	5.824954	8.721457
3.701979	6.517535	4.678611
4.516354	4.295108	7.206593
3.758315	4.738541	3.146452
3.648617	4.709299	8.875421
3.762059	4.945949	2.754825
3.558188	6.211847	5.557335
3.784316	4.666486	2.765017
3.140447	5.555940	6.090477
5.032150	6.417393	7.248439
4.283378	5.020062	8.675285
3.743817	3.594085	8.497991
4.523666	4.859457	3.374792
3.622919	5.535151	3.062420
2.325092	3.963733	6.046051
4.770524	6.200071	7.916500
4.125571	4.975054	2.822029
5.584246	5.320402	5.313027
3.763162	4.644180	2.755579
3.377122	4.611646	3.246115
4.731228	4.484240	6.258984
2.570751	3.777838	5.821132
3.532149	5.632225	3.720024
3.449578	4.622539	8.869031
5.314354	5.419153	7.906374
3.037438	4.751899	4.849793
4.147986	5.903095	8.805902
3.415863	4.186580	7.887183
3.854594	4.968867	9.163173
4.462271	5.035770	3.078635
4.033191	5.529792	8.584032
4.151354	3.760379	3.900442
5.028022	5.191951	4.710466
4.453137	6.600668	4.582210
4.484700	5.224955	3.055722
4.074769	5.601927	3.120115
4.550321	6.486636	4.242913
3.543991	5.919347	4.558213
3.023726	4.655473	3.387575
4.226053	4.932587	9.043652
4.851155	5.270746	7.455891
4.393013	6.743117	5.308592
3.732679	3.744661	7.845039
3.785827	5.173295	3.125743
5.378888	5.877972	7.174850
3.348056	3.795234	7.691293
3.395653	6.654017	4.346617
4.470974	6.276977	8.032754
4.546528	4.625691	8.515678
4.176134	4.044649	7.863840
4.485507	5.639865	8.724796
4.215752	5.405861	8.817113
3.292016	4.025094	3.833844
4.164851	5.373492	2.808060
4.969708	4.655653	6.282150
3.883137	4.076093	8.526356
3.414023	3.751508	7.455290
4.533055	5.186248	8.663520
2.563138	4.749319	6.567544
3.920383	4.307246	3.284220
4.789672	6.583453	6.479252
3.766655	5.398406	3.289691
3.272865	4.788192	3.358663
4.131547	4.847829	2.885580
4.150224	5.820016	8.663065
4.144847	4.421125	8.615646
4.887533	4.314782	6.298113
2.914943	4.966771	5.168110
4.438858	5.823272	8.743886
3.515105	5.396579	6.304822
2.891129	3.691758	5.064258
4.964448	6.480526	6.203983
4.691094	4.669587	8.142992
4.396992	5.140200	8.349881
3.649726	5.056661	2.808852
3.675284	3.015982	6.299039
3.714869	5.602568	8.267775
4.050799	4.908778	3.047661
3.506380	4.524274	8.322705
3.463956	3.863428	7.891571
4.516126	4.602967	2.981536
3.571962	3.566819	4.460847
4.628038	5.113429	3.644039
3.755173	3.900819	3.334092
5.208486	6.275128	5.429432
4.956070	4.189025	6.720768
4.821729	5.129082	8.103313
3.589129	5.526041	4.135167
3.258946	5.036715	3.529994
4.808164	3.919146	6.773422
3.129716	3.284011	6.096278
4.472766	4.325495	4.976319
4.534475	4.685089	3.990371
3.305493	4.817942	8.623386
3.458516	4.980834	8.859004
4.421715	6.255331	3.308078
4.511179	5.291972	9.055248
4.186194	5.975741	3.162381
3.974264	5.133935	3.507016
3.016989	4.673216	3.785328
4.082825	6.227526	6.335599
4.052639	5.038867	8.963467
4.201337	3.632255	7.630553
3.711469	4.334165	3.308926
4.972614	6.361026	8.162196
3.968516	5.461293	3.473680
3.306762	5.023617	3.978574
3.087085	4.430293	5.402189
4.033399	5.141406	9.272493
3.945730	3.530598	5.869659
3.969530	4.985774	3.000980
4.731956	5.805822	3.495802
2.838452	4.262708	6.576077
4.175318	5.005380	2.928532
2.970850	4.480488	5.124294
4.963529	5.284091	5.137100
4.583914	4.808238	3.781732
5.114218	5.385714	4.088839
4.350177	4.470114	8.917978
3.184775	3.427123	6.784176
2.790161	3.984399	4.350778
3.336957	5.539088	8.237669
3.633459	4.451344	8.545835
4.289391	5.513823	9.022600
3.203309	3.556875	4.450345
3.935788	4.753854	8.833543
4.051471	5.249833	9.012742
3.470754	3.735258	8.286730
4.743289	6.266738	4.335051
4.346218	3.907133	7.317292
3.550531	6.046927	4.032285
3.984881	4.961666	2.817005
4.098153	6.423217	7.292188
3.917618	5.299230	8.688428
3.416249	5.576193	5.099625
3.702762	5.371356	3.492276
5.007641	4.689780	7.661000
3.130115	4.407957	7.943365
4.206067	3.720377	6.968260
3.736737	4.857594	9.160007
4.085483	5.443704	3.236627
4.884520	6.802983	5.987106
5.147813	6.416427	6.698809
5.072314	6.230502	4.726511
3.749792	3.535578	7.413223
2.955131	3.766012	5.934703
3.746617	5.343702	3.266184
4.634698	4.152265	4.231432
3.134934	4.576640	3.850264
3.512251	4.765300	2.991392
3.620963	5.016190	3.199425
4.044205	3.880247	3.892897
3.881980	4.628478	8.661132
3.822668	3.904417	3.454876
3.533461	3.314448	5.520104
4.207775	5.177029	9.053541
4.966366	5.885171	8.736328
3.795505	4.359928	8.592471
4.837552	6.632264	4.424267
4.362435	5.814441	3.845129
3.872512	5.282928	3.123211
4.005961	4.556681	8.977970
5.011399	6.756388	5.575140
3.581625	5.138688	8.848729
3.842709	5.720921	7.966480
4.010920	4.913012	9.007738
5.001618	6.874017	7.071497
4.218510	5.206579	3.198958
4.012233	3.574961	7.779252
4.255790	6.566495	6.350610
3.893940	6.773409	5.614677
2.790759	4.544018	4.988085
3.572213	3.735720	7.770704
4.801106	6.542890	6.140575
3.399683	3.635321	3.756072
3.547617	5.687509	3.113834
4.412015	6.425990	8.152025
4.324329	4.918004	2.987022
2.862251	3.452189	4.479621
3.437426	4.962443	8.906654
4.299317	5.210599	2.620007
2.994675	5.531499	6.825231
3.734653	5.634277	8.897539
3.656623	2.852841	6.101500
3.586399	6.224304	8.017760
3.787251	4.986022	2.975258
3.080453	4.421805	8.094650
3.193502	4.138698	8.022830
4.003552	4.664973	8.909171
3.896026	5.629390	3.626224
3.927803	4.464822	2.850414
3.775887	5.074971	3.008492
3.074886	4.279045	7.612598
4.957451	4.567119	3.462590
2.967495	4.588327	4.799073
4.654180	4.209798	5.518472
4.157026	6.052308	4.610125
5.550374	6.020507	6.118455
2.955315	3.803611	7.451159
4.832342	6.468675	7.438591
5.405331	5.366483	6.979932
5.374648	5.723895	4.517624
4.434868	6.014993	3.318204
4.203198	4.834384	8.990452
4.872727	6.363432	7.264298
3.708112	4.770674	8.879909
3.371427	3.725949	7.618217
4.856225	5.507460	3.886223
4.039602	4.863574	9.087592
2.943232	3.680672	4.565590
3.339271	4.985068	8.491838
4.628594	4.514909	8.668258
3.948528	5.055559	8.911286
2.540908	4.188388	5.047543
4.153544	6.442970	4.180429
4.223722	6.451144	5.908690
4.316605	6.271869	4.953134
4.990790	5.804300	8.226782
3.749031	4.693711	8.801678
4.115766	4.864104	2.944899
4.186712	5.193695	3.019344
2.826964	4.310158	5.619424
5.346741	5.482372	5.769739
4.517486	6.845891	6.716744
3.883111	3.923570	5.207135
4.011632	5.647658	8.147423
4.790520	5.409738	3.557617
3.679424	4.288970	3.491688
3.865194	5.595960	2.913910
4.236243	5.368623	8.759650
2.693216	4.689249	5.504219
4.123442	4.979777	9.308430
4.109715	4.679034	9.030233
3.201026	5.210509	8.273257
4.196922	6.310542	7.123503
3.327891	4.603972	4.159235
4.368003	4.880416	3.133786
4.401689	6.510394	8.252506
4.379816	4.599773	3.135748
3.092910	3.643164	3.829606
4.043393	4.804918	3.133636
5.145550	5.602906	6.175446
2.950727	3.069607	5.629492
4.123302	4.648657	8.839293
3.458910	5.115518	3.000228
3.622588	3.451025	4.135253
4.130236	4.629701	3.595316
3.966944	4.360700	8.808186
4.920591	6.355051	7.564338
3.997667	3.119626	5.422009
4.694688	4.625275	4.676649
3.405258	4.624020	3.110474
