3.302925	4.334444	8.262817
4.025190	4.938676	9.162039
4.057810	4.630899	8.812564
4.735513	4.723148	3.819787
4.593076	5.428103	8.792479
3.533998	5.125596	8.144726
5.085986	6.282010	6.290901
4.064983	4.835009	8.762570
4.654164	5.298362	3.336524
4.153496	4.864360	2.857066
3.767100	3.345341	6.132868
4.795003	6.514906	4.629054
4.023709	6.007807	8.509720
3.966720	5.374934	3.021047
2.872994	3.650717	6.517445
5.366513	5.650885	6.059650
3.856995	5.184232	2.952471
4.427269	4.829785	8.788036
4.563228	6.870851	6.298899
2.710503	4.685060	7.469027
5.044355	4.836317	5.761693
3.242137	3.512694	4.692107
3.463340	4.501321	5.061011
2.814220	4.211732	5.497887
4.104917	6.303806	3.499045
2.884926	4.276541	5.876756
3.362805	4.648747	3.079889
4.843372	6.782909	5.327820
3.805416	4.404084	3.033629
4.603314	4.378324	8.018967
3.884766	4.842059	2.760040
2.933342	4.928439	7.943068
4.247226	4.402214	8.691026
4.977223	6.402417	8.115393
3.422832	4.359906	3.689352
4.112828	6.697506	6.660320
3.181887	6.109602	5.591171
3.703359	4.622527	8.857368
2.921231	5.305289	6.115759
4.955169	6.756019	4.148465
4.407688	6.720019	4.533134
4.471065	6.187172	8.125954
4.449667	4.949318	3.045748
3.335597	5.438504	7.683153
3.365126	5.550058	7.015213
4.063550	5.154207	8.587928
5.151354	5.367547	4.310124
4.166923	5.620715	8.772245
3.570486	3.646081	4.231094
4.115535	4.045506	8.637841
3.747191	5.060383	3.372022
4.559237	5.862110	8.057812
5.344091	6.195886	6.817981
4.559699	5.861747	3.645038
4.501366	5.302167	8.853788
4.464452	4.222282	7.889279
2.567221	4.262095	6.743110
4.051959	4.272448	8.539615
3.580347	3.533071	7.207650
3.667215	3.693913	8.191752
3.251098	5.879981	3.805598
4.750845	5.366044	8.830219
3.790547	6.068098	7.901208
3.088680	4.166312	8.409381
3.707436	5.729798	8.386060
3.123586	4.315878	3.811444
4.842704	6.238269	7.964903
3.767879	3.371483	4.908057
4.957733	6.299373	5.357906
4.886454	5.402499	3.715845
3.673575	3.294128	7.738788
4.049540	4.873179	2.950442
4.672814	3.847156	5.731203
4.044642	6.102200	4.751804
3.033907	4.696272	4.850222
3.987641	4.844283	2.900703
3.679556	5.461738	3.340318
4.727457	6.018293	3.525029
3.935425	4.963678	3.237503
4.807580	4.664369	6.001473
3.452620	3.413199	7.797027
3.836818	3.626852	5.121851
4.343519	5.252174	8.535452
2.642676	3.499967	6.660428
4.010752	4.171387	3.325074
4.730594	5.826308	8.479514
4.683353	6.855655	6.973328
3.778741	4.949199	3.335826
3.745311	5.121233	3.223472
3.270386	3.912223	7.139428
4.217000	4.597011	8.765094
5.250393	4.083617	5.717623
3.335845	4.412174	3.920950
3.080586	3.973699	3.750541
4.154376	4.589231	9.156167
3.587548	3.357596	7.570734
4.215837	5.141383	2.864933
4.282173	3.747614	6.056019
3.928267	5.276811	9.123156
4.862038	4.731057	7.412005
2.844479	4.004457	4.305629
3.723458	4.972063	8.794586
4.460984	4.580906	3.532257
3.261302	5.430153	5.535444
2.934267	3.633112	5.243759
3.642931	4.958791	9.035083
4.495701	5.176858	9.060872
4.825642	5.060448	7.738427
4.156966	5.015478	9.392987
3.463701	5.207836	8.108763
4.999452	5.283795	4.144893
3.962071	4.245520	8.941633
2.819611	4.736355	5.497011
4.660511	6.002456	3.502983
3.441324	5.278777	4.107356
4.413356	4.522195	8.200873
4.597541	3.907459	7.707486
4.460430	5.054307	8.869485
4.123263	5.742160	2.835455
3.913007	5.452343	8.968828
3.395849	3.371554	4.240257
4.436204	5.136127	3.105944
3.455334	5.255574	4.123235
4.992303	6.497999	5.982298
4.375458	5.030380	3.350335
4.463048	4.548266	8.813129
4.649801	4.436046	7.673010
3.277561	4.649479	8.910296
4.075991	4.511610	8.970417
2.968254	4.559395	4.134553
4.633006	4.119063	4.759246
4.295581	5.533312	2.858655
3.804870	4.872105	2.965355
3.648729	3.355293	4.287862
3.720622	5.870740	7.852733
3.345065	3.573454	3.989590
3.030501	6.249155	6.720431
4.665389	6.902928	7.424203
3.156450	5.186555	4.723803
3.653583	3.201790	5.936964
4.618108	6.832382	6.059039
3.579018	3.995587	8.495579
3.636643	6.605858	5.680716
2.889256	4.776757	4.562346
3.374861	4.008561	8.885685
4.888939	5.646529	8.352954
5.635567	6.298019	5.949873
4.120064	5.150610	3.150036
2.716753	4.270652	4.096785
5.019467	4.748953	6.175096
4.194278	4.164408	3.689490
4.761324	4.653265	5.358467
5.127365	6.599602	6.890290
4.673106	5.962421	3.716341
4.525157	6.487353	4.494788
3.908515	3.246829	5.289263
3.806898	4.728860	9.232665
4.211280	4.826803	3.837891
3.407007	4.436876	2.666481
3.618999	5.092740	7.902704
4.271956	5.474915	8.750761
3.340654	4.931456	8.652328
3.922914	4.055475	3.655879
2.653445	4.233492	5.557951
4.140979	5.691657	8.737834
3.820903	5.400312	3.117323
3.620973	4.744763	2.828779
3.659968	4.230642	3.170562
4.160276	6.722969	6.872311
4.732649	4.523370	8.147995
5.169062	5.879841	7.920005
4.078646	5.081588	9.159757
2.588991	4.908091	6.188295
3.767065	4.270315	8.924799
3.350670	4.283680	3.287959
3.847760	5.473653	3.074802
3.334926	3.787236	8.660824
3.568856	5.142496	8.321130
3.313722	5.379797	3.856240
2.961705	3.493738	6.594421
3.414144	4.698049	3.496065
5.088192	5.517682	7.840276
4.337952	4.665545	3.149031
4.239692	6.403809	7.473975
3.311469	5.471478	5.088085
4.681334	4.612548	3.872084
4.161125	4.752879	9.143608
4.373126	4.447477	4.634950
2.666954	3.908373	8.071656
4.268881	5.512224	3.420379
3.618662	5.319722	3.460858
4.114249	6.266516	7.075224
3.622318	4.290490	8.262967
4.463926	3.503480	4.118864
3.897453	4.298063	8.650518
3.320995	4.187506	8.535788
4.223420	3.947161	3.402138
3.589352	4.665407	2.748313
4.236925	5.933270	3.236863
4.611500	4.769549	8.349162
3.239266	5.231156	7.721480
3.210863	3.530115	7.094069
3.201795	3.321236	5.738244
5.258543	4.576128	5.225169
3.919450	3.302369	6.940873
2.847854	5.738550	6.733493
3.317166	3.932955	8.286474
3.965216	4.869796	8.500886
3.753626	5.434614	3.324760
4.948250	6.621503	5.987115
3.749859	5.952890	7.913193
4.454096	6.348537	4.232990
3.990814	4.436220	9.012043
4.446900	4.969524	8.887965
4.281682	6.502432	5.185909
4.702397	6.395626	6.815879
3.381018	5.717947	7.565856
2.877385	4.956043	4.082686
4.449799	6.445484	4.093727
3.779650	5.099488	2.887973
2.471530	4.275286	6.710589
4.914658	6.467125	8.353724
3.806704	4.602835	3.147597
3.872380	4.752541	2.545739
3.645885	4.219930	8.592914
4.106414	6.065739	7.807781
4.010949	5.178004	8.930365
4.032870	5.393677	8.830149
2.736674	4.067633	5.215636
3.293589	5.963152	4.727865
3.388867	4.650344	3.402570
5.402214	5.857559	4.965324
4.667059	4.552198	7.133449
4.338433	3.607415	7.420567
3.614797	4.820778	2.643221
4.955415	5.164048	3.429637
4.135401	5.856483	4.361188
4.606416	6.615284	6.856965
4.331755	4.451876	8.747106
4.303053	5.345142	3.412471
2.760162	4.983489	3.733052
4.949622	6.111192	7.172700
3.717285	6.204290	4.938502
5.373892	5.432473	5.596642
4.855136	5.181243	8.535967
4.077762	6.349407	5.123003
4.315204	6.228787	8.011386
5.076713	4.663214	7.126679
5.475217	4.838621	5.022295
4.564338	6.148778	8.561124
4.155283	5.759704	9.187115
3.889332	4.622855	3.067207
4.165652	4.829232	3.044652
3.879547	5.217998	2.763142
4.169305	6.298114	5.459549
2.888335	4.583823	6.530838
4.103201	3.639702	7.222011
4.159700	5.443702	9.008708
2.909916	5.276796	7.306558
4.379743	5.493820	9.332440
4.074745	4.026494	8.774672
3.633563	6.499462	6.508266
3.720345	5.205924	2.763698
2.848247	4.965921	8.030917
4.624189	5.500521	2.890688
2.733054	4.094250	7.594500
4.217616	5.384224	8.522544
4.636319	5.139794	8.709533
4.827886	4.265246	5.899169
3.461121	5.697693	5.237907
4.643621	5.581695	3.202308
4.068067	5.137380	2.438183
3.634294	5.176380	9.114560
3.042140	3.570683	4.817493
3.075528	4.098740	3.938572
4.280083	4.762139	2.996878
3.453236	4.187762	3.267925
4.035147	6.291867	3.322517
3.711020	4.005903	3.949128
3.690480	4.082356	7.908675
5.037459	5.296639	6.547635
4.613990	7.018226	6.309885
3.480958	3.646476	5.499311
3.248516	5.310616	7.231109
4.502799	5.900349	8.173738
5.035190	5.930685	4.576798
3.753959	3.654752	4.481168
3.039143	3.704111	5.344045
3.941257	4.453111	3.299868
4.797184	6.692231	4.511877
4.037633	5.604797	8.903556
4.812488	4.980978	4.380253
4.172523	4.226049	3.878573
3.966043	4.720095	3.155725
3.683408	5.162622	8.306509
4.507696	6.565508	6.920173
2.997550	4.684925	7.852817
3.398422	5.199571	8.850678
3.191019	4.940029	8.619536
5.478479	6.360180	6.185423
5.600819	6.033755	5.179501
4.938318	6.362351	5.185353
3.415326	5.852685	3.183100
3.801037	5.119135	8.799592
3.596165	5.105440	3.250283
4.034337	4.621349	3.034406
4.773216	4.956157	6.617888
3.799997	4.383446	8.991824
3.213012	3.353667	5.725894
3.947952	3.707854	3.510701
3.815580	4.925519	9.122103
4.289903	5.016330	2.683795
3.718139	5.116833	8.958631
4.130366	4.966421	3.032570
4.452865	6.485743	7.898299
2.815147	3.820674	4.856827
4.654893	5.102350	3.316726
4.519987	3.912423	6.611141
3.879022	4.992343	9.535781
4.866492	4.298200	6.734185
3.221303	5.720096	5.760434
5.273583	6.107769	4.960701
4.682261	4.847868	8.014834
4.406080	5.161155	8.730019
2.845498	5.054840	5.972405
4.048684	5.151846	8.921568
4.646794	6.787586	6.577473
4.248968	5.070690	8.579302
3.784382	4.697732	3.336588
4.950431	5.997664	7.098139
3.767472	4.772627	2.986069
3.845402	5.742368	3.587994
5.318476	5.712484	5.431586
3.738646	5.470480	9.106415
4.036344	5.085354	3.163407
4.410551	5.760946	3.350880
3.908601	5.088745	8.948771
2.982656	3.596114	8.322525
5.203128	5.915666	4.163522
4.450067	3.939215	4.982597
3.439037	4.539085	8.823237
4.827373	4.744023	7.117228
4.054348	5.487819	3.052399
4.545255	6.420733	8.433615
4.583719	4.019026	4.098913
4.113954	5.117492	2.827121
4.698810	6.155099	3.672052
3.073016	3.852251	4.230310
4.895130	6.763574	7.734979
4.068740	5.124408	8.715282
3.721031	4.281094	8.133562
5.119955	4.985655	3.825905
4.780385	6.841478	5.349087
4.366699	4.503979	8.894784
3.418610	4.475870	8.974749
3.589584	4.701096	9.093978
2.838827	4.330071	3.713905
4.565289	5.589072	8.272116
4.596519	5.260883	8.563834
4.143602	5.461176	2.821315
3.833638	4.762232	3.264048
3.765281	5.009186	8.935357
2.838502	4.090975	5.962047
4.302381	4.724784	3.089106
4.518776	4.219252	3.590618
3.617175	3.338070	5.309847
4.001600	4.939684	8.895532
4.591864	6.148760	3.923202
2.859702	4.056856	4.600535
3.376769	3.538235	4.650276
3.963678	3.572370	4.138261
4.195748	4.496586	8.095825
4.184714	4.792002	8.983338
3.523037	5.121405	8.929805
3.284289	5.690890	4.880918
4.295174	6.666909	4.503061
3.924325	4.717764	3.140577
3.057765	5.194529	5.105244
4.186003	3.825537	7.115057
5.516735	5.603804	6.260653
2.780392	3.434032	6.376436
4.366777	5.113628	8.555705
3.814963	3.833095	8.634001
3.876545	4.969356	9.287976
4.222427	5.028261	2.816638
3.539216	3.575787	3.151214
3.720132	4.436751	9.175440
2.920137	3.628525	6.165481
3.387931	5.438078	3.076011
4.372746	5.601692	8.539625
4.515962	4.962376	3.451612
4.439659	4.408461	8.748275
3.955275	4.571174	2.871285
3.563020	5.017658	9.132713
3.707472	5.036167	3.225232
3.225180	3.101178	6.985518
5.006266	5.559882	7.894618
4.186678	5.256352	3.506921
4.098495	5.376709	2.629127
4.020329	5.171162	2.881775
2.977025	3.320822	6.509498
4.040061	5.141956	2.962362
2.972206	3.699349	7.813367
3.409309	3.722457	7.443917
5.142282	6.402625	5.124508
4.604406	5.430511	8.443155
2.618801	3.762596	5.784037
4.156024	5.132907	3.098340
4.393121	4.671476	8.114885
3.264355	5.156065	6.762923
3.368169	5.506693	8.562146
4.546880	6.433564	7.352305
3.724242	5.917108	4.476048
4.337286	4.555636	4.016200
2.665739	3.633186	4.302389
4.146029	5.524720	3.322967
4.047196	5.669036	8.831745
4.173545	3.779947	6.384921
3.499015	4.103039	3.609273
4.528345	3.882326	4.888707
5.275493	5.904363	4.370843
3.699518	5.758908	6.999870
3.303724	3.192365	5.543725
3.908634	6.655804	7.090112
5.609610	5.794174	7.192384
4.855092	6.010729	8.154304
5.252043	5.703624	7.982054
3.211924	3.484903	8.141737
5.002092	5.714680	7.550412
3.953792	4.378142	3.004919
2.661967	3.682215	6.794999
4.030817	6.343484	3.655716
4.728019	4.331451	4.416259
3.542983	4.334065	3.249833
3.925354	5.603417	3.270501
3.858628	3.604136	7.320860
3.979267	6.600478	3.563943
5.086349	6.516905	6.178917
4.134950	5.167245	8.910238
3.963694	5.111158	9.374108
5.364781	5.325439	4.493806
4.750686	5.737679	8.523842
2.970720	5.933562	6.501846
5.005260	6.495690	4.586784
5.392766	5.470952	5.880068
3.897731	5.169643	3.030121
5.066485	6.658690	5.705128
4.769356	4.003111	5.135162
5.232273	5.110709	7.454457
4.729789	4.576807	8.232403
3.456199	3.825119	4.126426
3.939841	6.396801	7.596779
4.007340	5.122262	3.148531
3.723441	3.460564	6.659163
4.625406	5.674781	3.347113
2.690376	3.715714	7.518308
5.290945	5.759768	7.267189
4.203402	6.766274	5.402769
3.889790	4.216872	3.579294
2.984061	5.077450	4.725717
4.860753	6.600479	7.649797
4.119176	5.117358	2.636912
2.903815	4.643968	7.395674
5.186743	5.908749	3.983673
4.262601	4.636579	3.456162
3.961648	4.486472	8.466535
4.286698	6.194857	3.897245
3.740412	3.735608	3.969593
3.663276	4.710890	8.633687
3.733287	4.984301	3.608023
3.366378	2.922573	5.082562
3.555357	3.757586	7.745608
3.587247	5.485306	3.905281
4.673363	4.058541	5.901620
4.080186	6.445527	7.149521
3.254592	4.642201	8.911701
4.321371	6.558491	4.321581
5.134841	4.680679	4.716830
4.722915	5.436592	7.746709
3.719177	4.929762	3.205296
4.148299	5.100953	3.223682
3.279131	4.917359	3.653918
4.837807	4.967567	3.706970
4.328699	4.061866	7.361559
4.213701	3.582467	5.427845
4.068981	5.253638	2.759912
3.800049	4.863221	8.496318
4.058188	6.063302	4.223623
3.631218	5.462284	9.089987
4.631815	4.611727	4.101762
2.850195	3.538318	6.243965
2.807756	3.628019	6.816964
2.853294	3.153735	5.041603
4.892453	6.345423	4.564865
4.240963	5.283672	3.331642
4.284366	6.031516	8.249569
3.997241	3.915072	3.030461
3.321743	4.876909	3.120415
3.537217	3.122953	5.745583
5.541763	5.524443	3.867257
