4.201939	3.215882	6.323368
4.158460	3.899841	4.088249
4.230103	5.138709	8.891502
4.959951	6.022566	7.598413
3.838702	5.305078	2.814590
4.667020	5.304001	4.070424
3.878447	3.980213	7.973729
4.415681	6.125008	3.504550
3.837441	4.900610	3.039173
4.719089	4.430275	7.239976
3.202051	6.018724	5.205498
3.818231	2.891807	5.568387
4.311612	6.015322	3.559804
4.187705	4.994493	8.906722
2.724881	4.449398	8.239231
3.138142	5.830682	4.727347
4.489239	6.572246	7.768712
5.401588	6.000535	7.246696
5.201625	5.526781	4.630338
3.761349	5.389644	8.911248
4.170152	5.689037	8.817256
4.559764	4.405962	3.537918
4.437052	5.399267	9.322350
3.490952	5.896667	4.032974
5.210159	5.632260	4.015258
3.058368	3.332693	6.451360
3.800078	4.328076	2.891727
3.391730	5.118289	3.850889
3.557359	5.780448	5.715392
4.438581	4.145037	8.519909
3.313027	5.400865	3.071018
3.700250	3.112668	6.674718
4.063491	4.454619	3.397509
4.573940	5.256666	8.862373
3.917143	5.734649	8.894029
3.727636	3.836456	3.662337
4.603755	6.062043	3.221935
4.052651	3.990661	3.789803
3.429294	3.745730	3.928721
3.802244	4.661258	9.001100
3.878582	6.302507	4.904250
2.909705	3.713624	4.902996
3.660294	4.666159	8.913313
3.457459	3.662956	8.371812
4.553261	4.986081	3.479716
3.289353	4.809277	3.543175
3.871145	3.768683	3.279059
4.603277	4.128769	5.253759
3.274597	5.255409	7.280607
2.900033	3.701155	7.877043
5.291488	5.952419	6.769816
3.924877	4.007135	3.489284
3.672715	4.572998	3.543554
4.588159	6.668553	4.378906
3.629789	4.837384	8.954147
2.795819	3.840936	6.750307
2.795482	3.983818	7.453461
4.095074	6.229406	8.308600
3.503042	4.425187	8.880047
4.029152	4.932617	2.673009
4.255341	5.296302	3.047853
3.867960	5.561557	8.942371
3.880121	4.927648	8.792990
3.725570	6.440898	6.475658
4.764868	5.747908	8.212251
3.966023	5.160418	9.087068
3.640851	4.697644	9.290043
2.958198	4.950285	6.047304
4.791567	4.924326	3.770620
3.855272	4.615576	3.437631
3.487908	3.830317	7.918739
2.919474	3.884725	4.257325
4.098373	5.820632	3.714241
3.183352	5.344106	5.755677
4.496012	4.484983	3.323725
4.288694	4.633812	8.719509
4.144619	3.566928	3.649380
4.018112	4.941707	3.147181
4.141962	4.803957	3.216224
4.403515	4.652245	8.072994
3.423841	5.389326	7.027905
2.636937	4.472316	7.370180
4.083682	4.880785	2.980248
3.742840	4.842766	2.815222
4.364012	5.103451	3.025375
4.620469	4.074428	3.518031
3.829364	6.123073	4.957405
4.647011	6.110258	8.037108
4.051071	4.048981	8.622629
4.125626	4.964465	2.982501
5.006434	4.755143	6.298060
2.710730	4.327451	5.569241
3.806206	3.228816	6.215156
3.172621	3.494910	6.252536
3.458566	6.328808	6.944530
3.828671	4.459895	8.860479
4.122165	5.428855	8.408276
3.662891	5.247270	2.709291
2.972087	4.215120	4.595142
3.756100	5.282482	8.984851
4.122082	3.534072	5.564071
3.356812	4.622028	2.936185
4.477138	6.616556	4.294363
2.981080	5.778915	6.140772
4.927071	4.941285	8.136659
4.084425	4.874823	2.758332
4.021258	3.511499	6.852847
4.716787	4.150274	5.754456
3.567274	3.642279	4.088676
4.155285	5.561281	8.921707
4.399642	5.322126	3.061569
2.646141	3.351272	6.686699
3.770531	5.078309	8.571900
3.448315	3.363142	5.555869
3.630452	5.360430	3.329401
4.748908	5.183928	4.252054
4.083274	4.616805	3.072864
4.605756	5.470236	2.823969
4.670129	6.046604	3.322168
3.861091	4.191885	8.946261
4.108202	5.141647	3.300221
2.986958	4.274542	8.366964
3.392115	4.807766	8.727866
4.523409	6.859240	4.640242
3.781030	3.745500	7.677529
3.185342	5.076861	8.412103
4.508244	6.778780	4.262775
3.626455	4.930803	3.211978
3.767183	5.102104	8.582609
4.267069	3.893956	4.767049
3.062537	6.033478	7.618952
4.474035	4.862886	2.971115
4.461408	5.918303	7.979992
2.631266	4.740900	6.270632
5.080127	6.111075	3.588585
4.167731	3.855221	5.107803
3.861987	5.297318	3.134187
3.221864	3.771132	3.878303
3.431018	5.543302	7.808660
2.857573	3.556974	7.938459
3.208656	3.997352	8.077860
3.696322	5.015501	8.884560
4.264904	6.518122	7.989527
4.143324	4.373619	8.725546
3.824389	5.220333	2.869359
4.937627	4.361836	5.810680
5.081896	5.676332	8.339077
3.142449	5.571194	5.091125
3.439036	5.488936	4.004430
4.143628	5.651817	8.806184
5.309613	6.559991	4.653821
4.378405	5.410284	8.806177
4.691662	4.864056	5.240395
3.825686	5.545531	3.540168
3.675775	3.217407	7.639260
4.039541	5.070293	8.855196
4.028728	4.080068	3.150399
4.450384	6.755847	5.655435
3.855344	5.057071	8.816901
5.594022	6.256722	5.011639
5.253055	4.517397	7.108983
4.741129	6.812396	5.657839
4.744416	5.127023	8.421496
3.838594	4.873420	8.870173
2.762362	4.086873	4.509324
3.918378	5.143751	9.230944
5.043040	6.888711	5.836589
3.092475	4.265803	8.604260
3.163769	4.132470	8.242206
3.473762	5.550070	7.345114
5.082234	6.006019	8.647793
4.721241	5.961317	3.808414
4.178477	5.007900	3.188530
4.360496	5.063625	2.829628
4.626801	5.690397	2.842754
5.175857	6.607058	4.372075
4.847929	5.723626	8.219316
2.845282	4.903888	4.934941
4.817308	3.806911	6.009698
4.855123	5.586813	8.616971
3.063643	3.879322	4.593193
3.443415	4.951634	3.957211
3.837064	4.411265	2.982561
5.227342	6.568096	6.557731
4.828768	5.534278	3.791723
4.468030	5.040079	8.848335
4.434998	3.755037	6.713402
4.646665	4.708923	4.169859
4.949997	6.782154	4.585262
4.034476	4.635912	2.814182
4.360662	5.524232	3.420297
3.743696	4.919185	3.171724
2.918309	5.441390	5.631143
2.826475	3.341651	6.770794
3.504212	3.659800	5.015541
3.930279	4.085614	8.229954
3.279745	5.626591	4.203921
3.642814	5.264068	8.122363
4.212362	3.951498	7.949137
3.937992	3.601063	5.499048
4.892623	5.033704	3.166394
3.530305	4.317114	8.724532
2.822501	3.669890	6.166907
4.528757	4.656881	8.534565
3.058839	4.391603	3.761658
4.791581	6.893421	6.851251
4.469537	4.578454	4.412991
4.426871	5.595544	8.803118
4.370744	6.623377	3.981996
4.608920	6.297612	3.925332
4.312946	4.876041	3.216132
3.370885	4.672180	8.407049
2.978236	4.970670	6.470699
4.210069	4.456479	8.454015
3.897950	4.772912	9.290173
4.127686	5.117185	3.135187
4.645035	6.155334	3.703875
4.631587	6.348191	6.413433
4.175044	4.263341	8.084575
4.706732	5.287824	7.836012
3.633671	5.943369	7.842443
4.252666	5.277406	2.997850
2.982299	3.356593	5.783294
3.540812	5.557513	3.325645
2.481936	3.436530	4.285799
3.202780	4.296859	3.035026
3.080707	3.237376	5.540395
4.077791	5.030839	3.278141
5.301581	5.464477	5.441050
5.307840	5.408129	7.504728
2.997621	3.822725	6.974984
4.030203	4.719759	2.926741
5.214570	5.072324	6.137347
3.249719	5.561207	8.337864
4.299072	4.942917	9.001717
3.939360	3.272952	7.610347
2.999640	5.158098	5.015648
3.350961	3.879273	8.469904
3.996411	5.615831	8.344390
4.516510	7.042847	5.833148
4.657035	5.679042	9.167452
3.867341	5.513200	3.386948
4.281291	3.421059	4.870095
4.234653	5.168906	3.095113
3.977142	4.641523	9.023394
5.115516	6.573519	6.508205
4.542774	6.687857	6.226198
5.228644	4.956631	5.373404
3.366860	5.226209	3.461838
5.286551	6.494361	7.411396
5.001172	6.632467	6.132707
3.968407	3.812987	3.531965
2.826650	3.817560	6.321146
4.324532	4.965984	2.820132
3.275916	3.907306	7.403434
3.868317	5.511957	7.540800
3.745350	5.912962	8.422070
4.093865	4.713240	3.294890
3.953314	4.530143	8.829619
3.636427	4.981231	3.189614
4.189941	5.427807	8.537552
4.836848	5.826158	8.035265
4.864534	4.903908	6.503758
5.334559	6.782318	5.085349
2.734430	4.006900	5.432577
4.613827	5.838675	8.562716
4.053502	4.801028	3.269919
4.436497	4.958730	3.420890
4.256048	5.343783	3.331757
3.781618	4.241846	8.577126
2.556267	3.260954	6.517281
4.089247	3.864896	3.707757
4.850346	6.682516	6.202007
3.642280	4.439377	8.436234
3.132510	4.093947	3.476444
4.521290	6.223394	4.057513
3.243150	4.918807	8.343645
3.502667	4.539138	3.013505
4.203927	3.803410	7.791896
3.922581	4.834521	8.494983
4.471072	5.833489	8.636026
4.054608	4.977185	9.184250
3.711579	3.434326	5.226353
4.434227	4.542395	8.103533
3.813263	6.030189	4.549611
4.638691	5.470360	5.359746
4.658254	6.821378	6.204543
3.014708	5.686771	6.461671
4.461318	5.127897	8.845287
3.012500	5.696688	5.085393
3.477938	6.027657	6.711041
4.252289	5.682025	2.975528
3.912430	3.698907	4.449845
3.636080	4.559178	3.362681
4.148960	4.250252	8.518844
4.823182	6.346805	6.579678
4.041884	4.984442	8.769774
4.320531	4.901880	8.963687
4.621773	5.689079	8.614570
5.174774	6.030525	7.384197
4.058267	6.536923	5.187159
5.185889	5.849485	5.899727
3.782962	5.398459	8.806763
4.381992	4.898317	3.679610
3.016564	3.232327	6.788365
2.871345	3.840905	5.478795
3.875779	3.778977	6.733353
4.255619	5.034739	2.782211
3.084717	3.845987	7.844860
3.731868	5.203487	3.752598
3.146724	5.582258	3.359777
4.599052	5.209009	8.090649
3.271681	5.253698	7.800340
4.196982	4.892199	8.654440
4.365069	4.846763	2.515667
5.285963	4.900054	4.619696
4.664981	5.427022	3.363406
3.337604	4.976566	8.779445
5.001157	6.602008	7.754945
3.906982	5.098637	3.076427
3.047252	4.146210	3.298313
2.932342	4.753323	3.638724
2.980988	3.563999	5.559017
3.419292	4.607262	8.603508
3.320151	4.211617	3.464277
4.203373	4.737622	9.046412
2.930396	2.926217	6.110148
4.386361	4.739024	8.392567
4.327691	6.730598	6.801672
2.647719	4.904221	7.323409
4.408072	6.302954	7.222876
4.121510	6.104775	3.232164
2.852789	3.567611	5.133954
4.181614	6.153264	4.050922
3.519862	3.687485	6.904829
3.775913	4.808204	8.956543
3.948972	5.232556	2.937540
3.954798	5.988286	5.720430
3.964220	4.422080	8.844123
3.597425	3.493013	7.905666
4.115872	4.728136	2.969873
4.644140	4.503435	3.505658
5.170800	5.353545	7.040520
4.591246	5.231578	8.530986
3.565094	4.312613	3.193292
5.221558	5.850598	6.576669
2.440077	4.390889	5.808846
2.384034	3.861154	6.910570
4.959790	5.977495	8.134647
5.244171	4.469881	6.413179
2.707516	4.674389	5.503255
4.382028	4.954049	3.674228
4.310495	5.592690	3.255986
4.174529	6.734501	5.737897
3.972588	4.791255	8.577080
4.970075	5.884546	7.013819
3.953204	4.670325	2.903191
3.049698	4.836043	7.806719
3.287235	3.177953	5.967134
4.869048	6.703784	6.939533
4.882554	5.990705	4.794194
4.097697	3.621589	4.698742
5.158071	6.685198	5.735301
5.016064	3.917426	4.784102
5.196552	5.688853	5.811066
4.826263	5.415219	3.671791
4.332349	5.119464	9.160781
5.154201	5.552078	6.971628
3.706443	6.119435	6.263402
4.104381	4.571133	2.936879
5.287485	5.506703	7.479012
4.352004	5.937647	8.705607
3.919225	3.534964	4.363753
3.918718	4.957880	3.013080
3.266331	4.312056	3.558488
3.782116	5.108867	8.877832
4.802504	4.016240	6.528718
3.747616	6.061989	6.632937
4.353571	6.516256	7.772241
4.167368	5.447919	9.059304
3.793948	4.716392	8.770611
4.784443	4.407384	4.196184
4.412116	4.067914	5.352203
4.659909	6.324096	7.273108
3.507292	3.567437	4.521448
4.385811	4.473281	8.679684
4.891653	5.371883	4.819526
4.677121	5.100587	3.622113
2.980592	3.515766	7.244818
3.822848	4.029617	8.002740
4.233206	3.484140	7.125023
4.737936	6.120343	8.162322
4.217539	5.818862	3.318883
3.499905	5.210393	8.070069
4.224944	5.126681	8.953797
4.480738	4.443689	3.955218
3.417275	5.890095	7.646999
4.528392	4.160697	7.829547
3.994856	5.400342	3.134209
5.035838	6.403157	5.918885
4.876764	4.032393	5.929792
4.764035	4.719395	7.385839
3.977842	6.317515	4.639751
4.080209	5.517112	3.528665
3.812344	4.685888	8.980905
2.945968	5.088480	7.006113
3.709351	4.804895	3.145901
4.290537	5.635375	3.318382
3.294214	3.531781	7.410321
3.619346	5.195133	2.870581
3.199522	5.153927	8.462414
3.767525	3.712961	4.410610
4.255723	6.144603	3.641984
5.496893	6.438311	5.019980
3.457748	5.383028	8.728676
3.511438	3.717846	4.088831
5.344625	6.001159	5.214798
3.200777	4.635413	8.389936
5.242770	6.369366	4.813635
4.437438	5.150478	8.361296
4.947487	4.163158	7.168548
5.148851	5.645032	4.232175
3.157396	4.536177	3.232261
4.172204	5.413030	3.310553
4.835310	6.320906	4.476759
4.308333	3.834801	4.238219
3.901882	6.517978	4.959026
3.648353	5.238908	8.589616
3.449306	5.669658	4.387303
5.063420	5.422791	6.565543
4.319276	5.674194	3.431842
3.289918	3.956756	3.840694
4.881802	5.243743	8.799142
4.446921	5.167888	9.145867
4.183344	5.295054	3.093075
3.381846	5.070822	8.894182
4.586928	6.556771	8.034628
2.571612	3.874168	5.874631
5.256065	6.764440	5.006485
4.254755	4.876017	3.025257
3.899126	4.478560	3.262429
3.804204	4.805051	3.065635
4.153518	5.121096	9.186349
3.960938	4.773018	3.074274
3.777361	4.288907	3.864057
3.182755	4.498255	3.415441
3.086432	5.174547	7.328359
5.159830	6.657088	6.856663
4.949594	4.975009	7.054105
3.767328	4.699461	9.256092
3.942173	3.909046	4.336027
3.315298	3.567483	4.932654
3.154117	4.658756	3.130704
4.242340	5.680472	3.302335
2.526428	4.001345	6.260994
4.257641	4.653747	8.685625
4.849813	4.806475	4.366840
4.054249	5.647580	8.563695
4.131288	5.023056	8.701056
5.318810	5.914116	4.315756
3.498707	6.108891	5.502537
3.813720	3.708390	7.610878
3.797995	6.078198	6.896451
3.741219	4.247736	8.552869
3.176705	3.821654	8.313685
3.808896	5.871421	8.019117
3.768694	4.996758	2.921071
4.310239	4.755464	9.032054
3.398712	4.556851	3.149588
4.131506	5.009351	9.320096
2.769305	5.832193	6.761511
4.926750	6.200510	7.495807
3.991417	4.354035	3.040621
4.454063	6.852177	7.301158
4.228268	4.917873	2.889102
2.480632	3.911224	7.457877
2.533810	3.872599	4.655721
2.760051	3.197035	4.342772
3.860145	5.501809	3.108952
3.072157	5.091515	4.682838
4.339259	5.136445	8.842798
5.726774	6.094262	4.633178
3.112153	3.862517	7.277736
3.518798	4.345507	8.536161
2.730916	3.136126	6.027420
4.574512	5.058627	8.848613
4.120430	6.051394	7.250660
5.146017	5.861407	4.978835
4.022779	3.398899	6.406334
2.971473	4.956510	6.178517
3.582884	4.841597	3.203145
2.985697	5.208091	4.539754
4.159135	4.806794	2.917695
2.570738	4.622355	4.774248
3.838715	4.695223	3.088370
4.181332	5.812043	7.984440
4.115033	5.035493	2.922419
5.210116	6.489832	5.749360
3.569807	3.312203	6.869450
3.942121	5.603774	8.333306
