4.157287	3.228864	5.003489
3.763695	4.744561	2.732133
3.936268	4.759401	3.150084
3.391160	4.370299	4.643956
3.457799	4.425319	8.480857
2.708556	3.522585	5.857676
3.424626	4.200040	8.319421
2.996493	3.879160	4.299064
3.818875	4.695251	8.834093
3.814134	5.526167	3.198570
4.369471	6.899501	5.811373
3.083337	3.416620	3.883910
3.050885	3.614445	4.851647
4.836823	5.833117	3.628116
3.779996	4.641317	3.531042
5.645161	4.731728	4.986265
5.525761	5.544368	6.594355
3.532153	5.695043	3.431746
3.490706	2.968193	4.962235
5.521874	5.827671	4.904403
4.814179	6.382280	5.140767
3.458794	5.545459	4.332631
4.589568	5.382196	2.815338
4.751607	5.177831	4.153014
4.027985	5.224905	3.391762
3.376668	3.660098	7.114019
5.614591	5.157267	6.241647
4.532100	4.603338	7.246599
4.242936	4.954977	3.439379
3.770217	4.726869	8.716431
4.073706	5.414881	3.084521
5.382771	5.595995	6.297299
4.037048	5.226260	3.047178
3.569068	3.544513	8.169602
3.616095	5.384997	7.951086
3.359251	4.201226	4.015697
4.799472	5.246483	7.786145
4.073324	5.023725	3.028936
4.599331	6.874326	6.473203
4.895559	6.025899	8.599242
5.083948	5.922906	3.766680
3.644952	5.290666	8.468577
2.618532	5.151598	7.181229
3.797988	5.385552	3.182431
3.974791	5.298052	8.533618
4.564531	6.703747	4.177332
2.972941	3.863528	4.851041
3.878036	5.264489	9.447678
3.542841	5.430254	3.721374
3.537621	3.357979	5.492152
4.214007	3.665710	7.720682
5.303206	6.289537	4.745605
2.600281	4.908140	5.128660
3.256248	5.281188	4.500039
4.635427	4.409509	3.417580
4.503036	5.924646	4.006510
3.200076	5.080035	4.929421
4.410868	4.587220	8.513478
5.077183	5.551819	4.015629
4.633073	6.563316	6.969944
3.374605	4.426729	8.867168
4.245027	4.055621	5.637300
4.207674	4.020293	3.773287
3.981635	4.574639	8.363156
4.678131	5.893762	3.178239
3.462493	3.485049	4.747249
4.536839	6.435056	3.825254
3.946660	4.703636	8.746773
3.903881	5.807952	3.538491
2.880809	3.908759	7.806928
4.141967	4.848601	2.469411
4.541586	6.247016	6.306820
5.211762	6.233435	4.303985
3.294739	3.945956	8.102428
4.919448	6.004543	7.872526
2.923017	3.842291	7.646277
2.996751	4.488900	5.390104
3.591814	6.628354	6.831900
4.249931	6.931466	7.084497
4.090635	4.906515	3.290397
3.253847	3.318259	5.982791
4.752060	6.027160	3.770190
3.872414	4.684448	8.893528
3.218887	3.879640	4.123614
4.759983	6.471306	7.844761
2.951810	3.816417	4.283684
3.578897	4.679903	7.988923
3.624340	6.043597	7.115476
4.814765	5.912712	4.118667
3.178975	4.262026	7.527488
3.262127	4.367707	8.480712
4.383009	5.719095	9.150485
3.942173	4.812941	8.309597
4.842039	4.814056	8.976106
4.687059	5.698751	8.482728
3.056260	2.324010	5.966511
4.233747	5.423340	3.491008
4.267144	3.342557	4.176271
3.474255	4.322884	8.821892
4.027620	5.136344	2.540033
4.214685	5.940030	5.801515
3.683253	4.630402	3.084378
3.407227	4.213819	8.424546
3.845692	5.405525	9.001348
3.586241	5.264187	3.258728
3.988281	3.717703	4.459136
4.050748	3.660393	8.140847
4.838554	7.298823	5.386617
4.761040	4.146943	4.841019
4.929572	6.221363	4.564588
3.947774	4.644481	3.836668
3.268798	4.221308	7.994655
3.375849	5.397352	4.677482
3.580520	6.413364	6.731246
2.667189	4.475831	7.115259
3.504808	6.674021	6.317718
4.582124	4.001258	6.356083
4.755349	6.224865	3.945535
3.553474	3.502735	7.181016
4.453638	5.129772	3.168229
3.500362	4.477301	8.510739
3.026925	4.229560	9.079735
5.031815	5.129802	6.067712
3.824847	4.166458	8.621482
4.557701	5.356600	3.962068
2.769910	3.929998	5.489131
4.064843	5.514611	8.782237
2.964645	5.044838	8.761285
3.001818	4.272699	3.983658
4.867466	5.980960	8.796029
3.207051	4.249705	3.840195
3.884145	4.340915	9.089057
3.676270	4.508428	8.609599
2.370127	4.075409	6.340518
4.991250	4.962230	7.972475
3.691336	6.483592	3.042117
4.158179	5.102454	2.589375
4.508048	6.426280	7.550036
4.334477	4.907439	8.728227
4.374849	6.887202	4.818127
2.874437	3.454982	4.858860
4.200953	3.647362	6.644750
4.449833	4.255948	3.647239
4.309384	6.337152	7.672234
4.662614	5.901921	3.379997
3.854044	5.573901	8.571035
4.092874	5.307885	3.171050
5.384254	5.781446	5.870318
5.393550	5.500821	4.886612
3.601441	5.749786	5.735026
3.024287	3.452821	5.047242
3.653234	6.098977	8.280670
3.216137	3.628203	4.950505
4.410899	3.801964	6.542353
4.322959	4.772803	9.120994
5.285953	5.513008	4.575207
3.316811	3.987571	8.493009
4.665143	6.376211	8.214718
4.011258	5.648180	3.362545
4.960372	7.017047	5.749726
2.824713	4.317167	4.196262
4.029476	5.909134	8.399614
4.446811	4.169375	4.188593
2.908052	4.131057	3.332383
5.063331	5.241438	7.382935
4.437641	5.217463	3.406708
3.754499	5.170877	9.031626
4.221807	6.033567	4.010910
3.509680	6.327072	6.788033
3.962318	3.273499	4.505382
5.109722	5.476819	7.943446
5.439286	5.850186	7.286278
3.387839	3.796317	3.066676
4.145995	5.018828	8.620446
4.004363	5.664305	2.789794
3.015569	3.679083	6.788269
2.951321	3.733951	7.667440
5.259685	6.263576	4.672231
3.751373	4.609787	3.126008
5.017402	6.448924	3.956260
3.222567	4.301219	6.869596
4.265612	5.342565	9.314847
3.434792	5.353787	5.168328
4.277948	4.448594	3.302088
3.415854	4.491687	9.251710
3.371364	4.173440	3.715809
4.065220	4.877403	2.715994
3.727425	3.758486	7.680284
4.135641	5.473633	8.967071
3.218836	4.722978	7.770305
3.873069	3.489965	7.218130
2.795614	5.004347	6.568821
2.995117	5.389296	6.706504
4.606750	6.911481	5.479882
4.155141	6.265340	3.431924
5.236632	6.234916	7.884005
3.125895	4.070225	3.167057
2.981342	3.771678	6.837275
4.006437	4.302995	2.957898
3.420840	4.726298	3.402149
4.750616	5.836565	3.353781
2.602463	4.382944	4.814013
3.381112	4.603160	3.743078
4.406519	5.207396	8.998167
2.583978	4.428271	5.911806
4.263153	4.756624	3.017737
3.590872	3.790853	7.922435
3.161966	5.580980	4.064092
4.086024	3.899780	8.238377
3.952057	4.249961	3.790035
3.175804	3.353864	5.578726
5.039968	5.563472	8.758865
4.771103	5.784659	4.240657
4.157864	5.119511	3.130365
4.275746	3.901871	4.429618
3.918684	6.474072	7.609813
4.407324	4.511774	4.415025
4.659628	5.392081	6.277419
3.336826	6.461037	5.012333
3.428531	5.827040	3.220557
3.669811	4.664951	8.270059
4.514093	4.738256	2.846520
2.300927	3.752625	6.545928
5.067552	5.061273	3.635294
3.517283	4.921627	8.329462
4.003785	4.935409	3.238946
3.046472	5.362470	4.515804
5.095729	6.762359	6.555902
3.165629	3.803210	6.120910
5.045576	6.098168	7.207277
4.883685	6.237554	5.280352
3.450987	5.525321	3.350669
4.250211	3.620714	3.211848
4.722053	6.333378	7.010925
2.798624	5.114702	7.680013
3.048608	5.557443	4.996253
3.781593	3.615005	3.947305
2.749930	4.099933	8.275972
4.816395	6.315255	7.676973
2.624394	3.602207	7.182935
4.103704	4.502375	3.273153
3.015780	3.614973	7.903377
4.651013	5.193826	8.814088
4.433896	5.348165	2.690945
2.953847	4.838575	5.234843
3.245542	5.109052	6.015967
2.725976	3.599854	7.122208
3.933342	6.558598	3.914732
4.141747	4.083004	3.587483
5.164381	5.123513	7.503677
3.824268	4.704500	8.658159
3.967854	4.196718	3.688052
4.500334	5.470898	8.855663
4.491519	4.468451	7.608262
4.275726	6.018013	7.658933
4.077296	5.327099	9.068745
3.572110	5.605527	7.934928
4.896733	5.453994	8.666682
4.274212	5.837408	3.027013
4.872897	5.033400	4.769223
4.781356	5.506921	8.970782
5.036457	4.760774	4.833326
3.710945	6.218300	8.340976
4.513601	4.731283	3.842134
4.330049	5.449147	3.378772
3.180625	4.704733	9.033962
3.342208	5.075320	8.271396
3.966733	5.009985	2.880464
3.843687	4.853884	8.911572
4.025988	6.375354	6.362214
3.310833	3.295175	6.636175
4.258650	4.624045	8.013571
3.939565	4.361654	8.967643
5.168341	6.539081	5.109347
4.181068	4.504356	8.959829
4.183545	5.120608	3.204803
3.068305	5.341634	5.617045
3.481336	3.969463	3.311830
4.714795	6.111717	4.365941
3.558342	4.997281	9.029295
3.981662	3.613746	4.313920
4.228156	3.935048	7.756745
4.064133	5.439033	3.082338
5.276726	6.826690	6.620423
4.892238	5.704315	8.681522
3.520660	4.482345	8.838808
3.786669	3.908251	4.480220
4.641267	5.326320	3.968736
5.026101	4.015439	5.024763
3.724411	4.243607	3.094707
5.267939	6.351033	5.572044
4.470891	4.534196	3.272546
4.676867	6.585648	4.992198
4.086121	3.633382	4.477447
3.924804	5.865620	3.025455
5.360873	7.041781	5.951948
2.994489	3.760554	4.757328
3.995972	4.836679	3.212055
3.601736	5.794328	3.653760
4.706640	4.793421	8.244715
3.410415	5.370881	5.722935
3.992852	5.246542	8.983667
3.457299	4.327556	3.000115
4.415734	4.493927	7.446718
4.453980	6.804006	4.725958
2.591181	3.856287	6.022965
3.342510	5.863539	6.456246
3.909227	4.922242	8.643234
5.165224	3.946074	7.816319
4.601048	5.213077	8.724753
2.855754	5.031784	8.498361
4.098625	4.689067	3.383873
3.365814	4.448649	8.167461
3.799894	5.112568	3.098667
2.954361	4.515042	3.790550
3.388352	5.822110	8.066807
3.337107	4.358367	2.978452
4.103755	6.447950	4.790691
3.747260	5.964012	4.352675
3.917633	5.010135	2.713846
3.756676	5.022262	3.254921
5.156611	5.860217	7.044041
3.655926	4.944839	2.936795
4.380575	5.492279	8.840451
3.880619	5.178191	8.941428
4.295252	6.633922	5.768398
3.824979	5.455199	8.856315
2.916443	4.250970	8.035609
4.062557	5.148616	2.976912
3.029877	3.463781	6.285562
3.418446	4.719313	8.595237
4.179123	4.878714	3.103644
4.395853	4.522469	2.792763
3.431332	6.270312	7.640807
4.803773	4.952058	8.748181
3.706060	5.244405	3.421499
4.475017	4.632437	6.911503
4.590604	6.571977	4.360427
4.996379	5.982719	6.461503
5.069800	5.908446	5.889046
3.296778	5.851371	8.789109
4.979264	5.279602	3.727458
5.355657	6.545675	7.011404
4.236660	5.268659	9.111605
4.130933	6.017107	3.887624
3.554563	4.685050	8.608442
3.720762	5.326105	3.157734
3.875469	4.932407	2.899845
2.920664	4.885620	5.956930
3.746128	5.939557	7.583757
4.887088	4.375434	5.427858
3.728530	5.188231	8.554085
4.017433	4.259173	8.234544
4.750422	4.605042	3.957515
3.953095	5.101128	3.105427
3.399951	5.867016	7.300114
3.697280	4.177413	8.756496
4.069915	5.275446	8.690626
4.570870	4.704274	7.968230
5.027156	6.582001	6.767946
2.837297	3.615290	6.136788
4.425057	4.905813	3.315029
3.110749	3.932976	8.100192
3.252561	3.541522	6.432551
4.088984	6.262852	7.589635
4.108810	4.249878	3.153417
4.093466	5.354290	3.067962
3.935620	4.005275	6.882303
2.846377	4.626198	4.657111
4.135626	5.153630	3.971648
3.851733	4.852895	3.465854
2.680215	3.542424	4.961215
4.138554	4.664655	8.755649
4.325365	6.896932	7.432769
3.799956	4.915143	8.599790
3.877943	5.925196	2.901080
5.110553	4.528512	6.312880
4.597437	6.308980	8.159788
4.076450	4.400587	8.855068
4.847380	5.946347	3.072463
3.317864	4.286589	3.303514
3.894847	3.620545	7.843254
3.729818	4.300118	8.805804
4.983689	5.932518	8.117364
4.556414	5.242358	3.402037
3.898478	5.714333	6.250428
4.170895	5.860042	3.753936
2.362431	4.446603	6.499371
4.179031	3.145943	5.253689
3.758697	6.284547	3.712872
3.810986	5.908649	8.492107
3.846195	5.384632	9.260982
4.073539	4.052617	8.980212
5.251066	6.138358	3.861564
4.264696	4.671495	9.432311
4.021434	4.798650	8.650013
2.554018	4.184968	6.398757
3.602096	4.799227	8.581717
4.089830	3.395669	5.790970
4.814635	5.176236	5.654630
3.645062	4.606198	8.656973
2.608096	4.432349	5.439435
3.202862	4.351210	8.407595
2.407872	3.291167	5.918414
4.385577	5.168343	8.617324
4.241091	4.993185	9.292924
4.036823	6.389098	5.045409
3.600424	5.733153	3.526759
4.048443	5.058787	2.573636
3.573611	4.945714	3.211137
4.729539	4.505817	2.996647
4.625017	5.983327	8.583732
4.682334	6.535877	6.901823
4.410354	4.630258	8.940455
3.701386	5.112489	2.651808
3.532425	5.995122	6.674060
3.465576	3.718728	3.905534
3.650716	4.731271	8.827287
5.303575	6.852188	5.897427
4.712364	4.938504	3.768310
3.395508	5.597085	4.204607
3.819758	5.565585	3.383314
3.646875	5.341602	4.599950
4.028118	5.399804	3.459274
3.876239	4.066429	8.283050
4.217919	3.642686	6.151458
4.807188	6.993624	5.488788
4.129896	4.711380	8.848897
3.215620	3.660171	8.166412
3.719630	3.364972	4.171504
4.636657	5.781168	8.339767
3.946925	4.588149	8.101237
4.753484	5.541534	5.837401
3.609279	5.005879	2.784415
2.974080	4.740609	7.443218
4.368122	4.017132	8.568894
4.074273	5.096415	3.021632
3.953979	6.319350	4.445472
3.634867	4.092225	3.471926
3.615233	4.766288	3.357050
2.465489	3.785106	5.922799
4.817094	5.947755	8.413568
3.603951	4.108788	8.593176
4.324427	4.862523	3.416702
4.675748	5.085818	2.855917
2.786463	4.186304	4.217209
4.867628	4.100482	3.605207
3.787937	5.133405	3.293398
4.875313	4.303503	6.535243
4.209381	6.214887	8.744089
3.915812	5.199558	3.429694
3.413386	4.076983	3.911306
3.845350	5.034593	9.069091
4.003754	6.253554	7.981563
3.405867	4.598665	3.766822
4.590462	5.630244	9.000504
3.447420	3.567121	8.097962
4.062004	4.959908	3.447996
4.059607	4.929673	8.763457
3.686610	3.921012	4.747302
4.390503	6.261544	8.225509
3.530560	5.655870	3.010336
4.279246	4.639259	8.500907
3.339536	5.673337	8.109763
3.150841	5.458123	6.387453
3.087499	5.315098	3.737670
4.385559	5.304382	7.981072
5.072985	4.739678	6.475509
3.984487	6.387307	5.429664
4.698724	4.656131	5.553838
3.599299	4.578336	3.059391
3.190830	3.755409	3.587781
4.165468	5.164119	9.026765
4.060636	5.067573	9.103114
4.354492	6.840726	6.245471
4.963962	6.046974	4.755509
5.110944	6.544523	6.445764
4.999899	4.878921	8.233153
2.578696	3.696845	5.829600
4.738798	3.700688	6.865964
3.462857	5.464039	7.178561
4.371659	4.867085	8.695716
3.838496	4.763236	3.204137
3.563465	5.180264	9.144923
4.405872	3.909676	6.626352
4.273114	5.074581	9.002914
3.792962	3.720012	5.420704
4.702418	6.484590	5.240774
3.544562	5.296905	8.174243
3.216931	3.415417	4.662695
4.131726	4.679127	8.672527
4.786160	4.039449	8.277341
2.654611	3.530238	6.124538
3.571974	3.860889	7.047586
3.646252	5.282611	3.280447
3.789324	3.667505	5.878663
3.022104	4.304826	8.371789
4.966102	5.035634	7.342633
4.819597	5.604458	3.122943
3.670065	4.600303	3.519900
