4.120474	4.286809	3.398935
2.751510	4.754787	6.100613
3.709639	4.086200	8.613221
2.985720	3.867457	6.266912
3.552236	3.024292	7.302218
5.263168	6.063026	7.508367
3.066117	5.021589	3.202233
3.997574	4.753254	2.886025
4.520155	5.048420	8.968038
3.243585	3.210102	5.298284
3.724232	2.920235	5.699186
5.093113	5.182352	6.244816
4.329983	4.939194	8.555762
4.945949	5.421424	8.216968
4.718015	5.083117	3.468818
3.529407	5.761629	4.000838
3.988920	4.803524	3.588162
2.834300	3.920487	3.628480
4.463790	6.522968	5.453394
5.000945	5.152112	6.938815
4.687036	6.585941	6.238213
5.040096	6.922116	6.711389
2.651132	3.402740	7.348783
3.357700	4.854749	8.463101
4.607039	4.273184	7.983693
3.698185	5.087071	8.658734
3.941714	5.521872	3.020484
4.199817	5.812660	3.766013
3.616298	5.359598	3.166135
5.156454	5.518284	6.400800
3.034300	4.088907	4.607318
3.545066	4.670030	3.487398
4.861224	4.627145	6.165471
5.049850	5.508181	3.257941
4.364542	4.486246	8.485502
2.793562	4.755689	6.708898
3.119884	5.485238	5.704900
3.642606	5.906706	4.737856
4.040370	4.260733	3.109197
4.120663	6.001693	3.560349
3.862606	6.860575	5.226909
4.797994	4.127842	7.460438
3.907291	4.037880	7.984696
3.223894	3.516736	8.129161
4.046787	4.938287	2.711317
4.470645	5.911999	8.226269
3.801643	4.870257	3.349983
4.498681	3.762318	6.149460
4.321356	6.576270	6.571752
3.821342	5.824061	7.908509
2.775233	5.206567	6.408280
5.154944	4.499915	4.787126
3.762956	4.420897	2.591398
4.005432	4.775706	2.824604
4.663741	6.137623	8.184003
4.833654	4.668351	4.519231
2.843176	3.736689	4.565074
3.101159	5.126231	4.531388
3.395070	5.997705	5.551143
5.551062	6.764007	5.555318
2.823432	4.481652	7.653981
4.229113	4.733260	8.444715
2.561076	4.388185	4.467084
4.611635	5.106295	2.924652
4.262906	6.258919	7.285702
4.188722	5.288416	8.682162
3.101978	3.693237	6.392133
3.619724	5.554496	9.093555
3.942100	5.650979	8.863538
4.204345	3.792277	4.868820
3.952389	5.548423	3.333633
5.036027	6.411925	5.411608
3.182166	5.150452	4.661316
4.789542	5.033616	3.260502
4.230806	5.044954	2.838692
3.399028	5.907405	6.933498
5.045953	6.285618	6.878239
5.030699	4.060306	4.218045
4.078488	5.196899	3.148068
3.867675	4.235356	3.018289
4.775927	6.068435	8.569609
4.702572	5.757691	8.073611
3.329193	3.115524	5.904189
4.647281	4.512984	7.455248
2.839745	3.630252	4.703710
4.281107	5.448216	8.610942
4.042740	5.175063	3.296693
5.302621	6.700926	4.788665
5.216674	5.670124	5.107399
3.894435	4.327842	3.552256
2.827102	3.522812	6.447247
3.948437	4.353111	3.028354
3.972064	4.942829	3.124530
5.268594	5.900910	6.433195
4.303547	3.592461	6.825987
3.392946	3.416776	7.389623
4.924013	5.907472	4.597109
4.423769	4.365508	7.638929
4.215290	6.647802	5.473460
3.668631	4.107802	8.287852
4.979404	5.257073	3.998789
5.542085	5.946595	7.187510
4.792788	5.913084	8.218272
3.193798	3.422220	5.496928
3.668877	3.972232	3.599986
4.229920	4.423704	3.966451
4.617847	6.313541	3.760794
3.544821	3.879095	5.153436
4.002258	4.897293	8.643251
4.121302	5.096355	9.076336
4.707219	5.035383	4.430066
4.188660	4.774366	3.383419
3.405136	4.592658	3.207956
2.942530	4.246036	6.315616
4.291860	4.777732	9.534414
3.888407	3.727167	7.964395
4.166499	4.966386	3.223607
3.869917	5.018321	2.753887
4.439938	4.057002	8.123510
2.941580	5.584157	6.997608
4.154134	3.511429	7.796789
4.058444	4.860151	3.167581
3.231695	4.738933	3.842984
3.937495	5.176810	8.790567
3.962368	4.823874	8.613903
3.095283	3.685089	7.042554
2.825075	4.744175	5.707941
4.399237	5.055118	2.975553
3.393003	3.677063	8.117524
4.887958	7.012019	7.108349
4.201437	4.208897	4.284628
3.671259	6.181987	8.057193
4.123466	5.644265	2.864338
4.265839	4.220949	4.291592
3.707547	4.822792	8.216259
4.080113	6.443472	4.190863
2.804179	4.079389	7.971318
3.611198	3.822945	8.640200
4.046110	5.896460	7.965069
4.493921	4.874556	7.521429
4.384678	4.478840	3.696685
2.942651	3.650065	3.969111
4.386190	4.567554	4.223867
3.507160	3.810139	4.011784
4.457345	7.238348	5.145049
5.123981	6.563569	4.931115
2.545598	4.385654	6.645308
4.970562	6.267850	3.283761
4.257595	6.290288	3.778271
3.531512	5.802601	2.686522
3.694921	4.777575	8.805631
2.977768	4.420202	8.288784
4.321556	5.669399	3.334476
3.626313	5.609139	8.607048
3.398859	5.150008	8.862761
4.263215	6.134038	8.040775
3.291440	3.642910	4.047855
3.997803	4.296605	8.571775
4.595429	4.456442	3.743221
4.740754	6.315445	4.151711
4.812985	5.871980	8.497289
3.451510	4.901257	2.861157
4.418692	4.231412	8.921276
4.126758	5.261224	9.155128
3.590797	5.995110	4.143572
3.809491	4.904319	8.960443
3.650407	5.664227	7.348168
3.590947	4.701443	3.426739
3.384412	4.986410	7.580607
4.831824	6.449322	7.800312
3.922250	4.864540	9.009200
3.210273	3.593316	4.809893
3.479403	5.287466	3.127584
4.755278	5.081475	3.053987
3.937468	4.869163	8.909776
3.730646	5.152801	3.493845
4.160965	4.351346	3.463654
3.837269	3.635016	4.432398
4.234443	5.019261	8.847817
3.456035	4.751600	2.773255
3.836579	4.814612	2.988107
4.051059	3.253209	5.270972
3.884508	5.222506	3.153243
4.426194	4.764426	8.813463
4.730917	6.037175	3.735578
5.301433	5.732300	6.996756
3.870972	4.745954	8.916668
5.091215	5.943302	4.613220
4.441746	3.773087	5.543821
3.617782	6.332204	6.536587
4.179085	6.755345	4.718771
3.051844	4.429704	8.533828
4.208350	5.460701	3.134810
3.214001	5.142931	3.127400
4.198750	3.571059	7.313840
4.306352	4.819600	8.907674
4.881276	6.067076	3.660875
3.282501	4.309798	3.090544
3.305094	4.487504	3.574903
3.795722	5.031292	3.045398
5.006653	6.188615	7.232138
3.613058	4.833217	8.520396
3.536717	3.231340	5.063736
3.551649	5.250205	8.332117
4.166122	4.606198	3.152485
3.087131	4.206571	5.219314
4.906312	4.612620	3.686484
4.095131	6.415343	6.470257
4.066576	6.366838	8.069352
4.379779	5.323702	7.888499
4.012613	4.205655	3.627511
2.741217	5.792237	4.107708
3.815695	4.941458	2.522564
4.262831	5.269991	2.805182
2.658613	5.088703	7.261103
4.465346	5.859084	8.511645
3.645689	4.693254	8.579029
5.010596	4.804410	5.617561
3.863261	5.155670	2.577018
3.369126	4.238555	3.912537
4.840163	6.450971	7.307355
3.388315	5.755049	5.925238
3.675215	5.755389	8.265932
2.791498	4.583082	4.721951
3.991742	6.238731	8.415135
3.930535	3.863551	8.593306
4.372710	6.771828	6.604504
4.327755	4.847026	3.109682
4.008812	4.764556	8.831278
3.279822	5.570566	8.107329
4.737895	6.697300	7.566244
5.311465	6.560930	5.443697
4.942230	4.951531	4.683158
5.141418	6.336129	6.845659
4.199724	5.696606	8.427391
5.051547	5.041028	7.148841
4.215567	6.503874	4.423496
3.541593	6.118421	3.611460
3.730410	5.109253	8.835270
3.462788	4.582322	3.647082
3.732334	4.326084	3.129132
4.027294	5.691247	8.934956
3.611239	4.281861	8.698486
4.019971	6.504095	6.264857
4.370101	5.657642	8.736404
4.217963	5.266046	8.826410
2.712275	4.408054	3.818957
4.188280	5.771952	9.062654
3.978680	5.535317	8.755489
3.510132	3.853147	4.158958
4.492865	5.226956	8.835778
3.438925	3.453847	6.977998
4.218511	4.046621	8.276198
4.659809	5.532760	8.770038
5.148081	5.044795	5.522984
3.353419	4.913849	9.206865
4.958343	5.283383	3.404989
4.328468	4.788010	8.633110
2.786202	4.618078	7.998493
3.766097	3.352658	4.461442
3.228468	5.768047	5.106652
4.407285	4.580271	8.771151
3.447311	3.372544	5.253211
3.466859	3.381837	6.877707
4.113190	5.135669	9.065096
4.560389	5.237913	3.240918
2.897338	3.196290	5.086529
4.520033	6.518506	3.352327
3.868776	5.984067	5.520964
3.735726	5.155087	3.232868
4.858306	4.429766	6.695269
3.363397	4.047395	7.844070
5.082778	4.183159	5.378069
2.482922	3.461095	5.842153
3.632766	5.028715	9.056370
3.613611	4.860494	3.445751
3.744498	3.604734	3.339978
5.457640	6.314543	5.115974
5.172167	5.053165	6.773962
3.925518	5.659138	3.344348
3.162452	3.184817	5.881986
3.550276	3.213631	5.706491
3.317719	3.239894	4.339914
3.667591	5.240082	3.066999
3.861282	3.522867	5.117476
3.595834	3.518681	3.905406
4.103427	4.463713	3.158409
4.396525	3.769393	4.961352
2.985904	4.379767	6.220964
3.376452	2.945522	4.574136
4.968838	5.549414	6.099555
3.590107	3.903554	7.139269
3.558460	3.795050	8.516057
3.609888	5.729371	8.511050
4.650285	6.439285	7.533973
3.261247	4.800354	7.770404
4.314058	6.122131	3.479426
4.348446	5.446960	3.392712
4.244455	4.406598	8.736857
4.227944	5.074127	9.021634
5.418023	5.807237	6.794560
3.701505	5.532612	9.219606
5.007571	4.739688	7.656190
4.119716	5.149104	8.551639
3.233490	4.410969	8.953712
4.030346	4.674739	3.223247
5.017750	6.385794	4.332596
4.284615	6.618384	4.504863
4.313029	5.742891	5.122249
3.029537	3.509298	7.545943
3.842597	4.566024	8.979179
3.770313	6.489380	5.501296
3.140964	5.096755	5.472807
4.174756	4.898704	8.833559
2.744132	4.548855	6.949089
3.599012	5.961316	6.359046
2.911361	4.067039	8.437476
4.380523	4.959373	3.030586
3.986022	3.487716	7.991407
2.404827	4.648710	8.323833
4.342688	4.387234	3.462120
3.918699	4.874679	8.662351
4.496820	6.334692	7.949784
2.639907	4.477898	4.585763
3.057472	3.441498	5.112240
2.735691	4.246136	3.678303
5.122027	5.433451	3.671668
4.064007	4.634962	2.971544
4.606652	6.331775	9.123857
4.376867	4.028042	8.151354
4.881783	5.912460	4.577110
3.944583	4.624768	3.213098
4.035431	4.581101	9.083041
4.277421	5.609329	8.450982
4.544318	7.126276	7.373514
4.681276	4.213472	6.896055
3.645130	5.044547	3.408420
3.967534	5.150128	2.972424
3.888283	5.969282	3.805225
3.988205	5.309927	9.055654
4.000475	5.042904	8.365165
3.198832	3.830908	7.964795
3.966936	4.933514	3.232153
4.430791	5.238283	4.185275
4.533641	5.492858	8.258091
4.327279	6.679174	5.849828
3.721574	6.089840	7.077687
5.320465	6.540981	6.571800
2.898590	4.332287	5.613504
2.939100	3.300940	4.187079
4.684218	4.313961	6.251919
4.852067	6.024218	7.990051
4.381995	4.832009	8.794052
5.074049	6.148123	3.751473
3.345442	5.407668	3.391089
3.108071	4.195961	3.046875
4.856965	6.451729	8.244463
3.388545	5.864311	7.214075
5.041735	4.956716	6.931729
5.236997	6.761833	7.550401
3.716327	5.259192	8.816998
4.302666	4.892957	4.182617
3.677427	3.829297	4.643796
4.467822	6.459606	7.484269
4.412976	5.755030	4.151588
3.443083	3.765188	6.909056
3.981642	5.255520	3.048440
4.354262	6.459218	5.651943
3.005792	4.912899	3.657690
4.214690	4.862939	9.337491
4.180039	5.480511	3.152007
4.118603	4.432897	9.302877
3.963437	3.929741	7.414490
2.998090	5.055963	5.901029
4.228273	6.269202	5.617935
3.108004	4.037724	3.695248
2.939778	3.443228	7.447446
4.211578	6.303469	3.391063
3.574154	3.903135	7.413770
3.636264	4.705245	8.872649
2.794786	4.466358	3.676448
2.706339	3.952644	8.439940
3.529824	4.864816	2.919009
3.614343	4.915442	8.663450
2.588467	4.841788	6.981804
3.953885	4.841617	3.015686
4.328791	5.139635	8.834721
5.023318	5.445061	8.312202
2.957474	6.097006	5.004464
4.278949	5.307417	2.575009
4.274523	4.987354	2.852718
4.235925	5.037745	8.536599
3.667743	3.000261	5.718210
3.925270	4.592907	9.103769
4.242690	4.708993	3.685467
3.883399	4.502550	8.580214
4.511791	5.197426	8.852466
5.451275	6.666449	5.626659
3.694359	4.940981	8.603717
2.322246	3.718218	5.602284
4.201335	5.203308	3.355036
4.490717	5.515605	4.587393
4.987277	6.251205	6.184441
4.397926	4.620012	7.551639
3.788825	4.081965	8.521935
4.619605	3.682414	5.620116
2.636362	5.413103	5.081824
3.529365	5.450387	4.607391
4.821552	6.833165	3.918076
4.088219	4.962542	2.958274
3.889115	3.715501	5.813145
4.519089	6.187067	3.334658
3.454449	5.073901	8.082906
5.092101	6.158993	7.616725
4.293976	4.084493	6.878185
3.947283	5.214798	3.075412
3.155400	3.857315	7.972352
4.410741	4.618671	8.957506
4.415894	4.931083	2.914491
3.706953	6.579025	4.668994
3.589629	4.795375	9.115666
4.812876	4.761094	4.848460
2.843539	3.384604	5.170766
4.007466	5.535270	8.874893
3.769672	5.742703	8.720553
2.421737	4.774151	4.793113
4.440694	6.313886	8.524838
3.915153	6.239829	6.791399
3.010375	5.828222	7.304284
3.270937	5.118703	3.604674
3.150374	3.626113	5.095874
4.348707	4.578717	8.933538
4.586402	6.905033	4.364740
4.616147	6.325977	5.185128
3.651276	4.507072	3.465902
2.428403	3.789055	7.333561
4.022986	5.171955	3.059779
3.682157	6.525243	4.517553
5.290321	6.856804	4.916508
3.384047	5.802375	4.045135
3.640082	5.557504	4.727270
2.925592	3.526905	7.300280
3.831284	4.441030	2.959338
3.023135	5.125154	7.003351
4.116031	5.287827	3.230273
3.215889	4.724414	7.949698
4.800880	5.456082	8.505443
4.910017	6.456061	8.029239
2.631594	4.395862	4.513504
4.286435	5.354670	3.453957
3.868911	4.113129	3.280981
5.102521	5.194227	8.845572
4.434662	5.225269	3.341268
3.700904	4.829820	9.221258
4.343262	3.294387	5.997959
2.494522	4.181739	5.612573
5.291294	5.788241	4.522123
3.787092	5.080247	2.680134
5.587528	6.661155	6.039827
4.190565	4.948056	2.480701
3.971043	6.190784	4.261911
3.948699	5.257510	8.691339
4.443819	5.617011	8.250397
4.069093	5.326009	3.045978
4.053685	5.157080	2.833664
3.996147	4.301023	3.640351
3.735381	4.632174	8.890723
4.717426	4.800793	7.814861
5.206565	4.975292	5.509683
4.735892	4.707213	4.848809
4.367169	5.780578	3.158753
3.790045	6.061402	3.587325
4.943576	5.400166	4.422157
3.580627	5.504657	5.975445
4.425578	4.743370	3.403981
3.091749	5.686788	7.831041
3.844688	3.677361	5.411638
4.461820	5.007577	8.812155
5.393777	4.905158	4.904650
3.365566	3.840955	7.023366
4.810514	4.673695	3.824361
4.335164	4.785702	9.142742
3.362889	3.927326	8.457137
3.771180	3.879842	8.246742
4.111315	5.329371	8.914893
3.985985	5.281635	3.217506
2.889614	3.715219	6.591478
4.137024	6.098706	7.131729
4.639632	5.475225	3.313004
4.358005	5.762037	3.010632
5.311118	6.568667	5.469542
5.750170	5.970350	6.941864
3.674835	3.351733	6.158022
4.136362	5.269684	2.850449
3.137174	3.938019	7.386508
3.595915	4.030695	8.673090
5.336826	5.430233	3.193651
4.719782	4.592735	5.396020
4.380437	5.163193	3.600803
4.149757	5.129098	9.055756
