5.147219	5.772155	4.883743
4.539238	5.417924	3.303202
3.508031	5.721597	4.546774
3.991446	6.491832	6.264477
4.162055	5.222687	9.364149
4.125765	4.285622	2.987885
4.815124	4.244942	6.768851
3.981679	4.894055	9.185281
4.547670	4.522008	8.398442
3.844091	5.077021	8.726415
3.266353	4.639216	4.426393
4.529524	6.116793	7.717758
4.665073	4.275430	5.646542
3.350013	3.878163	7.213558
3.085558	3.621604	5.132769
4.824129	5.111925	5.593390
3.587797	4.706985	2.872397
4.519484	4.133620	6.086322
4.236559	5.362680	3.074706
3.591356	5.093070	7.818040
4.143777	4.517258	3.781611
4.489679	6.205877	8.235499
3.550776	4.970949	3.168414
3.367428	3.844639	8.101576
4.242232	6.676793	6.183346
4.203050	5.186124	2.966592
4.739597	6.517043	6.984094
3.497087	5.519777	3.695660
3.514588	5.829394	4.352553
4.670973	5.851436	8.311412
4.267753	4.244204	3.718873
2.685278	3.803445	6.164968
3.645741	5.126638	8.511654
3.129228	3.559687	7.988716
4.561185	5.645420	3.884969
3.528442	5.811040	3.887683
3.642643	4.769116	9.009255
3.881033	5.110621	3.109727
3.906616	5.124531	2.896547
4.662635	4.142792	5.066335
4.011759	4.212854	8.832298
3.311856	6.005937	6.248990
3.877339	6.261321	4.663009
3.994596	5.121382	3.084852
4.279351	4.234376	3.616482
4.235897	5.290658	8.902669
4.099764	5.269027	8.725916
3.714916	4.574366	8.883375
3.777910	5.152732	9.259659
4.652913	6.374588	7.367363
4.654847	5.167395	8.883167
5.080449	5.518236	4.510979
4.542223	5.224531	3.261117
2.610788	3.828007	6.011154
4.357874	5.664905	8.758372
3.339436	5.156355	9.030970
3.956386	3.197470	6.002152
4.234286	5.420656	8.776127
3.378006	4.307711	3.424759
4.583665	4.807110	8.601597
3.508434	3.704603	8.042523
4.845566	6.266179	7.105062
3.423918	4.716213	3.002924
4.743121	5.829683	8.125935
4.742775	5.531082	8.329692
5.106357	6.101677	7.338031
4.368831	4.961335	3.632653
5.321242	6.056860	4.720695
5.013032	6.687237	5.367522
3.484590	5.828485	4.725004
4.329112	6.621971	4.031490
4.045084	5.252708	2.961924
4.315813	3.725832	5.722183
3.474407	5.981286	8.499273
3.694016	5.231215	2.851079
5.327598	6.573273	7.560068
5.263809	6.293899	5.637365
4.373187	4.219791	6.355350
3.282107	3.479377	4.426909
4.136796	7.103378	5.662586
4.303634	4.995658	3.174332
4.063039	4.866354	3.132024
4.152459	4.845517	9.130858
3.297351	4.998824	3.506486
3.482817	5.772355	4.381115
3.758070	4.178782	2.943469
3.889510	5.045719	2.741761
3.196524	4.563683	3.084370
5.019574	6.400728	3.962634
5.031947	6.587733	5.806120
3.036612	3.531483	4.703210
4.748327	6.767122	4.969558
2.968816	5.008837	3.886810
3.814692	5.759706	7.880427
3.869057	5.755776	3.462926
3.855440	4.699134	8.639445
3.682912	6.109999	7.219151
4.358974	5.602147	3.315831
4.054438	5.298488	3.119867
4.918543	5.412350	2.918310
4.247269	5.361489	8.699429
5.211303	5.642336	6.817293
4.929703	6.142176	4.080172
4.788744	4.474647	7.116398
3.842596	5.586675	3.396435
4.451767	4.879955	8.786878
3.321449	4.740803	3.092803
5.120853	6.593110	7.424811
3.663716	4.642788	3.615460
4.884711	5.830991	3.717977
3.364138	4.105055	3.440818
3.237850	3.553464	5.581172
3.055976	4.419467	7.589370
5.090427	6.397864	5.670047
4.159490	4.728024	3.387524
4.360241	6.687757	7.443943
4.727672	5.611325	8.995294
2.874587	4.093797	6.837799
3.069350	3.167098	4.954970
3.928574	4.584744	3.075443
5.141080	5.259364	6.828653
4.637419	5.284852	8.797702
3.025926	4.328837	8.010615
4.137362	4.637924	2.776993
3.079845	4.035303	7.126676
4.629043	5.727539	4.639871
3.282403	3.098530	7.312980
4.868764	6.908843	6.674108
3.679038	4.404894	8.645546
4.551200	4.583643	5.669136
4.140383	3.667920	6.962834
5.199926	4.882010	5.011279
3.504211	3.868594	3.540874
4.265984	5.650175	3.007256
4.359426	6.742866	5.574855
3.854038	4.811006	8.633902
2.771164	3.459206	4.643383
4.707998	4.626728	8.858896
2.380273	4.206092	5.819554
3.673096	4.373399	8.366663
5.248109	5.908399	4.169347
3.958234	4.351751	3.276114
3.415010	5.114395	8.756394
4.677866	6.765505	6.713806
4.210274	5.016292	3.182672
3.506579	4.643774	8.711776
3.266687	4.283899	7.252540
4.114069	5.109563	9.161513
3.447798	5.221781	2.943063
4.284289	5.055035	8.883624
3.612553	5.840768	4.340506
3.349693	3.058242	6.537331
3.914002	4.604920	8.866779
4.720406	5.089624	7.986634
3.916416	5.799532	8.437160
2.594691	4.482103	4.834754
4.089279	5.373455	8.558735
4.554664	5.460012	3.263937
5.062297	6.084641	7.249427
4.184548	5.102424	9.133768
5.285272	6.373364	5.253180
4.822837	5.830883	3.448994
3.001826	3.833263	7.525561
4.076098	3.652202	4.774968
2.816160	3.637538	4.500443
3.840868	4.027900	8.567263
2.663046	3.907628	7.074166
4.468587	4.227386	7.304305
2.956179	4.633194	4.118742
4.500803	6.245561	4.108800
4.555674	5.358015	2.829128
3.655564	4.499741	9.016286
4.278026	5.152580	8.941775
3.324707	5.552108	5.345246
3.577258	5.891657	8.408525
4.787547	5.174671	3.940858
4.492676	5.285919	3.399464
4.923324	6.171157	7.537507
4.505781	6.688638	7.871256
3.803263	3.791117	6.512750
4.932610	5.956415	7.286029
3.050024	5.287919	6.860543
4.102832	5.029162	3.131052
3.243988	4.761385	7.535071
4.684653	6.161582	8.076704
4.720615	5.877675	8.964456
3.623406	5.076160	3.016238
4.785462	6.177644	7.770700
3.504819	4.360789	3.497136
4.070666	3.987706	3.853737
3.000727	5.122659	4.652215
4.093708	4.897952	9.314032
4.062798	4.729204	3.088183
4.014183	5.277503	2.858056
4.940523	5.960506	3.474949
4.714152	4.735045	7.436589
5.071249	6.805470	4.927202
5.034333	6.100426	4.219450
4.021731	3.461951	7.584053
4.173890	5.405051	3.037630
3.239215	4.198587	3.945718
4.434204	5.178653	8.801507
3.641558	5.032832	3.346516
5.166948	4.864628	6.570621
3.955066	4.984302	8.867706
2.867748	4.743652	7.233888
4.457906	5.807979	3.459879
4.253991	4.527202	8.421621
4.220481	5.658580	3.193243
4.269574	5.144196	3.000401
3.017361	3.297385	6.274820
3.588419	4.039507	3.558101
3.539358	3.854307	4.105184
4.147436	5.298490	2.946197
4.555351	5.011406	4.055171
4.690715	5.431979	3.261281
4.308629	4.763818	3.701942
2.604171	4.749389	7.875905
5.235339	6.481449	5.207958
4.135589	4.674779	8.646025
3.313103	4.425824	4.925637
5.202213	5.234223	8.056905
2.862530	5.087252	7.131032
4.112678	4.975960	9.256100
3.003774	5.313599	5.780397
4.343589	5.029553	8.707248
2.940349	4.654376	6.305114
3.624920	3.556743	4.430498
5.135956	4.884285	6.951203
4.066834	4.868646	3.279905
4.461729	4.817146	9.012485
4.878304	6.389788	4.974563
3.031326	3.744114	8.253048
2.885195	3.305370	6.036169
4.313133	5.557856	8.721809
3.256537	4.665289	3.303151
3.666281	4.564027	8.711720
3.473231	4.856671	8.152569
4.694521	6.606774	4.499480
3.848187	5.915362	4.787949
3.777667	3.715461	7.820862
4.668625	4.411544	4.308785
3.470721	5.193688	8.788763
4.140991	6.209480	7.627979
4.062257	4.602502	8.937527
3.808710	5.218550	9.041865
4.317577	5.716970	8.456925
4.323887	5.360234	3.193452
3.760230	5.511308	3.379230
3.889556	5.262486	2.754097
4.403794	5.103878	3.718218
4.415613	5.153331	8.749215
4.768706	3.627139	7.643299
3.819169	4.893279	2.652917
3.643931	3.757672	5.464659
2.968031	3.428174	6.777913
4.306400	5.144471	3.042407
3.699495	3.043774	5.113933
2.837479	4.888430	4.710109
3.912463	3.743147	5.522263
5.046541	6.570718	7.818096
3.112263	4.472849	8.439441
3.820269	5.758715	8.086084
3.444807	5.345534	4.098367
4.889815	4.605428	3.811182
3.019967	4.958095	6.806987
4.216379	4.812038	8.982939
4.047730	4.614040	8.798950
4.003364	5.135349	3.342875
5.062556	5.935667	5.184883
4.052164	4.849051	8.779339
3.424385	5.131997	2.920481
3.761786	3.544188	4.457450
3.919162	5.835855	9.013641
3.762622	5.187121	3.020511
5.039219	5.009035	7.241446
4.569400	5.159051	8.573381
4.606678	4.806808	7.609628
3.071618	4.063806	3.973246
3.942407	3.389594	8.069124
4.230254	3.460883	5.288413
2.947837	3.556476	6.718959
4.248589	4.123641	6.738930
4.664027	5.404828	4.095887
3.960375	4.226985	7.478072
3.874760	6.759038	5.172398
3.749518	4.970936	3.095754
2.579127	4.154554	5.063953
4.496639	4.293092	4.255544
4.164493	6.404898	7.877981
4.255452	4.364687	3.165129
2.970695	3.957710	7.267454
3.153034	4.741696	8.274030
3.261888	3.421902	7.128639
3.138990	4.119829	7.703556
2.779513	3.115934	6.900932
3.251914	5.542640	7.682626
2.909097	5.430389	6.719813
4.903596	6.530127	5.132811
2.963179	5.627041	5.165573
4.546827	6.084697	3.833080
3.667771	4.923845	3.136416
3.336581	5.606917	7.225702
4.132173	4.602729	2.827426
3.644347	4.672922	3.130385
2.982832	4.805271	4.545431
4.387719	3.694845	4.573939
4.888134	5.009688	5.395538
3.166256	3.290864	5.405011
4.373209	4.929036	2.962565
3.184667	4.355137	8.081079
3.905267	4.700468	9.043734
5.328054	6.494227	6.112973
4.915092	5.384789	7.960662
3.354715	4.348118	7.951958
3.373121	3.025610	5.949292
2.844901	4.158458	7.925116
3.787804	3.818486	3.859518
4.649698	5.670694	3.549820
3.196794	5.455499	8.034102
3.318642	3.862411	8.415441
4.480001	6.824155	6.661249
3.279564	4.429615	3.833479
5.355839	6.530250	6.292236
3.960811	4.498240	9.194799
3.804900	6.117646	4.273523
3.472173	4.295552	3.629117
2.923229	3.291709	5.078869
4.589534	3.934196	8.420923
3.733028	4.356335	9.214698
3.641192	5.140125	2.899776
4.945948	6.744274	4.347012
4.019311	5.258688	2.925217
3.658950	5.352746	3.617599
2.409524	4.327087	6.167902
4.518672	5.947906	7.918583
3.441458	4.121519	7.824099
4.062956	6.445635	4.129532
3.817845	5.368389	9.019283
2.664734	3.823028	5.156767
3.140456	2.942219	6.168466
4.526390	5.174804	8.387583
3.886228	5.275298	8.897987
4.626841	5.166655	4.978325
4.152074	5.392579	8.481234
4.665978	6.110800	3.680497
3.409248	4.939894	4.211380
3.181537	5.612382	5.925780
3.887542	4.040865	3.729529
4.055115	4.891230	3.230647
4.017367	4.648867	8.957806
4.070652	4.427410	3.467439
3.748885	5.707849	7.254441
3.518747	6.128006	7.426075
4.042823	5.609240	2.839603
4.057730	5.765874	8.702055
4.030242	3.753899	6.233691
5.313789	5.939141	6.839900
3.914747	4.946585	2.783026
3.841431	6.495561	7.049575
4.448102	5.423124	3.228327
4.458089	3.713581	6.091073
3.307680	4.234349	3.750031
4.015752	5.154064	9.105940
4.965170	6.336756	6.154406
3.775192	6.201738	6.925461
4.883592	5.072579	7.796187
5.157784	5.723837	6.343038
3.760464	3.675000	5.898049
5.179666	5.100845	5.844023
4.319338	5.445309	2.785034
3.538334	4.397979	8.655845
3.859733	3.444007	6.709247
4.174731	5.084659	3.067991
2.930488	4.830087	3.697542
4.188685	6.603631	4.921402
3.996107	5.091196	9.175841
4.468138	6.882800	6.204193
4.631804	6.806943	4.525106
3.797505	4.089001	3.404251
3.986294	4.888139	3.396633
3.698381	5.269512	3.326785
4.180984	4.708783	2.951839
4.395104	4.648324	8.437149
3.164111	5.839677	6.768351
3.356288	3.580893	4.798827
4.181846	5.138782	2.931585
4.279974	5.939303	8.482379
4.887306	6.623675	5.743479
4.423101	6.347007	7.617648
3.701311	3.678696	7.692132
3.574305	3.709942	4.539401
4.817377	5.082270	7.388196
4.095307	5.353222	3.318615
4.305264	3.983467	8.396405
4.366119	3.545751	5.089789
3.418605	4.324087	8.715457
4.208236	5.564723	8.470532
3.798557	4.088479	8.157095
3.637053	6.036463	5.607814
4.060735	4.802382	9.201973
4.962819	5.488844	8.234649
3.357221	5.116822	7.754700
2.810623	4.648486	5.264254
5.268622	5.878775	5.882909
4.343935	4.497074	3.107926
3.646616	4.255822	8.556453
3.614491	5.855164	4.057359
5.062557	5.789378	5.842071
4.174229	3.870961	4.256422
3.351968	5.264986	4.150752
4.603037	4.426967	5.102465
4.308201	5.266905	9.272547
3.620388	4.913252	8.936410
3.459429	4.955533	9.014643
3.429662	3.762438	7.761849
3.121060	3.185154	6.711477
5.198899	6.052816	5.822952
4.219558	5.325066	3.490036
4.434212	4.678642	3.245849
4.007580	5.706469	4.229030
4.861348	4.574906	4.839897
4.175033	5.693530	8.779071
3.760681	3.917668	3.728589
3.769400	6.333723	7.757401
3.055266	5.551596	7.062072
3.706559	6.179740	6.115610
3.094679	4.120823	4.249039
4.404461	3.998334	7.243723
3.243277	3.310585	7.071627
2.565564	4.186094	6.086929
3.274916	5.299850	5.368216
3.342494	4.323362	3.942493
3.700314	3.479836	7.875955
4.123335	4.877048	3.164559
4.120379	5.642004	8.958882
3.670536	3.745093	7.462448
4.556249	4.312003	8.370844
4.452577	6.374341	7.943074
4.706413	4.954506	7.751524
4.695105	4.829197	3.528423
4.074853	5.223785	3.000849
4.490476	5.829824	3.295482
4.305707	5.012046	9.193192
4.179852	4.649583	3.052200
3.617922	4.042429	8.411485
4.119157	4.528210	8.658373
4.489951	5.174448	8.617695
2.967406	4.945461	7.483558
4.028394	6.192679	5.698141
2.765598	4.973573	5.881346
3.597238	4.798955	3.472514
4.478271	5.119759	9.160465
3.957352	5.683186	3.293912
5.162039	5.787270	7.424298
3.266662	5.187410	8.269357
3.647443	4.204314	2.923732
4.253305	5.727289	8.740585
3.503641	5.515095	6.218655
4.603602	6.228766	4.229563
3.716585	4.693036	3.473723
4.839404	4.164807	4.679465
5.151043	5.686923	5.070769
4.681298	6.696439	5.966322
4.502194	5.019172	9.010115
3.893737	4.969607	2.963423
3.456104	4.164344	8.750050
3.106253	3.765408	3.821186
5.136785	5.154126	6.483615
3.913825	5.302012	9.068224
3.625554	4.203765	8.394140
3.522350	5.747574	4.967806
3.423288	6.064003	4.733066
4.113410	5.969593	3.592947
2.549841	3.276756	5.256047
4.860563	6.439620	4.417700
2.498082	4.233407	4.986037
3.743254	4.061220	8.381336
4.863012	4.527266	8.127508
4.431107	4.440043	4.328523
4.296868	4.885485	3.156211
3.516940	5.150999	8.466185
4.166638	4.328577	3.511764
3.568876	4.944623	3.161606
3.827047	5.128450	2.860388
3.798650	5.943623	8.452373
3.960403	4.031288	8.655187
3.256165	4.684519	3.782866
3.295183	4.680048	8.460764
4.588493	5.059299	3.590539
4.842011	6.817025	5.946062
4.249616	3.920054	7.621807
3.928588	4.519393	2.963260
2.715587	3.583265	4.360257
3.883514	6.093900	4.254403
3.010854	4.995914	5.728114
4.302601	6.568555	7.323087
4.138810	4.693520	3.020692
2.907050	3.944734	4.421547
4.286521	5.449681	8.998337
