3.846711	5.257702	4.910481
3.815786	2.999078	6.459720
4.058814	5.367254	3.050021
3.507841	4.771210	9.170437
5.375908	5.819786	8.116567
3.565429	4.707898	8.583935
3.469034	3.980679	4.125803
3.532217	5.535396	3.775467
2.934539	5.430273	8.472972
4.524991	4.480679	8.632873
4.958209	5.319557	7.069254
4.578555	4.456398	7.253622
4.009596	4.968031	3.188386
3.952282	4.855858	8.522320
3.486427	3.606387	5.639495
4.560712	4.415070	8.558452
4.731211	5.075906	3.699044
3.488930	3.118260	4.667669
5.174112	5.327220	4.998084
3.566290	5.826199	8.694169
4.237665	5.195892	8.919559
4.978742	5.523878	8.794623
3.658522	4.694997	3.064956
2.907163	6.074183	6.856492
3.074905	4.077452	8.139694
4.747354	5.552201	3.152806
4.492947	5.306738	3.522335
4.033718	4.838954	8.652036
2.829943	3.434889	6.252204
4.836459	5.339119	3.677151
3.850160	4.216079	3.087333
5.027110	6.397781	5.318183
3.484230	3.801668	8.247326
4.364584	4.506881	3.407095
2.903059	3.804418	6.079642
2.635225	3.808091	4.886965
5.461591	5.525780	6.236335
3.939163	4.948768	2.794702
3.587276	5.521299	7.693795
3.743027	5.626283	7.727135
3.773965	4.851192	3.296086
3.471022	4.662379	7.981747
4.013837	5.501913	3.524485
4.273510	5.536410	9.229063
4.082036	4.758701	7.957211
3.781671	5.715843	8.552061
5.218987	5.789314	5.673172
3.165592	3.681119	8.012593
4.573460	7.052211	5.923919
4.852850	6.357626	7.945342
4.365554	4.930615	9.473796
4.220289	5.166087	2.784899
5.108962	6.436612	4.268050
4.758869	6.223780	4.309051
4.112150	4.689630	3.172252
3.459344	3.838634	4.207272
4.304020	5.185935	9.361797
4.182159	5.157339	2.955117
3.772144	6.276570	5.108999
2.645062	4.457218	4.725540
2.798690	4.299461	3.901858
4.785062	6.621320	6.736142
4.031740	5.085048	2.914376
3.583662	3.584233	4.766827
5.162849	4.477065	4.082192
3.642881	5.217529	2.928705
3.619495	3.665872	6.014375
4.342093	5.939381	9.199002
5.031317	5.614074	5.053380
3.550370	4.126293	8.553484
5.460030	5.998032	6.572948
4.024503	5.870915	9.049647
3.992710	4.607202	3.031630
4.004829	3.445091	7.105816
4.550594	5.953786	8.791051
2.522659	4.606945	5.830304
3.910017	4.083227	8.929783
5.200728	6.119354	6.599350
3.401429	2.850055	6.228946
4.712092	5.315066	7.717402
3.679445	4.954420	9.068641
5.368164	5.384599	6.486201
4.342945	5.789429	3.443951
3.487537	4.774756	8.986692
4.470306	4.267183	5.121426
5.419054	6.626598	7.017266
3.643284	3.685699	7.991267
5.161494	6.266019	7.794163
4.499078	5.101621	2.878856
4.161356	5.704044	8.749467
4.000783	4.721275	8.603209
5.403142	5.867841	4.430481
4.183233	5.258376	8.795540
2.836765	3.961589	5.952277
3.810976	5.579304	8.611196
2.863476	4.527433	7.003793
4.587085	6.089514	8.689051
3.766691	5.130127	9.084417
4.103884	5.837735	3.116689
3.760240	6.111867	8.113989
3.297373	4.303916	4.942548
4.223398	4.726358	3.722746
3.766837	4.483590	9.234819
4.615722	4.465328	8.174233
3.877593	4.973909	3.449413
4.227725	5.106094	3.025777
4.082152	6.768917	5.578611
4.380242	6.451580	4.965064
3.580251	4.773048	8.561251
4.562082	5.625761	3.759069
3.016897	4.403828	7.536368
3.765841	5.140301	3.203448
3.356799	4.460200	3.579501
4.614284	5.434968	3.127293
5.333488	6.743182	5.028343
3.296401	5.586507	6.784971
5.103185	4.049723	5.637879
3.508382	6.270384	6.275309
4.330759	6.527796	8.080092
3.558961	4.642646	3.204293
4.466037	3.842112	5.850444
2.579805	5.244206	6.099330
2.565382	4.521129	5.911450
3.885158	4.646952	8.960700
3.942024	4.102532	8.570711
3.696254	4.814531	9.029492
4.684322	6.017064	7.768648
3.804323	5.070798	2.925589
4.407078	6.049701	6.592499
5.009894	5.630765	3.648629
4.067374	3.640019	7.554258
5.335961	6.507178	6.016863
4.179731	6.144078	8.207547
2.775085	4.431459	4.675612
2.990508	4.679610	8.385071
4.646981	5.678385	6.196981
4.309899	5.946472	8.483439
2.957635	4.317323	7.350710
3.356840	4.917178	2.783615
3.047670	4.187466	6.985239
3.150806	5.659110	7.718126
3.316735	3.562751	3.985955
4.360777	5.562883	9.042232
4.827496	5.156767	3.387845
4.874761	4.966791	5.089076
4.273278	5.866545	8.371614
3.828609	4.270715	3.775020
4.281483	5.296588	3.361566
4.200667	4.753355	2.805314
4.210934	4.890370	3.211728
4.958366	5.660890	4.393084
4.542705	5.740596	3.726921
4.446109	4.927185	7.273916
5.086158	5.643786	3.840237
4.646300	3.913055	3.632783
3.880996	4.700755	3.087128
4.370019	6.936431	5.917603
4.252112	5.956266	8.754896
3.537280	3.979389	7.597491
4.255790	3.915485	7.409992
3.415716	4.494701	3.255960
3.837719	5.637323	9.014695
4.242558	6.186309	7.525419
4.974877	5.963131	3.602609
4.538433	4.829853	3.498926
3.755805	4.316649	8.392072
2.628552	3.691604	4.139410
3.981379	6.613854	4.128116
3.942062	3.271046	7.161040
4.185476	5.546203	3.672135
4.938808	6.185294	3.367434
5.214435	6.099609	7.172592
4.560411	4.582430	3.773353
4.324895	5.300643	3.194908
2.936525	3.528884	4.957672
3.594089	3.510049	5.757083
4.721892	4.438535	5.568894
4.502493	4.324716	5.088814
4.970816	4.651898	6.999614
3.252042	3.922561	8.397177
4.054533	6.091001	3.890273
3.808020	4.903558	9.037154
3.972861	4.060153	7.990337
4.850434	6.727394	6.337219
4.516151	5.406064	8.893013
3.299710	5.676173	5.633427
3.724246	5.831017	5.571775
3.831250	5.225736	8.758856
4.952390	4.387569	6.855388
3.021289	3.363276	5.243788
3.785306	5.161322	9.065415
3.174632	5.136164	4.793257
3.084234	5.874057	7.045862
3.293816	5.802832	4.229635
5.012457	6.599922	5.229613
3.621816	5.191954	3.517709
3.298599	3.716617	8.667864
3.368654	4.703611	3.185551
5.006814	5.231781	6.407135
3.893096	3.036788	7.612214
4.500584	5.262246	8.213506
4.188059	5.245026	3.221509
4.800089	5.903047	7.924516
4.054887	4.563499	9.174790
4.145575	4.752085	9.421710
3.180563	2.927846	7.035774
4.017032	5.054840	3.429066
3.424623	4.745748	2.821247
3.149469	4.032753	3.364457
4.225458	5.054409	2.815672
4.393211	5.673775	8.829610
4.378577	4.709673	3.566018
3.454696	4.656862	3.186584
4.398934	5.211195	8.599965
3.024975	3.776047	7.755627
3.997069	4.908247	2.894017
3.484229	4.402655	8.865443
4.511616	6.068783	7.711015
2.831081	4.415400	3.885320
3.205568	4.532248	8.503594
2.737584	4.147003	4.464786
3.871592	6.201576	4.022031
4.711689	6.638581	5.086475
3.385944	6.300903	5.744195
4.033115	4.311597	3.438946
3.874479	4.614443	8.621766
4.661738	6.353262	8.496138
4.865494	4.811364	8.343792
3.270086	5.119130	4.999180
4.366059	5.591017	3.348176
4.114594	6.114825	7.625601
3.171969	5.000741	8.431457
4.097483	5.514893	3.544185
3.736677	5.328635	3.847390
3.978190	4.868150	8.557813
3.313997	6.445353	6.704572
3.466147	4.100388	8.355208
4.329153	5.493495	8.927733
4.410924	3.925370	3.469487
3.239119	3.981345	8.375886
3.922192	6.067783	4.269280
2.599532	4.473571	6.270209
4.560715	5.250402	3.304957
4.428014	6.565610	3.852012
3.832711	3.328348	3.983967
3.664346	6.218158	5.916374
4.606320	4.891740	2.893663
3.454829	4.927915	8.307467
3.355181	6.123362	7.868666
4.759406	5.803199	7.861055
3.793568	4.354744	3.411638
4.462359	5.648522	3.132779
3.321728	5.841642	4.753871
4.583489	5.406006	8.185659
3.450307	4.749480	7.699634
3.863062	3.493793	4.062094
3.744256	5.141718	9.252530
3.297240	4.574524	3.006313
2.916956	5.399968	3.390171
2.794137	4.159071	4.939497
3.133626	4.031362	3.611910
3.351657	5.102303	3.621746
3.033490	3.054144	5.924153
4.611308	4.064044	7.907770
3.361679	4.041970	8.876560
4.258771	5.483873	8.863842
4.185648	4.437918	8.517006
4.345700	6.011408	3.873297
3.349770	5.144678	7.917355
4.055598	5.094130	2.886654
4.888286	5.072736	4.380437
3.972922	4.687287	8.696457
3.922464	5.905096	5.485538
5.346264	5.545470	7.159952
3.138496	4.123841	4.316127
2.593121	3.615480	6.918702
3.374493	3.275060	4.778711
4.709314	4.728885	3.074284
4.974623	6.342081	7.470848
4.402110	4.927116	3.553601
4.640051	4.565540	7.538295
3.706517	3.417229	3.876652
2.673517	3.240370	7.664238
3.903574	5.464148	3.150813
4.901573	4.637407	7.794798
4.252352	5.147755	8.647352
3.677144	4.754227	8.654222
2.705328	4.019973	5.872835
4.214702	4.821853	3.072174
3.183931	5.460767	4.253529
4.032772	3.430686	6.409365
4.709330	5.253488	3.094053
4.175752	5.026107	3.136968
3.358489	4.315891	3.338348
4.238600	5.034413	3.045318
3.759157	4.032087	3.795328
4.269436	5.255313	8.270440
3.163842	5.354884	7.289101
2.999043	5.671575	5.923918
2.598905	3.720331	5.770512
4.391388	6.722476	4.832795
4.255849	4.937053	2.692852
3.431344	3.263844	5.369378
3.854773	4.955176	3.426289
4.641583	7.173688	5.592985
4.157200	5.414518	3.105129
4.348770	3.920318	5.637256
4.479478	4.607820	4.038953
3.451872	3.013724	6.602354
4.536215	3.950890	5.339325
3.993743	5.876125	3.458800
3.658488	3.180848	6.787304
5.524667	6.617294	6.963295
5.518159	6.151003	5.206710
3.575277	5.511436	3.250936
4.759333	6.793244	3.634559
4.450493	4.219429	7.671206
3.213109	5.299467	6.996954
5.425083	5.033019	5.326192
3.345174	3.253986	4.927457
3.834059	4.180996	8.348147
4.339365	6.812823	4.270286
4.496367	6.184971	8.520700
4.133989	3.902182	4.156191
3.095585	3.789777	8.352625
4.073334	6.718761	5.584228
3.053305	3.467351	3.728530
4.625973	5.608595	3.719863
4.851320	4.884714	6.653181
2.752813	4.762379	5.056887
4.608161	5.291674	8.541045
4.023258	4.963868	3.332169
3.788300	4.385878	3.197401
4.689701	4.067351	5.622274
3.764233	5.938761	4.835022
4.221707	6.572808	6.647706
4.505695	5.128945	3.727597
3.936920	5.229395	9.405511
4.088094	5.423623	8.250207
4.011776	5.018579	9.090693
4.510306	6.530954	6.966593
4.457854	5.427446	8.590333
4.128485	5.174736	2.839986
4.676757	6.063549	8.336264
4.295754	3.986579	4.465195
2.860832	4.469035	5.816011
2.960974	3.414051	7.038858
4.119654	4.637106	2.958598
3.846686	4.555917	9.716681
3.847247	6.504128	6.821006
5.524678	5.516945	6.204351
4.181561	4.843053	3.151775
3.895217	4.501970	3.620889
4.854264	4.650192	7.014750
3.780438	4.847798	8.852509
4.042513	5.206041	9.275927
2.906671	5.260568	6.472932
3.776581	5.947051	8.622939
3.435296	3.493558	8.209792
3.780042	3.834615	3.870717
3.805403	5.140368	4.113573
3.882123	5.369283	8.758670
4.875378	4.906287	8.928710
3.749713	4.083208	8.744963
5.106062	6.008666	3.684822
4.358716	5.247920	3.151111
4.305997	5.033003	2.871881
3.836180	4.823143	8.670978
3.100569	4.778232	9.129937
4.985923	5.876007	8.144125
3.524132	5.421629	3.211968
3.519777	4.634315	2.877868
3.536914	4.189248	3.671581
3.883573	3.418023	5.484387
3.677409	4.404036	3.115116
3.782924	5.630781	8.666294
2.669822	3.584749	6.061110
3.686018	4.682863	3.047173
4.810333	6.558995	5.578972
3.541227	5.947509	5.531130
4.255155	3.474420	5.567624
4.037134	5.158791	8.420690
5.049783	4.887649	5.545228
4.327645	3.423761	4.551420
4.609285	4.790004	2.885161
3.952961	5.212776	3.021916
4.443132	5.202516	2.986915
5.208810	5.600263	5.132243
4.038928	5.444046	3.290979
4.598567	4.555770	8.005227
3.902716	4.918979	9.119984
5.658884	6.062038	4.922884
4.641222	4.525747	4.898064
3.201389	4.512643	7.985440
2.796823	3.670338	7.436220
3.079529	4.682402	3.317629
4.730909	6.214121	3.842970
4.930118	4.283143	4.814441
2.840923	3.620906	7.629842
3.119982	4.385838	8.164514
5.439050	6.237926	6.367004
2.742879	4.944475	8.742859
3.473435	4.674855	8.511438
3.864703	6.159631	7.390610
3.426761	3.950022	3.656303
3.338368	3.191774	4.076364
4.521481	6.704108	5.316455
3.789253	4.064685	6.858975
4.762834	5.844403	4.356928
2.435993	4.677066	6.754742
4.388666	5.001989	9.010252
5.076824	5.841105	8.079074
5.048807	6.515449	6.205591
3.169200	5.855493	7.853558
3.545575	4.137381	3.539473
2.963982	4.846308	3.181305
3.106781	3.160502	5.659664
3.900009	5.020935	8.338326
3.286603	4.176253	3.630974
4.783778	5.348198	7.529594
3.011338	3.430115	4.250154
4.084870	6.556737	5.495486
4.868873	4.225006	3.529340
3.259593	5.514710	5.420670
3.750216	3.837926	8.227746
3.153282	4.129133	3.863875
3.433096	3.436522	4.942839
4.652156	7.157109	6.173576
4.027517	3.109634	6.828823
3.907545	5.876983	3.614721
4.099684	4.655455	2.932575
3.195364	4.000577	8.482263
4.293271	5.963654	3.574386
4.937598	4.407369	5.144620
3.317280	5.073586	9.025560
5.158731	6.163456	4.095048
3.373630	4.264454	9.234275
4.881305	6.330057	7.748615
3.185350	6.262319	5.803180
3.407654	5.145548	8.974386
3.643729	5.028870	9.480084
3.654856	4.711742	8.425860
4.011006	5.188233	2.593623
2.687480	3.172127	4.959008
4.160434	5.168644	3.051260
4.408021	6.549226	6.153766
5.041682	6.147418	4.320649
4.782507	3.904748	4.708297
4.227876	5.481947	8.903924
5.031432	6.439284	4.572499
3.517363	6.360017	5.939902
4.411103	6.692270	7.232176
3.922095	5.184404	3.306392
2.569699	4.776239	4.672470
3.447532	5.660388	8.275736
4.344319	4.981246	9.080606
4.181866	4.669110	2.854466
3.528442	4.077536	3.069459
4.502547	4.661615	8.896023
2.979907	4.451711	3.406518
3.734016	6.689438	6.847742
3.880442	4.766499	3.110334
3.317397	5.899130	4.622986
3.894110	4.783219	2.953295
4.501799	4.731535	8.718846
3.672405	4.832923	3.004580
5.280153	5.567422	7.443946
4.526506	4.179265	8.315108
3.393077	4.129540	6.993573
2.788708	4.021191	6.493603
3.339534	4.366595	8.737582
4.108962	5.006159	9.247959
2.688316	4.324777	5.681289
4.193036	5.603447	3.650932
4.351441	6.215431	8.131312
4.344248	4.789017	8.974375
4.399824	4.843850	8.338148
3.527741	4.242038	3.713150
3.844591	4.381048	8.596711
3.536033	6.474138	5.628595
3.854654	5.268049	9.357001
4.553152	4.466685	3.275410
3.046557	5.234904	7.346033
4.903769	6.432312	5.347598
4.763778	6.225760	5.864426
4.002869	4.843915	9.163301
4.884699	4.247541	6.696658
4.017356	6.014039	4.008059
4.448587	4.177252	8.547938
2.863664	3.508621	6.595439
4.861618	6.833161	6.457654
3.910021	4.524453	8.781461
3.771534	5.926910	3.097706
4.165406	5.997682	9.026146
4.806358	5.951881	8.463208
5.420026	5.531484	4.563557
3.083178	3.413694	5.742857
4.149256	5.130649	3.069966
4.684921	6.409924	7.279240
4.222089	5.002022	8.120362
