3.769440	4.905563	9.120574
3.748105	3.891741	3.586297
4.612070	6.341523	4.137322
3.154809	5.153086	4.901091
3.966948	4.940252	8.992321
3.781469	5.607049	3.339068
5.162106	6.327571	4.911115
4.513630	5.996148	4.066094
4.157235	6.943449	5.607381
4.243951	4.705846	9.125033
4.438614	5.107400	3.081246
3.858188	4.550206	2.905857
3.948120	6.538826	5.500074
3.678096	5.597424	7.999186
3.336617	3.775728	3.669376
4.489137	6.428361	4.869464
2.968274	3.277366	6.660967
3.892419	4.776859	3.563678
3.945612	5.239281	3.308173
3.790066	5.329170	3.374220
4.577074	4.001499	7.704280
4.229067	6.137183	8.378599
4.832774	4.814532	3.918910
3.242649	5.642921	6.827958
3.871900	4.045809	3.167192
3.852622	4.844668	8.842011
3.867196	4.965426	8.923467
3.837379	3.420199	8.096462
3.683964	4.127619	8.314059
3.813072	5.152773	3.078327
4.121294	5.079538	8.881638
3.081135	3.405170	7.158971
4.505819	6.121456	3.442792
3.795252	4.673348	3.725534
3.193588	3.335294	4.588144
3.023913	4.197383	4.065084
3.786000	4.707728	9.082598
4.020743	4.139702	8.799641
3.716478	5.678817	3.756321
4.356505	3.539248	4.570949
3.394134	3.672441	3.624431
4.507865	5.427652	3.059474
3.208615	4.557792	6.874197
3.027696	5.613833	7.392174
2.595277	3.703042	6.508895
3.993600	5.690222	8.783213
4.459495	3.910398	4.606392
3.710498	4.050182	3.641077
4.765272	6.066319	8.655038
3.791015	6.388802	5.177421
3.955898	5.319012	3.115200
4.082840	4.635705	7.716749
4.559961	4.206337	5.036052
5.245380	6.236243	4.500395
2.952731	5.715647	4.795778
3.671988	5.979288	5.574785
4.016457	5.344204	2.889118
2.846458	4.570995	7.502739
4.127919	6.351436	7.576159
3.115467	5.078818	3.524778
3.363383	3.867035	8.309759
4.618423	4.118303	7.245220
4.704602	5.396521	3.438009
4.490432	4.166231	5.819942
4.030269	4.829644	8.910828
4.040609	4.602702	3.232210
3.495098	5.143954	4.685669
2.772383	4.001081	7.261676
3.829897	4.566916	3.559398
5.242115	6.583745	7.528670
5.049892	6.003302	8.987175
3.992678	6.102527	3.565092
4.953393	4.466693	5.605807
4.785042	6.201094	8.389251
2.850023	4.746947	5.975997
3.770420	5.564800	8.490048
4.037604	4.509333	2.965664
4.525524	6.073897	3.994384
4.270079	3.930712	4.282975
4.971481	5.508424	8.426105
4.156476	6.298899	4.805203
3.912945	5.168018	8.818861
4.156651	5.339189	3.404407
4.782556	5.931542	3.438088
3.927769	3.673508	8.184256
3.546649	4.865614	2.972695
4.856526	4.818558	4.131140
3.966350	5.351319	9.128826
4.165813	4.281039	8.526394
3.749371	5.075070	8.738859
3.927056	4.137535	3.939221
3.560583	6.005212	4.841305
4.392454	6.389185	8.485375
5.506719	6.132036	6.991747
4.283252	4.816427	8.941697
4.829172	5.902031	3.711941
3.790947	5.247640	7.996734
5.010578	5.470916	3.977083
3.995477	4.865479	9.133509
5.252139	5.550434	4.922503
5.036959	6.436576	7.677236
2.867822	4.913282	3.893963
4.814716	4.740674	8.299875
4.072150	3.450808	6.773931
2.962763	4.622362	3.685100
2.781951	4.006247	5.993285
3.699462	5.533140	8.293172
2.948995	4.101008	4.222189
4.711830	6.568278	4.118497
3.672636	3.343612	6.472350
4.739193	5.016893	3.711010
3.937794	5.186357	8.650751
3.797423	5.200464	8.941597
5.149081	6.267931	7.889691
3.760630	4.295266	8.536156
4.768201	5.122667	8.501566
3.582758	4.989797	9.206843
3.741013	5.124212	3.219035
4.243025	4.828094	3.141844
4.012532	4.424810	3.097294
4.974370	6.404777	4.176687
2.893506	4.343659	5.040012
3.355623	3.191454	6.031239
4.205765	6.843997	6.793172
3.269597	3.267311	7.289771
3.414561	4.341508	3.605397
4.792445	6.690148	7.445811
2.652439	3.701022	5.881100
3.457212	5.386844	3.220354
4.557739	3.928073	5.883034
4.022167	5.508900	3.546467
4.147696	5.049700	2.674762
3.947950	5.496863	8.665560
4.238048	4.373524	7.698471
5.408789	5.260711	4.655745
5.307642	5.298980	7.902699
2.689836	3.912427	6.580412
4.330297	4.459102	8.819390
3.576994	5.324576	8.446322
3.561909	5.559784	4.228416
4.863836	4.363347	7.516306
4.827302	3.894220	5.439260
3.535094	6.049564	6.828090
4.779868	4.538202	4.703682
5.221221	6.138751	5.337919
3.389416	3.452617	5.034397
4.035222	5.001700	3.108702
2.708641	3.206560	4.579634
4.594017	5.342290	3.607093
4.577584	5.344017	7.550074
4.021879	5.416548	9.114396
4.379818	4.181072	6.676709
4.284552	5.562634	8.533982
3.044009	5.325806	6.227798
3.219580	3.484076	7.955651
4.492822	6.750809	6.221462
3.042207	3.756876	7.983297
4.487816	4.891604	8.801768
3.371347	5.073915	7.335980
3.282187	4.373916	3.320098
4.675631	5.156403	3.234253
3.800821	5.241386	3.208494
4.357788	4.048479	8.175756
4.814653	5.540273	7.807485
3.147802	4.814991	7.926279
4.092377	5.287160	3.129832
5.420641	6.484911	6.176538
2.934998	3.874398	4.138748
3.373278	4.130931	8.807108
4.635218	4.248015	7.633632
4.428997	6.348686	3.994332
4.263777	4.317922	3.430507
3.435698	4.790929	3.586230
4.798066	5.072020	3.197069
2.758745	3.438610	6.892667
4.694068	5.065516	3.580206
4.421390	6.574216	4.900344
4.215737	6.498771	6.928794
4.079462	4.498764	8.529824
5.227014	6.439546	6.782063
2.980446	5.151674	5.348948
3.381521	4.177546	8.808996
4.953003	4.130382	4.428187
3.914952	3.565402	4.720172
3.688834	5.115140	2.887065
3.275665	3.733960	8.134251
2.779922	5.381233	5.880796
2.988681	3.549619	7.670932
3.369452	3.822999	4.023163
5.513596	5.515282	5.661461
4.117819	5.409356	2.976919
4.239434	5.480553	9.288216
2.593894	4.047470	4.743605
4.703820	6.295518	4.175388
4.284177	4.913986	2.949848
5.269454	6.761360	6.421934
4.015029	5.318753	9.275729
4.220744	4.994915	3.128919
5.139389	6.355247	6.815127
3.634687	3.302943	7.384550
5.019358	4.864876	7.973588
4.077442	6.407554	6.346431
4.647392	5.807463	8.675484
3.634146	3.435209	4.587472
4.423539	6.133276	7.718655
3.372656	5.052010	7.120859
4.975189	5.074335	5.241658
4.731475	5.189265	3.411934
2.606939	3.459368	6.164715
3.859417	4.723968	2.969114
2.972468	4.016779	7.785639
2.618989	3.198752	5.380469
4.033106	4.958791	3.236258
4.488419	4.601396	7.426163
4.365945	5.701523	8.649141
3.271504	3.577667	4.922163
4.980096	5.759593	5.914833
3.499428	5.251219	8.782837
4.089062	6.328356	7.792977
2.769564	5.184628	6.658023
3.674120	4.125683	8.703422
3.850073	5.091854	9.053844
5.389039	5.936365	6.153363
4.576417	6.371485	7.969846
4.662836	6.097291	3.558651
2.926106	4.779411	5.770055
3.347416	5.457709	3.807694
4.897566	6.248147	7.786303
4.659741	4.520916	6.601064
2.728825	4.506444	5.444844
5.245062	5.119074	7.074937
5.148440	5.591922	7.052373
4.092436	6.103210	5.088687
3.959955	6.470343	5.966674
4.119027	5.225204	3.204580
4.814674	6.431908	7.742905
2.412845	3.557851	6.132171
5.104687	6.848537	6.883484
4.570328	5.728274	8.523147
3.127471	4.651340	3.953080
4.019651	4.835007	3.134134
3.163773	3.941676	4.558997
4.689500	4.895329	3.577978
3.645054	4.741282	8.626753
4.600085	4.738859	6.625453
4.564014	5.417118	2.959270
3.560141	4.267777	8.236822
3.153718	5.348395	6.693109
3.762218	5.400994	9.216435
3.269582	5.432933	8.110931
5.049397	4.631071	7.404490
3.441883	5.111350	2.876304
4.203359	6.043413	8.578624
3.884025	4.725701	9.167165
4.195844	3.858078	6.086835
4.444483	6.666561	7.313885
4.485514	4.838583	3.753817
5.423362	4.620775	5.796319
4.018250	4.845554	8.306433
3.832167	4.818084	2.928426
3.703784	3.632694	4.394999
4.174774	4.375626	3.408905
3.658513	3.400886	4.886106
5.554017	5.765332	5.545736
5.189097	6.107111	4.601769
3.841153	5.468771	3.283622
3.359998	4.130193	3.644356
3.939107	6.497240	5.039574
4.200746	5.049584	9.021371
3.795565	3.172507	6.253573
4.191439	6.226080	7.425651
5.002271	6.782471	6.130937
3.948602	3.996679	8.162903
4.269375	4.676823	3.611143
3.187326	5.156816	4.383133
5.066900	6.805779	6.139825
3.040473	3.353626	6.738865
3.890625	4.719395	8.844399
4.281021	5.159631	2.991855
3.453511	3.970136	8.164409
3.934395	4.745973	8.983841
2.914014	4.975306	4.691720
3.660710	4.646549	8.609044
5.027107	5.316451	7.935126
3.839563	4.763506	2.863458
3.969961	4.886964	9.029639
4.559935	6.940435	6.543970
5.007356	4.884798	8.886114
2.737544	3.414041	6.862995
4.279892	5.624699	8.861885
4.387684	4.579289	8.313000
4.140182	5.733207	3.154768
3.360998	3.554445	3.746668
4.182237	5.214070	8.982133
3.332500	4.470631	8.458197
3.275256	5.337098	4.694217
3.753093	5.353082	3.006167
4.051442	5.323551	3.132104
3.596904	4.981397	3.267594
2.736747	4.367426	3.471638
3.019140	3.673071	4.782480
3.150863	4.289374	4.437202
4.012805	4.982502	2.891130
5.017954	5.836752	7.330308
3.383304	5.991553	5.968544
4.942470	4.793058	6.165535
3.972954	5.891189	9.153697
4.246961	4.040227	5.604570
4.416870	5.334883	3.040781
4.751841	4.016167	5.469827
3.587825	3.733735	3.849245
3.207875	3.757820	4.103645
4.332714	5.641564	3.268268
3.085716	3.276447	5.909667
5.146349	5.413773	6.755945
2.969838	3.292125	7.616820
3.020452	4.047281	8.185691
4.042487	5.413188	3.044703
3.984537	3.421583	7.255395
3.302320	3.435184	4.322630
5.345094	5.149488	4.495359
4.719918	5.587117	3.495387
3.460488	3.549763	7.740099
2.874769	4.506949	8.333088
3.309720	3.998452	3.834720
3.675969	6.239550	6.119020
3.569241	6.023701	4.324922
4.207630	5.452912	8.625358
4.392308	5.194123	8.974406
4.729682	4.575541	4.611286
4.873365	5.961699	3.391023
3.175380	4.733869	5.426908
4.285378	5.332887	3.035370
2.931956	4.530188	4.751655
5.115224	5.148889	6.265002
4.071071	5.140579	9.054694
3.948404	3.884915	6.544322
2.504461	3.427137	5.200071
3.664518	5.412373	7.974249
3.713891	4.887144	2.958833
5.360674	6.159466	5.395841
5.361856	6.205296	5.087768
3.303859	4.563181	3.636149
3.944100	5.204842	8.485515
3.174242	4.048905	3.716788
3.857007	3.650869	7.902034
4.099667	4.875472	3.215413
5.610347	5.590717	5.417179
2.836445	3.464021	4.599097
3.729028	4.911044	3.157789
4.587647	5.902253	8.457477
4.046887	4.940053	2.762963
2.763895	3.590236	6.057201
2.931856	5.096129	6.666932
5.300885	5.528026	3.856324
4.416819	5.197927	8.405870
4.184115	4.516739	8.569718
3.380711	5.777829	7.352707
4.046259	4.925329	9.056962
4.373790	6.427522	7.457138
4.357168	5.020309	3.338286
4.149431	3.530839	4.633214
4.399754	4.849754	8.526562
3.837791	6.233745	8.500691
3.508892	5.069617	9.063719
3.976403	4.850367	8.977662
2.614883	3.918385	5.675763
3.562272	3.413024	5.525208
2.670815	3.256156	6.750302
3.594419	5.586730	8.513516
2.956435	4.257191	7.045561
3.506283	4.793486	8.617767
4.740204	6.704410	6.325030
4.531794	5.143738	3.619789
4.241168	4.303232	3.541763
3.927086	5.059032	2.997910
4.562126	4.634337	8.335639
3.994647	5.062753	3.071467
4.137095	4.802747	2.568477
3.561431	4.785420	3.708026
3.557450	4.552025	3.176650
4.415809	6.894955	6.845947
3.291632	4.713354	7.502475
5.258335	6.844087	5.844390
4.280928	6.778516	5.705954
4.434222	5.026236	2.730100
4.608082	4.811021	3.199724
3.763435	4.732446	3.056577
4.271824	4.143190	4.386695
5.268812	6.345704	5.875889
4.652076	4.642461	7.884833
3.157697	3.881499	8.007145
3.621777	4.112111	8.453329
5.397485	5.116988	5.801147
3.041264	5.958536	6.930866
5.024412	5.062507	5.158477
4.371301	4.308111	5.448699
4.958422	6.315677	6.330239
4.142185	3.143121	5.871214
4.955013	5.951561	3.314853
3.884532	6.420356	7.290769
3.556893	5.166555	8.416224
3.201933	3.245089	5.282312
4.627721	5.602855	8.509207
4.441013	5.741821	3.329607
3.843160	6.081808	4.752317
3.956199	5.853639	3.958472
4.194543	4.173551	8.514351
3.524091	5.185113	8.202424
2.696550	3.844486	6.540126
4.284834	6.351725	7.520197
3.533313	4.373546	8.836203
4.320399	4.859125	8.991189
4.170320	4.555781	8.814546
3.542535	3.510131	4.544261
3.830861	4.517686	3.460363
4.350651	6.057503	3.509172
2.807901	4.062216	7.086335
3.679362	3.904561	8.442332
4.205421	4.606417	3.007698
3.343615	5.622984	4.255832
3.333167	5.261303	7.725800
3.483522	3.941224	3.498440
4.233649	6.161192	3.898112
4.604139	4.473531	4.031738
4.113963	6.532294	3.950673
4.504151	5.136696	8.767559
3.918564	5.063828	8.980932
4.469667	4.354651	4.292517
2.766367	4.250296	5.927125
3.214915	5.008477	3.565715
3.561082	4.238392	3.406302
4.483896	6.422244	3.936730
4.619775	4.797995	3.102277
3.831599	6.010243	6.483301
3.573301	5.597463	5.568296
3.982577	4.879353	3.194092
4.294574	5.197534	2.890682
5.065316	6.572686	5.056650
4.797244	5.879314	3.346611
4.125610	5.212124	2.607261
4.074930	6.541022	5.616332
4.239269	5.188515	9.144241
4.432048	5.351652	8.754066
5.358020	5.787754	5.881123
4.007453	5.138330	3.363617
5.026302	4.397110	4.278790
4.550495	5.228980	3.116015
2.974264	4.060980	7.723564
4.266627	4.808079	8.752362
4.936567	5.208168	8.520617
5.121607	6.008533	4.948908
3.481967	5.930250	6.544091
3.916882	5.048582	9.177230
3.064711	3.163849	5.502511
4.588717	6.004666	4.005276
3.587205	3.487841	7.199822
3.954842	4.942694	8.986741
4.506938	3.882191	5.617532
4.318862	5.762901	3.126791
3.602175	4.488521	3.011200
3.253255	4.633274	8.265755
4.236126	5.352117	9.104659
5.011429	6.435988	4.417103
3.860380	5.186274	8.642224
4.234535	4.803989	3.125435
5.040871	5.781874	8.341464
5.038607	6.822786	5.022324
4.240398	4.138249	8.083423
4.046564	5.454494	8.996282
3.319402	4.458521	8.631658
4.368445	4.663699	8.943187
3.157310	5.285661	4.554625
2.544482	4.044925	6.909839
2.559413	4.914640	8.166975
4.234828	4.848455	3.139830
3.744658	6.172282	3.840977
4.375851	5.716914	8.767025
3.520790	3.640468	3.766812
3.767270	4.997267	9.102722
3.470997	4.498878	8.872642
5.561281	6.423149	4.961303
4.239225	5.347815	3.222281
3.554300	4.958507	2.978870
4.518073	4.344424	3.870830
4.426193	4.616463	8.443803
3.783738	4.569799	3.285040
2.886598	3.023453	6.033725
3.673637	5.550905	8.452131
4.431993	6.449901	7.009063
2.794772	3.291988	5.508035
4.701058	4.413897	6.534383
4.450621	5.981848	8.357543
4.339245	5.491718	3.194359
4.868614	4.833104	7.779891
3.915917	4.602979	8.956302
4.787977	6.904932	5.568352
4.991533	6.500031	7.082539
4.168287	5.121116	3.337585
4.247654	4.802917	3.025824
