4.949009	6.816740	7.716704
5.614796	5.694067	3.742696
4.468296	6.579411	3.268066
4.065722	6.309391	8.692855
5.193255	7.014985	5.583163
4.178983	5.546966	8.970158
5.084845	4.903238	3.523830
3.491321	6.114688	6.780758
4.043880	5.587222	8.078828
4.614775	3.871742	7.342335
4.698237	5.299646	2.855321
3.914075	4.308573	9.022260
3.052889	4.260650	3.846687
4.354508	5.715494	4.396047
3.232447	3.203741	6.691272
4.950195	4.437197	3.633264
3.267190	4.801421	3.343664
3.798519	5.050239	3.647387
3.819208	5.139267	8.767810
3.795043	5.894495	3.446494
4.132768	4.922470	2.781871
3.028470	4.739317	3.438099
3.296720	3.586938	5.937392
3.911613	3.528385	8.326620
4.733441	5.498511	8.185932
3.819883	6.229811	4.206290
4.719269	6.450155	4.844532
3.517282	4.815280	3.248840
4.010200	5.829942	7.844186
3.689944	5.136692	2.730233
3.797173	4.539528	3.127802
4.253089	5.533751	9.157652
4.114468	5.148010	9.169662
2.911179	5.151618	6.602279
4.111131	5.495041	8.337638
4.447869	6.663977	7.879759
4.824672	7.038499	5.309104
3.803552	4.191928	3.719324
4.532167	4.974360	9.032520
2.809898	3.573271	5.956448
3.929104	5.244363	8.446510
2.899358	2.913197	6.642656
4.281351	6.782309	4.364975
2.666032	4.241123	8.751171
4.402081	5.882616	7.351856
3.518041	5.192251	3.398878
3.430404	5.915155	8.940027
4.635800	5.108331	3.682852
4.140665	5.909036	2.908070
3.318782	4.725361	3.586339
3.437501	4.503117	9.460863
3.609626	5.437794	2.225373
5.229456	5.224434	8.259644
3.594388	4.258784	8.174688
3.160828	6.405196	6.244943
5.039098	5.399337	6.969435
3.748179	5.115112	3.713270
3.734150	4.741339	7.672822
4.646211	6.031126	4.159417
3.422172	5.528429	4.627989
3.687319	3.679994	8.047321
5.135386	6.672905	6.555203
4.886111	5.179152	3.925818
3.592768	3.990558	3.660605
4.260938	6.877843	6.737562
4.294877	5.113347	2.934055
3.914926	5.117635	2.832902
3.506893	4.639036	8.846761
4.407772	5.039283	2.947627
3.526101	3.833770	3.699208
4.766476	5.539291	7.548085
4.388696	5.922624	8.103773
5.210074	5.770688	6.917710
3.800165	4.848720	3.931172
3.101603	3.242375	5.107562
4.156483	5.080574	3.206829
3.221064	5.088743	4.492652
4.165078	6.448916	7.485689
3.119640	3.919114	4.227294
3.324359	3.266915	5.366401
3.615088	6.365166	4.554228
4.094768	6.253597	4.172224
4.275579	5.268530	8.817517
4.905079	6.598432	7.234057
2.897583	5.370223	7.965250
3.478544	2.927213	5.128437
2.907525	5.283225	3.938749
5.271573	6.633199	5.652973
3.730316	3.299634	4.544738
5.178782	5.721757	7.183270
4.306038	6.083233	8.537399
3.155810	5.585659	6.250483
4.032632	6.483168	3.802243
4.374076	4.966284	3.421837
4.104676	3.356324	6.107188
3.976229	5.595495	8.347146
3.978502	5.029408	8.861931
4.197864	5.356710	2.699820
3.129185	5.603939	7.449476
4.027965	5.239886	3.158522
4.057693	4.738413	8.287678
4.200548	4.515789	8.982544
4.421346	6.405837	5.774394
2.384828	2.810114	6.510855
5.263724	6.166808	4.116492
4.673297	5.108262	9.214001
3.954973	4.276328	9.118972
2.986513	3.214917	5.154172
3.159278	4.537890	7.121643
5.742580	6.124958	4.426191
4.020521	5.424844	7.947867
4.917741	4.940656	3.782107
2.890646	5.271995	7.134498
4.028044	5.580238	4.940046
4.856114	5.455089	3.834008
3.993112	5.427677	8.965234
3.894205	4.973545	3.221444
3.219373	3.581287	7.271448
4.792661	6.015684	7.956430
3.121068	3.962094	7.590439
3.824208	6.061265	3.279067
4.135627	4.689910	3.303892
3.725901	4.921501	2.163422
5.369228	6.210378	6.463760
5.336462	5.454377	8.662639
4.271388	3.692583	5.832012
4.494519	4.215825	4.837705
3.852872	3.240874	5.247355
5.322616	5.244513	4.916956
4.766747	6.599658	5.916526
3.357664	3.270682	4.120761
4.114184	4.149987	3.474626
4.130871	4.543085	3.261336
3.355817	5.202927	5.555291
4.696872	6.629377	7.528122
4.689853	6.619646	4.711542
5.020785	6.463304	8.181731
2.816764	3.763016	8.291472
3.773483	5.393401	2.771295
4.395752	4.267321	7.348985
2.673217	5.442255	7.703741
3.205301	5.120300	2.545358
3.806874	3.173965	6.624048
4.627770	6.135902	7.036338
5.354741	5.021859	5.450018
4.824340	6.384068	7.577176
3.921433	4.171268	8.288142
2.764652	5.222685	3.435225
3.632281	6.324968	6.946910
3.337029	5.142423	8.773813
5.077656	5.756183	5.810850
4.482003	4.551136	3.469440
4.319274	5.120137	4.594999
3.165393	3.599458	6.915951
2.931526	4.488450	4.686404
2.595824	3.983297	3.997317
3.479816	3.439287	6.573475
4.538423	4.184737	6.534012
3.097017	4.365483	5.162529
3.928839	4.509385	3.643247
4.468525	5.651870	8.820061
3.487285	3.642706	3.452305
3.834741	5.917540	5.601390
4.559399	6.191290	6.301462
4.118904	4.307803	8.923356
4.772330	4.685686	4.038617
4.830438	3.850564	4.018638
4.957307	5.098451	4.755530
3.998727	3.315853	4.331528
3.823855	4.376758	8.842826
3.446661	5.509122	4.292423
3.211916	3.659971	8.620006
4.197122	3.541836	6.568004
4.394919	6.409783	5.268884
4.489117	6.133310	3.232232
4.962056	5.786967	7.803449
4.754279	5.605691	3.905964
4.404287	5.506723	3.025843
3.821791	5.285120	9.178529
5.343684	5.416815	6.365501
4.638857	3.584668	6.009712
3.857015	6.423664	5.176273
3.005953	4.240855	6.083976
3.613355	5.057383	8.899331
3.856535	4.328095	4.030563
3.766623	4.801563	9.112070
3.574944	4.557812	3.177407
3.474218	4.595293	3.346546
4.834787	4.621583	8.301373
3.694040	4.935022	3.226179
2.811440	5.102518	4.251288
4.939344	4.912018	8.113339
3.968739	6.534276	6.870269
4.704952	4.933355	3.378208
4.288341	6.355247	5.044425
2.805537	4.674179	3.459290
4.296044	4.970964	8.694805
4.267303	4.702943	8.266894
3.242297	3.368892	7.468594
3.905795	6.007598	7.254573
4.535586	5.132383	3.070844
3.623947	4.937000	3.178957
4.643360	7.024689	6.131136
5.345663	4.699664	5.359607
4.196704	5.379926	3.218342
3.162857	4.250360	8.459736
5.016358	5.417769	3.529213
3.797143	6.296318	6.705563
4.119473	5.239050	8.995484
5.010901	4.621651	8.266604
3.645634	4.882684	9.590521
4.303244	4.581627	8.870517
3.397742	5.118429	4.384596
3.958562	4.707894	8.745664
3.698914	5.207799	3.280132
3.168118	3.565176	5.018670
4.082879	5.211038	2.276440
3.238931	3.324189	5.800623
4.223515	3.874827	7.335880
4.203094	6.918789	4.305641
3.009446	5.573054	5.117769
3.927305	4.857726	3.055186
4.647987	5.485416	3.827524
5.369230	5.770014	5.797402
4.106492	5.092365	3.117598
4.123326	5.856483	8.873332
3.527751	3.899258	3.233172
2.904311	4.980529	4.373826
4.711594	5.049875	3.366213
3.298671	4.388905	7.951668
3.202406	3.450138	8.682513
5.002952	5.184924	8.531515
5.149172	5.684003	3.920488
4.241910	5.671271	2.775825
4.213535	5.724955	8.486567
3.648269	2.987256	6.515844
2.907606	4.432348	6.193463
3.920940	4.483171	8.982590
4.998510	4.518940	6.997673
3.347570	4.844632	4.833974
3.935287	4.743638	2.624603
3.534364	4.697271	8.476583
3.721901	4.130537	2.427602
4.477411	4.184412	8.045026
2.849606	2.799167	5.701569
4.977859	4.221265	4.518292
5.217618	5.118332	5.097132
5.093130	6.211948	7.155535
4.083319	4.041867	3.443858
4.659937	5.130418	2.905521
3.812325	5.803533	7.801379
3.387626	4.465955	8.676648
4.780390	5.254379	7.638253
4.345533	5.463145	8.554440
4.076963	6.548348	8.431310
4.629765	4.227984	7.500129
2.921687	4.682183	7.690387
5.112472	6.532581	4.276809
3.469273	4.640103	3.335616
2.805686	4.087787	4.787700
2.944367	4.440652	6.580531
5.231336	5.429149	6.386477
3.810130	3.653594	4.568628
4.378146	6.745323	6.697435
3.747478	3.529024	3.311753
3.683536	4.285799	8.654218
4.160682	6.625318	6.442585
4.605482	5.200689	3.060333
3.902488	4.333281	8.535409
4.633878	5.020641	9.047463
3.887263	3.462097	3.932589
4.552956	4.808490	8.695324
3.201468	5.272039	2.562245
4.120950	6.499577	7.158635
3.856781	5.178427	3.149194
4.461363	4.249241	5.119948
3.096474	5.831923	4.253721
4.213994	5.621440	2.811736
4.024892	5.066686	2.965409
4.061161	5.390668	2.797772
5.248179	6.423371	7.269468
4.004668	3.329223	6.426280
4.400420	5.759794	8.152779
5.118742	6.130648	4.491826
3.152981	5.112482	5.478385
2.607582	4.918693	5.060051
3.357924	4.082133	3.886728
3.810402	5.562902	8.827283
4.207853	5.208461	8.863134
3.617071	4.740828	8.511707
3.252936	4.216958	3.993550
2.944830	4.244817	5.282660
3.720089	5.027753	8.711215
3.492255	4.984771	7.946612
4.344668	4.499992	7.241748
5.356099	6.368932	5.327486
3.160971	4.363327	3.800931
2.553534	4.000668	5.786481
3.314904	4.232932	8.449486
2.832370	3.942973	7.412977
4.122156	4.851375	9.262671
4.675741	6.003861	7.735794
4.105408	6.120864	2.891314
4.254124	5.439208	8.328062
4.917144	5.437034	8.430316
4.365638	4.964288	3.341326
3.554454	6.234554	8.104859
3.119571	5.693300	8.132750
3.002252	3.842939	3.566500
3.984275	5.091950	8.765087
4.445979	4.981007	3.661465
4.069293	4.029868	8.916185
3.809685	4.355738	3.856306
3.703964	4.500071	3.142065
4.843294	4.510528	5.779089
3.759130	6.022800	4.381867
3.530767	5.808602	7.508397
4.245250	4.614359	9.222373
4.966146	6.341347	5.390630
4.213805	5.183296	3.094967
4.526694	4.130683	4.399982
5.055009	5.414102	4.003653
3.599036	3.474281	6.090541
3.822346	4.835681	2.897360
3.256004	3.595247	7.783535
2.319677	3.463729	7.071404
5.218949	5.249326	3.416646
3.908924	5.061748	3.516487
3.570753	4.602036	8.697280
3.183671	4.600013	8.660736
4.331934	5.162273	2.519500
4.459359	6.780257	5.545543
3.548695	4.854271	8.752703
4.861345	5.294013	8.354507
3.526540	6.587147	4.641193
3.943967	6.900073	5.665278
4.941364	3.885913	7.692932
3.753259	5.213041	8.879371
4.260321	6.100078	3.490186
3.742932	4.486299	2.796358
3.695957	4.825559	9.152552
4.814298	4.377995	8.653685
4.193561	4.149481	8.787158
2.742159	3.133460	6.753481
3.615036	6.321245	5.443175
4.861842	3.826704	6.452058
3.934925	6.092139	7.048836
4.150392	5.566938	8.807095
4.059240	4.201580	8.632374
3.796906	3.744729	3.622116
2.461079	4.805534	4.301964
4.949819	6.097201	7.582484
2.516761	4.443148	7.833140
4.033971	5.796312	4.103424
3.022327	3.103386	5.941676
5.597016	6.755241	5.792393
2.957565	3.675434	8.196184
3.457917	5.319343	3.298508
3.847276	5.066577	3.153040
4.328052	3.868755	7.480535
3.276297	5.839821	6.834579
5.057257	5.366229	7.322851
4.096792	5.180380	3.119874
4.169947	5.399274	3.038961
3.773245	6.194872	4.488561
4.129805	4.619960	8.685907
3.653431	4.802746	9.168990
4.053780	5.440261	9.482688
4.868038	5.768421	5.069082
3.278249	5.728486	5.080029
3.553030	3.340835	7.305075
3.261545	6.234895	6.097253
3.614622	5.257795	8.503164
3.788809	5.375429	8.747314
2.995770	3.434071	7.112684
5.143681	4.035302	7.388718
3.913559	3.497617	5.193443
4.004437	5.726288	3.190214
2.795124	3.886120	4.206325
4.141320	5.036297	3.307825
4.874385	6.826819	5.205083
3.548396	5.615570	7.984314
2.961796	5.419643	6.662092
3.802224	3.846097	4.895819
5.398770	6.247033	5.004951
5.443277	5.766367	4.824109
3.177743	3.470121	6.791832
4.939374	4.292363	4.708566
3.825645	5.562587	8.336023
3.509063	3.962021	4.044998
5.436779	6.283331	4.874709
3.155138	5.318716	6.674653
4.318855	4.289090	9.304208
4.292052	4.973736	3.349721
3.720767	4.224174	3.814831
4.781849	5.792214	9.008123
3.708429	4.007989	3.419979
3.726016	5.500507	3.767670
4.328048	5.241106	3.307728
2.522633	3.482404	5.500212
2.851104	4.642051	8.203763
5.234340	6.397097	6.150596
3.795218	3.908813	3.859616
5.076692	6.652491	7.723866
3.613625	4.037102	8.730615
3.992444	4.709143	9.369197
4.862461	5.946240	4.134519
3.413358	5.395485	4.350143
4.224944	3.795518	7.321089
4.758728	4.059225	8.130044
4.654828	4.875150	2.879227
4.431036	3.884219	6.139309
3.716571	4.334927	8.344927
4.490697	3.683140	5.378049
4.752783	6.686605	5.198102
4.596975	4.671530	8.306407
4.047066	6.472202	4.118701
4.107047	4.971210	8.993592
2.490399	3.992395	5.624395
3.539604	4.026480	7.688265
4.094017	3.229037	6.910080
2.973783	3.894707	4.454286
3.759010	4.831154	3.206532
5.242231	6.715961	4.049974
3.489156	3.763683	8.329988
4.667258	5.770460	8.611224
4.836447	3.927000	4.376143
3.638077	3.867249	8.279398
3.129243	5.018425	8.960809
3.730285	5.344268	8.910507
4.324390	6.538731	9.002325
3.859121	4.395142	3.764359
2.107482	3.569203	5.525555
4.297852	5.234888	8.556368
4.633367	6.038165	8.555738
4.426769	6.610662	5.274819
3.308610	4.127441	3.178855
4.523862	4.713549	8.760490
3.748975	4.914968	8.780509
3.612790	5.136946	3.163994
3.768779	5.157148	3.021115
2.290532	4.516234	6.828191
4.452713	6.108514	4.221619
4.163028	5.365666	2.754822
5.119268	5.314961	9.266363
3.997965	4.366876	3.078298
4.584641	4.246468	5.168516
4.297384	6.256161	6.723354
4.360452	4.643670	3.270620
4.080664	5.955749	3.324651
3.664741	4.089147	4.014628
4.651407	5.553806	4.168971
2.934590	4.032323	6.396634
3.702761	5.094928	2.744975
3.151740	5.745791	6.798165
4.912001	3.903558	5.119239
3.707665	5.873089	3.600299
4.629358	4.156718	3.803876
3.707017	4.284632	3.472271
2.730731	4.118233	8.789294
4.440115	4.665909	3.516218
2.300701	3.626662	5.021300
4.909560	5.351316	6.766973
3.400439	4.914227	8.988891
5.621330	5.501614	7.641240
2.709363	3.436523	4.747061
4.081390	4.732677	8.886658
3.911368	7.055680	7.387406
4.274984	5.545285	8.932253
4.583820	5.451001	9.095272
3.658836	3.892409	4.571615
3.672176	4.967782	9.279441
4.661075	5.078667	6.469164
4.368217	5.645499	8.751988
4.685510	5.132549	3.604840
4.543959	5.158290	8.963669
4.054387	5.213645	8.639172
4.633730	7.240714	6.382060
4.297821	5.447601	3.214120
3.940367	4.146240	9.074810
4.374830	5.451088	8.599618
3.933033	3.920103	7.342661
3.482169	3.314738	4.361304
3.166713	5.184142	3.448586
4.809709	5.592364	2.876168
4.274425	4.976328	8.730427
3.403499	4.116695	3.617867
2.901461	5.130231	5.891536
5.132255	7.033874	6.993333
4.020247	2.914854	6.473739
3.476095	5.052083	8.416620
3.642029	5.277548	6.596178
4.036596	5.118005	9.472957
3.579912	4.672931	8.921324
4.052334	5.016027	9.094728
3.180351	4.626586	6.662427
4.097680	4.548226	3.347598
3.591412	3.897876	6.994179
3.117433	5.405382	6.798538
3.512333	4.060830	3.283949
