4.796924	5.254036	3.734908
3.751504	5.164336	2.935945
5.075345	6.394743	7.114444
4.333551	4.306289	3.595592
3.395269	4.775200	3.206977
4.002235	5.456837	3.534395
4.294093	6.688011	7.713426
4.668648	6.739276	4.876774
4.281371	5.824287	9.043257
3.708041	6.282969	3.370695
3.487717	5.600008	3.778613
3.951791	6.741579	4.907886
3.473561	4.498313	2.815804
3.267776	5.529859	5.347708
3.879413	4.758298	9.345525
4.161305	5.357193	3.201024
3.616228	4.137983	8.367163
3.769468	5.856919	8.491538
5.403237	4.896150	8.062029
4.310492	4.194603	8.421274
3.404762	6.068617	5.509491
2.838816	3.972539	7.827706
3.767407	4.807449	2.931366
4.119175	4.069484	3.585071
5.579096	6.081312	8.140213
3.587176	4.792522	8.927018
5.319540	6.983871	5.276201
5.128355	5.250303	3.522714
4.896293	6.197366	8.480101
2.746455	4.212892	5.711262
4.214607	4.844914	2.884115
4.748069	4.439301	4.471367
3.940401	4.310149	5.942936
3.763473	4.161232	3.347944
2.968390	5.259151	6.238008
2.706691	3.821994	5.209793
3.152043	4.326746	3.837718
4.735491	5.590726	3.085483
4.961542	5.269225	3.274312
3.384749	5.520785	3.766891
2.562897	4.354376	8.008030
4.920002	5.949089	8.677230
4.193547	4.860315	2.815352
4.541493	5.633154	8.909630
5.230579	5.374015	3.922931
4.243802	4.930235	8.604660
5.274773	5.593302	7.899529
4.285306	3.524801	6.243325
4.388523	5.778094	3.187053
3.205249	5.745506	4.572412
3.788405	5.131472	3.321041
4.356061	5.473430	8.864732
3.690184	6.358283	6.111200
2.461295	3.421054	5.996715
5.092106	5.347137	6.758287
5.299921	5.814968	6.434505
5.156440	5.700079	5.114207
5.060069	6.570282	6.444887
4.107151	4.089418	3.211790
4.632059	6.100661	8.199715
4.381188	4.892247	7.989154
4.278944	7.031424	4.889259
4.722774	6.169229	6.830468
3.659314	5.343586	3.111738
4.258497	3.547615	5.400630
3.531165	4.664598	8.255587
3.147169	4.292040	3.564832
4.066790	5.089559	2.888896
4.538070	5.229271	2.808822
3.796983	4.977520	3.175083
4.690550	7.242053	7.408550
3.542457	4.709992	2.571979
4.057395	5.306935	8.619981
3.926560	3.724874	4.226910
2.841375	5.052384	4.448067
5.367051	5.147079	4.725035
4.185116	4.636074	9.109807
5.598487	5.967569	6.981636
4.534212	4.106582	7.558337
5.825932	5.044551	4.605777
3.657328	5.897209	5.824376
5.508369	5.398294	7.443434
5.155518	6.154973	7.061266
3.341802	4.960962	8.930101
4.291599	3.809565	6.490432
3.007155	4.977769	4.771399
4.420429	4.930406	3.226719
4.597919	4.828644	8.945426
3.892186	5.081604	9.242849
2.710971	3.995862	4.686656
2.697937	4.330470	5.556789
5.156024	4.766920	5.554175
3.461900	5.008960	8.951450
5.041707	6.496746	5.886306
4.198487	5.731335	8.536257
3.021249	3.072495	6.278585
3.761750	4.983285	2.439931
4.374407	5.002213	3.603380
4.042821	5.532345	4.333259
3.894539	5.492968	8.720127
4.918318	5.686266	8.978480
3.617528	4.311121	9.111830
5.070691	4.663283	6.423121
3.763723	5.661879	8.287464
4.045666	3.958020	7.263389
3.239798	4.312849	7.966323
3.378840	3.696422	3.558318
3.107884	4.962992	3.186790
4.776222	4.660290	7.023779
3.351158	5.395264	8.501287
4.566654	5.360485	3.441639
3.471903	4.643434	4.003558
3.946016	3.478637	6.164459
2.701746	4.462245	5.032162
4.266407	4.590249	8.876514
3.809632	3.319011	5.764287
2.911870	4.568604	7.706428
5.512874	5.282664	4.388146
3.707355	3.646872	3.936519
4.399558	6.441843	3.682860
3.795090	5.170110	9.232183
3.402162	5.024841	6.267424
4.101108	6.038829	8.778428
3.165053	3.670089	8.379227
4.094107	4.667876	3.106603
4.264718	5.296774	2.990054
4.642550	4.929020	8.798866
4.545081	5.142013	3.135957
4.746449	5.302911	3.332230
4.221036	4.272503	3.694397
3.648831	3.282218	5.343388
4.878663	6.275757	4.088447
4.283068	3.690958	4.254282
4.858413	3.991835	7.751295
3.961981	5.575088	3.635921
5.027062	5.599375	7.661553
5.546923	5.369309	8.240189
3.497384	4.226118	8.181560
3.989056	5.080527	3.231113
4.509918	4.808906	8.458974
4.113560	4.875455	8.588608
4.864472	4.196257	5.120915
4.147667	4.813751	3.276944
5.597164	6.113004	5.884248
4.463078	4.275366	3.542590
2.567836	5.716797	5.753452
4.179917	4.693998	3.223362
3.935145	3.542411	4.018402
3.390971	6.318309	5.248137
4.834591	5.352713	8.479505
3.213018	5.418282	4.999605
3.926789	4.919190	3.021653
3.321848	2.898083	5.092732
4.229217	4.964851	9.129697
4.536077	4.684054	3.106394
3.151042	3.962169	3.837616
5.430913	6.200835	7.212210
4.939456	6.854241	5.215329
3.604720	4.317921	8.721890
3.214701	3.919916	6.941764
3.863765	5.276623	3.063457
4.695956	4.454889	8.308258
2.708455	4.640310	7.981837
4.340655	5.154462	8.172142
4.248645	6.434422	8.030226
4.933888	4.831193	6.233246
4.657112	5.374898	2.898700
3.346420	3.985060	7.583258
5.489091	5.627984	7.961164
3.815542	6.177420	6.453518
3.707272	5.960371	8.555022
3.503973	3.867013	7.738527
2.959238	3.911994	8.485071
3.599272	5.082035	9.428374
3.434002	4.049958	8.907190
3.175943	5.503987	3.266480
4.464800	5.787235	3.160781
3.741420	3.541287	4.235162
2.760979	3.717481	6.932460
4.531729	4.857939	8.798737
5.386904	5.136381	4.879614
4.514678	4.872770	3.216563
4.928898	5.332869	8.122295
3.508437	3.029718	6.878613
3.711356	4.493661	3.534771
3.774673	5.947721	8.104969
4.062739	5.019881	2.804134
4.302927	4.469077	8.397316
4.203458	5.037998	8.482640
4.470781	5.827445	7.581072
3.981032	4.106702	4.467680
4.297064	4.752786	2.735855
4.074552	4.048694	7.958796
3.253707	3.954264	7.584456
3.670670	4.967250	9.243507
3.345983	5.715615	4.849517
3.685884	4.551863	3.408257
3.529290	4.366084	8.459064
3.262156	4.781580	3.772725
4.909592	4.644336	8.645722
3.980387	5.038896	3.243358
3.964249	4.410161	7.621101
2.821820	5.213559	7.773881
4.838323	5.669104	3.091458
3.707923	4.176547	3.189598
3.218486	3.781618	4.653362
3.062435	3.274013	5.828940
4.998609	5.625763	9.089204
4.603249	6.051945	4.022985
4.429252	6.298210	7.540057
3.967830	5.795644	7.559907
4.539731	6.317510	6.939339
4.756160	6.384944	5.545040
3.194066	3.996001	7.696240
3.350491	3.915201	7.253065
4.000669	4.136680	4.113541
4.301648	5.801667	3.551164
3.410602	3.809210	3.873888
4.574886	4.185918	6.478078
4.152845	5.115197	8.895585
3.459651	6.234048	6.157852
4.027620	4.854770	8.892225
4.925277	4.860777	7.906628
4.254959	5.257757	2.944210
3.966802	4.839931	9.305055
3.486329	5.299828	8.506273
3.751285	4.904534	3.034793
4.989140	4.841834	5.239169
4.195979	3.441544	4.964898
3.930608	6.507425	7.239036
3.847233	4.709107	3.181500
5.560454	6.204932	3.732104
4.552163	6.224368	3.426067
4.851793	6.210088	6.009607
4.340559	5.008862	3.314994
3.575707	5.071356	4.024187
3.831441	5.983734	5.027434
3.745643	4.675046	2.904580
3.595947	5.188725	8.656184
3.564994	4.861829	8.826446
2.439427	4.756593	5.611225
4.481313	4.213389	8.562635
3.653267	5.098152	8.695846
2.946327	3.633533	7.739904
4.758252	5.514056	8.610729
4.283767	3.852516	8.247324
4.971749	5.208913	6.239210
3.143764	3.937679	4.165532
2.675909	5.298452	2.550816
3.933576	6.248882	8.642298
2.819306	3.580572	3.236406
4.561752	2.689896	6.707536
3.643647	4.622247	8.811073
5.755881	6.687762	5.063196
3.217830	4.828971	7.034306
5.613198	6.149235	5.003513
5.018112	4.311084	4.094816
4.214806	4.841801	7.996108
3.689769	3.996644	9.121830
4.453045	3.668133	7.925322
3.785244	5.928873	6.751227
2.979254	3.985367	6.524071
4.592554	6.761813	6.408803
3.566891	5.157608	8.584465
4.197585	4.335926	3.100106
3.075065	5.267103	7.588051
4.169736	6.717102	4.018447
4.327966	5.528951	3.709962
3.436673	4.735457	3.927779
2.405317	3.798378	4.822761
4.740383	4.741037	6.448384
3.912844	6.462929	6.365608
4.905044	4.756697	4.619147
3.213556	5.735259	6.433209
4.013450	4.524250	9.337212
4.429280	5.603753	3.173641
3.867701	5.182233	9.249366
4.030909	4.845866	8.645808
3.872153	5.733303	7.933966
3.915658	4.881061	3.368250
4.953902	4.970240	8.255196
2.718900	3.240531	5.788934
4.366543	5.232071	8.538758
3.474050	5.354193	5.865330
3.738342	5.550592	2.520317
2.864416	3.594595	7.071034
3.885179	4.365162	8.837218
4.166480	5.400690	8.944323
4.190463	5.007096	8.385136
3.518516	5.764140	7.744398
5.213699	6.834850	4.845607
3.823781	3.668023	7.720374
4.285694	3.689578	8.634015
4.207453	3.609244	7.300481
3.475612	5.126946	9.162847
5.475967	5.570254	4.441002
4.140020	5.214600	8.685344
3.987654	5.787952	2.989052
3.631583	5.170942	6.639688
4.857873	6.386044	4.404638
5.213672	5.672283	7.856827
5.130505	5.223427	4.953521
3.727031	5.538887	3.412751
3.863649	6.318298	5.408902
3.417519	4.747638	3.511047
5.572187	5.735753	4.570038
4.482612	4.328861	8.919106
4.788612	7.209581	5.108011
2.904048	3.928591	7.395008
4.553609	3.990562	4.589122
4.028523	4.365288	3.419842
3.567978	4.532622	3.316725
4.733477	6.915420	5.803664
3.728796	4.962955	8.799510
4.037435	6.615531	6.202422
4.013601	5.537755	3.161030
3.722034	5.952314	4.379251
3.573788	5.118817	7.712709
3.649174	5.127630	8.515943
3.640938	4.661376	8.494101
4.471628	4.729531	9.389946
3.628523	5.979354	4.470603
3.858925	6.671724	5.616730
4.417868	5.602331	8.375141
4.307872	5.991698	3.479399
3.767244	5.071003	2.937910
4.870291	5.326177	9.100805
4.067401	5.740502	2.917402
3.375945	5.127380	2.577457
3.212530	3.416251	5.440081
4.467732	6.371886	7.980758
3.479503	3.178297	5.272617
3.961127	3.787443	8.401252
3.153306	5.146254	7.569207
4.412360	3.674955	4.768168
3.215741	4.376021	9.047195
4.250923	6.956027	6.005109
4.844886	4.359660	8.549951
3.531539	5.961075	6.759198
5.909348	5.843430	7.651471
3.905178	5.065049	3.137862
4.511157	5.944881	3.412754
3.344586	5.002592	3.933423
4.412519	7.040970	5.940626
3.822500	5.878493	8.240341
4.725687	4.526879	7.438819
3.979975	5.378162	8.443377
2.827434	5.306430	5.039815
3.992188	3.637493	4.091294
3.694388	4.658743	3.211453
4.830498	5.016948	4.680681
3.321538	5.142268	3.659535
5.252318	6.347068	5.942464
3.881572	5.449612	3.799765
2.865916	4.056273	6.081117
4.501542	3.977909	6.104417
5.022155	6.396392	6.238565
3.628464	5.141121	2.175873
2.919038	4.847914	7.028420
3.087571	3.596275	4.136667
3.236814	3.958986	6.181905
3.207648	3.648464	4.569789
3.979050	4.273857	8.607148
5.788101	5.751350	4.326773
3.694893	4.743310	3.503931
3.290145	3.853268	6.805016
3.220379	3.657240	4.809673
4.944666	5.639629	8.440144
3.803906	6.031005	7.468229
4.433942	5.278180	9.283286
3.131843	4.547414	5.296119
3.739104	6.458884	4.354906
3.873702	5.973918	8.524707
3.697462	4.360922	3.997419
4.349253	4.932803	2.482277
4.279615	6.558586	4.749524
3.765921	3.790436	8.080983
4.142523	4.851624	9.052619
3.792789	3.142526	4.517936
4.921866	5.967555	8.207197
4.494244	5.018027	8.868839
4.804136	5.841140	8.505497
4.063536	5.425417	3.048778
4.160955	6.718552	6.701301
3.422505	4.852590	8.682310
4.466074	5.043563	8.175049
3.971506	3.717970	8.098679
4.666394	4.515003	3.621240
4.341106	3.533640	4.029395
2.662593	3.922602	8.295903
4.161131	3.463315	7.934266
3.766957	5.299778	3.037974
3.942593	4.109758	4.861592
3.019602	5.340151	6.032684
3.886872	3.473517	7.148536
3.215452	5.944885	7.855465
3.389781	4.539940	3.607579
5.183775	6.492055	5.212046
3.987939	4.743417	3.062450
3.924409	3.373511	6.406702
2.228147	3.628154	6.229153
3.236541	4.351274	4.219758
4.496167	4.752131	3.357680
4.984911	5.899241	3.470579
4.106603	4.555389	8.428922
3.863272	4.879026	2.675082
3.560407	4.165470	4.291273
3.373929	5.755318	7.066309
4.355581	4.576926	8.568184
4.937690	4.887457	6.813821
2.971817	2.998941	6.323532
3.604789	6.273951	6.837935
2.880323	4.070144	4.283482
4.472252	4.625028	3.602377
3.822888	3.509750	7.009925
4.179745	5.275507	9.140781
3.812969	6.588800	5.081306
4.295397	5.768394	3.941908
3.758256	5.715573	8.511988
3.964319	3.664551	8.092032
3.152421	3.183738	5.584118
3.423705	4.919419	5.565346
4.335953	4.842345	2.539630
3.765593	5.014750	8.734799
3.024763	5.681319	7.299806
4.063763	4.804105	9.120295
4.685820	5.641963	3.921725
4.381183	6.753861	7.346029
4.206610	4.050747	8.932061
3.153564	5.296157	3.716951
4.330072	6.248752	3.312391
4.086967	5.772540	3.225633
4.986866	6.776916	6.981256
4.865260	4.085329	6.631470
4.317277	3.652906	5.566112
4.334495	6.009931	5.744531
3.763101	4.630236	2.826977
3.841046	4.746016	2.642284
4.308764	6.472180	7.004938
4.037742	4.161351	4.633207
3.660187	4.741384	8.263933
3.495748	3.945196	7.562152
3.048035	3.489633	5.734499
3.991565	4.955089	2.676161
2.699653	4.362540	7.730324
5.318209	6.204683	6.432613
4.324942	3.328398	4.280126
4.230477	4.986297	3.444510
3.291701	3.632126	3.573903
4.599721	5.856862	8.854020
5.388603	6.137990	5.020867
4.443799	4.156642	5.289393
3.944296	5.039419	2.929597
3.876269	3.860810	8.354019
4.138353	3.910353	3.295140
3.073496	5.524258	8.797103
4.044395	4.725938	2.914960
4.586952	4.683064	3.067868
2.904131	3.748055	5.846542
3.985835	6.554714	6.895983
4.483080	5.786588	2.776779
4.094904	3.980552	3.175581
3.947215	5.247426	3.274402
4.977764	4.754363	7.341526
4.850675	5.738020	4.532357
4.665967	5.074472	3.564935
4.900563	4.498668	8.328472
4.374316	5.625783	8.876335
5.190470	5.963006	4.186210
2.976063	4.759949	3.597643
4.478425	5.039308	8.523123
3.023031	6.179304	4.764405
3.682323	5.716449	8.790780
4.412464	5.023510	9.206050
4.084043	5.436464	8.865459
3.655566	5.350488	2.838357
4.439144	5.280619	2.979866
2.766934	4.000913	5.566763
3.719974	5.265603	8.899300
5.777473	6.476406	6.460947
3.550911	5.422500	2.640705
3.386174	4.790809	8.619162
2.667984	3.825999	8.007791
5.007588	5.726211	7.713743
3.466925	4.889926	3.954888
3.674287	4.990350	3.963472
3.570773	5.391749	3.563900
3.225688	3.729158	5.339840
4.629328	4.247540	7.462951
2.890141	4.225291	6.811376
4.206046	4.463141	3.556805
3.165370	3.898175	6.315396
4.625159	5.182009	4.115047
4.424662	4.629542	3.150284
3.974234	5.032412	2.645107
4.368091	6.140020	7.931686
3.285626	3.155086	7.770115
3.270146	5.435655	5.876446
3.276850	3.902614	3.049819
4.315972	4.168399	4.882913
