2.506506	3.603869	5.735001
3.851429	5.676236	3.501647
4.708767	5.416049	3.457451
3.959022	4.871638	8.791667
3.016450	5.376024	8.292739
3.762082	4.870200	6.401847
4.044533	4.882125	8.770005
3.897262	5.042656	8.746262
5.262218	6.770234	7.909298
4.275609	4.512110	8.503928
4.002818	4.793288	9.074786
4.043118	3.649836	4.639981
4.060421	3.781189	3.388935
4.242958	5.784034	8.776738
4.367947	5.541560	3.969216
4.476082	4.886775	9.074640
5.096604	5.554481	4.536004
4.554558	6.098470	3.788579
4.456470	4.909292	3.506796
3.652967	5.239393	8.377482
2.939763	4.682434	7.849006
3.167187	5.293708	4.533973
4.503979	5.018340	6.305959
3.406911	4.927479	9.115804
3.874528	6.291467	7.026214
3.251126	5.654252	5.663072
4.280916	6.250382	7.390393
4.604653	6.185449	7.982486
4.264572	5.586883	2.526940
2.732580	4.214484	7.624577
3.435885	5.484249	3.409912
3.030347	4.443956	6.318364
2.949654	4.154452	3.556838
5.664055	5.355283	5.996903
3.369961	6.114713	7.331760
4.467594	5.791039	8.525315
4.010923	3.204417	6.207370
4.027648	5.277488	2.727929
3.692458	5.435448	3.640228
5.113524	6.376210	6.613546
3.587345	5.926377	5.207656
4.582559	4.338041	7.407297
3.906399	3.865984	7.877834
3.409095	4.142946	4.080098
3.164331	5.248938	3.038029
2.504442	4.421450	4.728422
4.087846	4.809192	3.726504
3.039956	4.808222	6.212553
3.420822	4.822935	9.005949
3.265156	4.581810	3.418370
3.199808	5.605497	8.831369
4.203828	4.826358	8.623024
4.334135	4.629383	4.626675
4.084268	5.556512	9.433155
3.029989	3.237896	4.078686
5.550421	6.010792	6.814804
3.723874	5.664225	8.335650
5.330114	5.316163	6.015453
5.180603	5.897923	7.692832
4.009090	3.964485	9.594205
3.120303	3.658893	5.652813
4.735470	5.473929	7.011860
3.629929	4.553278	9.516536
3.106630	3.613176	6.623400
4.157191	3.830538	4.955532
2.855729	5.352770	7.094735
2.374486	4.104229	4.886765
3.278573	5.601507	4.116520
3.832470	3.652309	8.340527
5.185967	7.054194	6.392372
2.721304	4.141312	6.786559
4.099244	5.949961	7.044546
3.328097	5.329782	3.794688
3.199717	5.017059	7.333123
3.438532	3.132417	4.818592
3.797554	4.520214	2.951865
4.580662	5.304608	2.864349
3.447610	4.434812	8.474833
4.206090	5.124999	2.545684
3.729683	3.846779	7.961612
4.240654	4.392339	7.532631
3.762426	5.211362	4.697864
4.713537	5.791889	6.184879
3.870717	5.411454	2.858378
3.532312	6.530350	6.270789
4.590161	5.093070	3.451972
3.663447	5.556682	9.215208
4.013624	5.011311	3.281266
4.001168	4.709428	8.902235
2.314173	3.561167	5.395687
3.558722	5.408868	4.872133
3.549753	5.268226	8.464145
3.617397	4.195219	8.175788
3.699302	3.901481	3.951932
3.488663	5.129487	9.204553
3.058244	5.643749	8.823341
3.844958	4.690465	3.482596
4.308947	3.630367	7.284826
4.366695	5.794073	3.953423
4.110012	3.875879	5.935458
3.888224	4.587619	8.679172
4.158167	6.503488	6.637804
3.433298	5.958491	3.161973
5.278199	5.510977	4.096821
3.487218	4.619093	3.677069
4.808060	5.006509	7.701133
4.045981	4.479983	3.138426
3.378872	4.037980	9.129108
4.229976	5.164309	3.425749
3.225663	4.034080	8.852605
4.354696	4.655299	2.926941
2.915865	4.696371	4.590162
3.551282	4.125862	4.136348
3.451691	4.856931	3.156538
2.933154	4.849251	4.041523
3.871192	6.414516	3.597715
4.071511	5.683838	3.272835
3.074489	5.023656	5.785606
3.167360	3.929892	7.757426
4.687284	6.447555	5.587520
4.014202	4.540536	2.804612
3.091821	4.906760	7.378024
3.610079	5.311196	3.827405
3.479107	4.726046	8.824549
4.061040	4.685892	9.037753
3.712872	5.246044	9.003209
4.068860	3.723194	8.341909
4.034883	5.816680	8.157298
3.977192	5.195987	9.303247
2.511756	3.058728	6.389981
3.489067	5.171470	3.456041
3.886160	4.766742	9.071847
3.687301	4.770504	3.240049
3.742346	5.343697	8.685682
4.889963	5.833276	7.352610
4.589532	4.418372	3.177977
4.226897	6.019226	8.732424
3.658602	4.436384	8.773465
4.133485	3.606652	6.804772
4.389423	4.965041	9.283979
5.313951	5.693842	3.784317
5.185231	6.578088	5.333145
4.695182	5.965914	7.311813
4.140806	3.685111	7.792359
4.702065	6.773909	3.645317
3.339991	5.187352	2.978248
4.189758	4.199052	7.279813
2.927287	3.325681	7.189324
4.734445	6.197823	3.808993
3.607135	5.188500	9.207571
4.124668	4.726822	9.024570
4.038802	4.883877	9.041849
5.103589	6.892819	7.179157
2.711877	3.346399	5.463161
4.349946	6.894174	8.025299
2.569716	3.487578	4.474551
5.035748	5.097658	4.727143
3.036954	3.036143	6.349374
3.359998	4.940192	6.864315
3.245344	3.464146	4.039235
4.331134	6.519359	8.050943
4.217439	4.153981	7.962393
4.726309	7.059792	4.739423
2.738918	3.971250	8.005147
4.081369	5.667332	3.446502
2.776234	4.487554	6.478931
4.039518	4.002057	3.560723
4.315250	6.874830	6.912583
3.885729	5.168544	2.916190
3.409115	4.920274	3.577808
4.340719	3.892899	5.924661
3.856198	3.955086	3.353361
3.829371	4.005418	3.573128
4.131893	5.538788	3.031690
3.863726	3.371194	7.066167
3.666769	5.320984	8.830241
4.309156	7.192343	6.727014
4.398399	4.564019	8.928858
4.776961	6.359230	6.280945
4.119841	4.966458	8.169955
3.721713	5.665314	5.828598
4.392417	4.761335	2.976768
4.131020	6.733523	4.457438
3.602767	5.336770	4.923614
3.209567	4.967178	4.377966
3.142100	3.604263	3.869452
3.287775	5.047407	6.591840
3.614539	5.839453	3.352280
3.083608	3.238006	4.714036
5.310099	5.645287	4.448318
3.628040	6.001643	6.421048
3.731414	4.471668	3.138774
2.952076	3.707974	5.321652
5.355902	6.454728	5.546178
3.075805	4.518463	4.404552
4.089831	5.086409	8.749482
4.063279	6.381057	8.253248
4.091181	3.120562	4.265410
3.736327	4.296230	3.464204
3.597070	4.952937	8.586284
4.005887	3.970608	3.877737
4.811499	5.402267	8.690221
3.397041	4.663439	9.175414
4.179362	4.567420	3.124215
4.604251	4.217694	5.122592
5.287963	4.860775	8.136138
5.159494	5.838073	5.820584
4.505925	5.230873	7.935668
4.291922	5.425434	3.120130
3.761509	4.724984	3.540564
3.167640	3.940498	6.787761
3.758526	4.768822	8.459737
3.768487	5.465477	2.981792
4.972418	6.292556	6.418036
4.158014	6.292843	4.225726
3.343104	3.021716	6.704411
5.167038	5.422169	8.682454
3.367880	2.958707	7.038848
3.002882	3.761847	8.058803
5.054630	5.977226	5.010248
4.030538	5.362127	3.101049
4.260357	5.020444	2.830622
3.443749	5.692947	3.946704
3.586054	5.259979	9.652173
4.129948	6.145486	4.667729
3.398439	4.219249	7.735413
3.705735	5.493237	3.684757
3.756738	4.146620	9.144720
4.692078	6.949111	5.729996
3.284375	4.509752	3.109563
3.032507	3.117590	8.143082
4.856382	5.234699	3.717090
3.261314	6.333523	5.638563
3.281740	4.369256	8.065530
3.392443	5.974584	7.562768
4.587471	6.021522	4.124268
3.715205	5.480290	2.543228
2.319448	3.467546	7.015369
3.951891	4.690855	8.813801
4.365006	5.262325	8.541005
5.343874	4.639767	4.958498
4.363154	6.682187	7.286933
5.091672	5.146563	5.411478
3.626765	3.508931	5.011743
4.154424	4.836815	3.029559
2.758347	4.731732	7.493887
4.157063	4.756223	7.851299
4.396311	4.659424	3.230914
2.457101	3.559789	7.018532
3.390909	5.045987	2.774012
4.363705	4.904845	8.498985
5.232581	6.462399	7.491717
4.349527	5.503076	9.211725
3.539524	3.699664	3.369312
5.077363	5.931137	5.031096
4.872750	5.538386	3.701293
4.272585	5.153201	8.712158
3.412696	4.953578	3.942541
4.305830	6.561297	6.688494
4.150434	5.357273	3.295331
4.092445	5.250592	2.549523
4.191849	5.372636	9.224598
4.574143	6.128604	9.054071
3.895250	3.145929	4.927200
3.241875	3.718768	6.960641
4.381418	4.198688	6.145517
4.103958	4.834113	3.307191
2.950061	4.116896	4.267281
4.078778	6.713048	7.423536
3.420149	5.128966	8.163759
2.764333	4.523674	5.871102
3.976344	3.906968	5.885409
2.893956	5.076592	3.684646
4.589771	4.875872	4.303103
4.579538	4.461458	4.214905
3.777278	5.867189	8.595678
3.372962	3.498587	7.099674
4.736697	3.773460	3.733491
3.698447	4.762343	8.492103
3.083084	5.151049	5.503952
3.911444	5.533267	8.651918
4.788188	7.240605	5.237924
5.184729	6.649552	5.926325
2.656298	4.162668	6.687931
2.730655	3.841971	6.607500
4.497376	5.805715	4.918764
4.373942	6.910073	5.056037
4.196262	5.555184	3.027244
4.903987	6.721910	3.355320
2.880461	4.001482	8.154104
4.139533	4.855491	3.394137
3.726636	5.742311	8.618468
4.417420	5.889862	8.111561
3.885330	5.558857	8.373786
4.403693	5.065935	3.364430
4.359282	4.955273	8.787846
5.130500	4.675575	5.335233
5.297255	5.617577	7.979855
3.253483	4.327090	7.137065
3.873436	4.680613	2.977023
3.095306	5.316927	6.324611
3.144496	5.657823	6.206804
4.724112	6.796008	5.328477
3.346069	3.906308	8.159072
5.098251	6.712948	5.111951
4.965360	5.391898	3.975334
4.742651	5.421953	4.699916
4.548799	4.802710	3.295245
3.708004	4.818024	3.444052
4.605048	4.919735	8.938794
4.310447	6.674918	4.001892
4.100365	3.968946	3.204650
3.374500	3.792789	3.708687
4.053739	4.538578	2.902406
4.325643	4.256308	3.939938
3.889113	3.802879	6.930794
4.169792	4.903763	9.741003
4.151604	5.964576	3.776592
4.202537	4.062661	6.041401
4.482789	4.538320	4.801569
2.843161	4.467797	3.899177
4.306217	5.422537	2.944686
4.662423	4.138878	3.814298
4.319829	6.012882	8.535525
4.204717	5.189138	9.276897
5.180897	6.140305	4.268041
3.833774	4.645247	8.832689
4.209199	3.705523	6.464444
3.056732	4.705912	8.639723
4.718012	4.467640	3.993959
4.407004	4.769786	3.234205
4.079553	5.327216	3.105605
4.228640	6.121905	7.794332
4.682516	6.115732	3.855111
4.414884	6.039878	8.057482
2.695627	3.822459	5.235406
4.675776	6.166437	3.348666
4.204452	5.271253	2.762489
3.563694	3.961709	3.408799
3.404256	5.066787	7.752889
3.907792	5.841208	8.504496
4.245989	4.879569	3.888680
4.005962	3.249185	6.528628
4.814001	5.973936	7.698712
3.971137	5.149667	3.168648
4.131475	5.079277	8.574892
4.198072	3.765172	6.229212
4.916212	4.031152	5.283373
3.925715	7.210130	5.802083
3.507800	4.461765	9.074607
3.616328	5.107621	9.220583
4.856920	5.258492	3.907246
3.710340	5.266575	9.265103
5.349750	5.101624	7.336779
4.215394	4.742939	9.004024
4.130261	4.555120	8.487300
4.955734	6.069725	7.436677
5.410288	5.420986	6.976587
4.381215	4.903051	5.472091
3.788408	5.179103	2.942070
4.524512	5.176012	3.347187
4.365987	5.610112	3.262853
4.621608	6.615695	5.020172
4.220387	3.849347	4.342677
4.940546	6.021396	7.351025
3.931445	6.209032	5.177892
4.040295	5.000879	3.232055
4.924745	5.882860	8.075296
3.201701	3.481235	7.264097
3.904468	3.492042	6.259486
2.811633	5.690902	6.919293
3.624035	3.783667	4.525122
3.393727	5.226667	9.120499
4.087928	5.116249	2.772421
3.983650	5.248785	3.279337
4.261405	5.803471	3.304730
4.771026	6.091739	5.779445
4.414088	3.776593	4.062305
2.931629	4.588510	7.661669
4.111696	6.402699	8.341633
3.194933	3.418684	7.349262
4.737226	5.337820	3.544196
4.091905	5.608596	3.327143
4.775713	5.054558	9.029193
4.143431	5.970186	3.501276
4.434772	4.186909	7.851531
3.139924	4.275569	8.677043
4.448909	5.625719	8.078507
3.699574	4.985879	3.217870
3.683621	5.551655	5.474213
4.366539	4.700453	2.659108
3.801038	4.811685	2.828838
4.936358	5.692346	8.449098
4.921164	5.028940	3.162984
4.460718	5.851363	8.234284
4.985353	5.501149	7.165952
2.840893	3.499939	5.632826
2.588073	4.851094	4.309147
3.143953	5.548198	7.269441
3.430225	3.224617	5.487436
3.238759	4.459950	8.742059
4.327834	4.672717	8.403082
3.232900	5.501076	6.415887
4.341447	3.939224	8.653885
4.486568	3.672222	4.925549
4.719266	4.785394	2.879417
3.008363	5.084093	8.891112
3.838243	5.404306	8.876595
4.872281	4.510648	7.961260
4.098307	6.174051	4.235876
3.622266	6.178935	3.682606
4.852844	3.973761	6.500597
3.860925	4.501689	9.161467
4.117911	5.840729	3.833927
2.951675	3.991930	4.369255
5.310314	6.409894	5.088906
2.899078	4.439920	8.665451
5.594176	5.190885	5.877258
5.327697	6.052992	8.008965
2.881413	4.905189	6.416417
4.407854	6.539819	6.353233
4.931363	4.775635	7.771706
3.169791	4.921737	7.841842
2.871665	3.687717	6.372516
4.455384	5.189536	3.808622
2.912019	4.433010	5.531040
4.147314	6.437927	6.262943
4.731945	6.286763	6.618547
5.311074	6.139232	6.824356
3.629715	6.090737	8.030389
3.681769	4.074832	7.601396
5.143185	6.312213	5.862082
4.858255	5.064364	7.908927
4.189243	4.756613	8.303756
4.981827	4.910834	6.766637
3.674248	4.927277	8.769133
2.426251	5.448488	3.894682
3.866193	5.161938	9.283876
4.154824	5.805425	8.896085
4.861376	6.152470	8.165970
3.990470	4.839023	9.287032
4.567975	6.990176	4.506687
4.081997	6.270100	6.596975
3.793475	6.520144	7.770427
2.898655	4.324833	3.959397
3.347214	4.369669	3.392625
4.478828	5.239550	2.766109
5.137464	5.363163	4.025856
4.333383	4.436819	8.672554
4.138447	4.370305	3.301821
3.553244	5.359328	3.240496
3.773726	5.630192	8.499988
3.978784	3.810261	8.612719
3.453587	3.592162	4.354589
5.113078	4.878418	4.942570
4.895377	5.492278	7.889949
3.812858	4.243725	8.693132
3.624671	3.994254	8.099519
3.289421	6.608741	4.592805
3.942233	4.708614	9.060966
3.806603	3.610667	7.913854
2.778841	3.037373	5.194092
4.182343	5.768273	3.233953
5.426405	4.744759	6.320976
4.101882	6.017513	5.336551
3.887883	5.073845	2.877834
5.173293	4.558089	5.897199
4.936338	6.608445	4.695352
3.365896	4.489726	3.259843
5.089224	5.956017	6.173291
4.161306	3.383497	6.936735
4.181928	5.028432	3.047397
3.129789	4.724538	5.826500
4.530469	5.821420	8.936128
3.901719	5.993398	8.233539
4.543324	5.499130	2.483554
3.806798	6.287121	7.502474
5.282612	6.869978	5.533667
4.842060	5.593092	3.342973
3.273890	3.803576	4.816166
4.346719	4.642358	2.640248
3.582538	3.961620	3.503750
4.327049	6.095371	4.769940
4.840984	5.499122	4.303926
4.249376	4.294355	4.777141
4.951137	5.316335	7.998016
3.353799	5.419118	7.972430
3.670602	2.876770	5.841415
4.892951	3.293072	6.344597
4.385424	5.454717	3.027567
3.788504	5.509719	3.197248
4.762201	4.783434	3.018191
4.185480	4.376851	3.123808
3.960250	4.184510	2.290960
3.946189	5.574949	8.806294
4.101509	6.272908	9.262508
4.730911	6.768529	7.232882
4.062997	6.178310	8.233362
3.606087	3.413527	7.390958
3.659277	4.337904	3.124686
