5.215201	5.983161	7.019774
3.909559	5.014957	8.873769
3.889411	4.033142	9.011603
4.544143	5.436812	8.966162
3.038964	4.419326	3.502630
4.817893	6.228426	6.962111
2.833957	4.644018	4.919081
3.048264	5.454786	8.292165
3.295896	2.702521	5.458162
4.390339	3.982443	8.388066
4.532457	4.139055	6.120839
3.560862	5.592567	6.616815
3.740821	3.801663	7.728679
4.703713	6.890995	4.434064
4.994459	5.756501	8.578235
4.759322	5.435541	4.658916
5.256181	4.674673	6.598806
4.750265	5.891919	8.776025
4.665566	4.501621	8.857193
3.290385	5.742911	7.266876
4.244983	6.160395	8.017843
4.419940	5.208523	2.838981
3.811718	6.278979	8.318580
4.526779	5.515781	8.555603
3.682898	4.516616	8.617109
5.181778	5.019497	7.223892
3.229237	5.613442	7.946786
2.187632	4.330208	6.240979
2.723598	4.480445	7.790161
3.549455	5.740390	4.266758
3.716741	5.715657	4.572687
4.595197	5.749098	3.317273
3.905374	4.453148	3.080120
5.106770	6.290122	6.166023
4.210524	4.896200	9.307019
3.776815	5.840701	8.928345
4.695333	4.582959	9.083667
4.038040	6.129022	3.557765
4.555472	4.383917	3.164140
3.859747	6.755501	3.998863
4.013900	4.992970	3.303539
3.654772	4.611030	9.027953
3.783315	5.568944	4.044185
3.125735	5.305876	8.184790
3.787844	5.165178	3.518574
2.737295	4.106613	7.942016
2.884454	4.335621	5.262154
4.228815	6.182104	7.549128
3.979043	5.261006	3.658254
4.323391	5.606685	8.252469
4.240540	4.067098	7.694251
3.533789	4.077946	8.403689
3.348693	3.849060	7.981745
3.866090	5.523241	3.630779
3.790912	4.031427	9.191687
5.044756	6.786975	6.122241
4.785102	5.732452	3.892814
4.696958	5.770050	8.797771
3.998897	4.813042	2.766456
3.657899	4.492415	3.229009
4.072785	3.876870	7.872877
4.832044	5.886876	4.498528
3.479438	4.933289	9.049193
4.668658	4.108354	6.442852
2.846232	3.961061	3.569588
3.265196	5.570195	7.681474
3.808903	4.295248	3.853080
3.245015	4.425718	5.214255
4.305933	4.677848	9.040404
4.019798	4.529850	7.928408
2.320046	4.435166	6.356942
3.406422	3.059849	4.134488
4.057159	5.676010	2.898864
4.402079	5.361714	3.685105
4.770841	5.338144	8.352562
3.863549	3.068343	5.817684
4.174078	3.490736	5.989918
2.850230	5.229947	8.181954
3.696828	2.788831	7.479271
3.466818	5.202930	5.279741
2.955461	4.168851	3.615150
5.085298	4.760319	3.721618
3.857157	5.491799	8.909939
3.594464	4.317597	3.738652
3.875423	5.574442	8.525395
3.877778	4.409070	2.898824
3.077305	3.023129	3.995476
4.068629	6.879397	6.934943
4.349836	6.248001	7.212131
3.591785	5.361739	4.364112
4.585065	5.254342	3.288238
4.140635	4.653585	4.729143
3.359836	4.571899	8.570438
3.302169	5.301281	8.552875
3.785283	4.749653	8.368500
3.064024	3.637468	4.242762
3.676247	5.768462	9.186213
4.293937	6.305011	4.586626
4.516333	6.435835	6.593079
3.070517	3.180508	4.932399
4.021682	5.179594	8.705630
4.587804	5.957154	8.480486
4.751736	5.486612	3.197026
4.468534	5.648270	8.872206
3.530916	4.678394	2.736877
3.534775	5.318013	7.505356
3.834105	3.560454	6.268096
4.953789	5.851925	7.024139
3.115382	4.015959	6.157345
4.770168	6.101312	8.509539
4.100290	3.948945	8.055271
3.644434	4.955384	3.272388
4.498370	4.861216	3.820975
5.253026	5.687499	4.226184
4.908853	5.317022	8.809098
4.125145	4.873731	2.932583
3.655626	4.763055	8.545699
4.715355	5.068743	9.136335
4.214215	5.172956	3.369977
3.843483	5.224195	9.005945
5.817962	4.953406	5.165623
4.433795	6.000940	2.927615
5.279384	4.995980	5.615216
3.782459	3.083760	6.009532
4.247360	4.841632	3.003491
3.255088	2.596147	6.942004
4.526727	4.474672	8.720707
5.383842	6.422848	5.738721
3.559529	5.942503	4.245288
2.697707	3.649149	5.192918
4.256189	5.191339	3.548895
3.444800	4.614156	8.564255
3.445606	4.750354	2.915741
3.837445	4.782798	9.071606
3.151517	4.918324	3.038668
4.167986	6.683091	4.592065
5.360697	4.709826	7.360786
4.316436	5.352906	3.727512
4.667495	5.882537	8.172833
3.299501	4.032938	8.056023
4.627156	6.819527	5.950388
3.302122	3.970646	3.864071
3.523241	6.448410	5.823327
3.377020	3.310785	4.885566
4.285409	5.774793	3.540095
3.258006	4.397964	3.361845
3.763517	6.765433	5.596782
4.137314	3.992321	3.796944
4.847661	4.943948	3.315391
3.634574	6.199513	3.792976
4.810071	6.484921	5.386097
3.745423	5.336819	8.987818
3.660795	5.012045	2.429525
2.978365	3.589530	5.911493
3.880841	5.052373	2.616253
3.364704	3.845832	5.792568
4.205840	4.544917	3.484428
3.464264	3.863043	3.734876
4.304972	5.579431	3.569214
3.291119	3.549480	7.507020
3.656144	6.069842	5.161490
3.318486	3.418838	5.201247
5.029555	6.371137	4.037062
3.724139	5.518201	2.584138
3.660389	4.916591	8.897360
2.322857	3.885697	6.911639
2.795407	3.629708	7.184399
2.196763	3.492639	4.555579
3.757748	5.185416	3.030555
2.501763	4.491098	5.649995
4.239723	5.216464	9.138661
4.543380	6.472953	4.239606
3.418328	4.465781	8.272214
5.179764	6.255682	5.251442
4.924689	4.539820	4.297011
4.122900	5.317098	9.356577
4.463526	6.986580	6.897851
3.922167	6.032803	4.517382
2.858448	5.543152	6.112975
2.940265	4.165791	8.755791
4.021777	5.725259	3.271831
4.291740	4.943911	3.674631
4.731603	5.784707	6.632668
3.876570	5.389338	7.884471
3.011046	5.237171	6.703044
3.784006	5.147624	3.286722
4.626731	5.894929	4.116325
3.021361	3.237193	5.841322
3.266504	4.070763	3.154808
4.466321	4.894195	9.212914
4.605108	7.129428	7.640372
4.942525	5.569757	7.631165
4.070325	4.311612	8.086619
4.315327	5.887169	3.600384
4.174001	6.234663	8.270985
4.419996	6.336613	7.324776
5.055586	6.473665	5.103171
3.637893	5.099232	2.861523
3.976004	4.521080	2.638058
4.414944	4.754653	8.992792
4.557260	4.485624	5.788293
4.023502	5.358349	3.422037
2.976546	4.328052	3.688425
4.342538	6.636346	4.622224
3.717446	3.108138	6.926439
3.230705	5.717368	5.788776
4.173396	3.857532	3.701714
2.790423	4.597814	8.064890
4.628415	6.771464	7.990128
3.722695	4.081810	3.562982
2.736053	4.960680	6.287646
2.382222	4.350938	4.154922
4.178281	6.247142	4.039835
4.361666	4.228773	8.736584
5.040720	6.745402	6.704714
4.032494	4.742066	3.232025
3.946129	3.590611	7.953058
4.162416	5.552368	2.527719
3.353817	5.542052	3.942527
4.229729	5.847769	8.262265
4.331335	6.817318	5.860169
3.684620	4.670574	3.005956
3.978697	4.946237	3.286588
4.490064	5.153060	8.200198
3.371511	3.491541	7.665572
3.625123	4.929949	8.842181
3.309972	4.767011	7.189195
4.910413	6.071727	6.518131
3.394366	3.505010	8.334489
3.223984	2.851605	5.675341
5.000254	5.840201	7.473465
4.779156	5.144112	7.065069
5.149231	4.631065	3.928787
2.809709	3.207241	7.006110
4.611586	4.630384	3.800989
3.755429	4.599432	8.690982
2.687397	3.935505	7.045954
5.066799	5.584400	6.111560
4.320367	4.818271	2.585792
4.334843	6.750976	7.694569
4.258043	3.885733	3.912731
4.457747	3.780460	7.076583
3.594991	5.587057	8.506668
5.734038	5.101899	5.610981
3.270280	4.682136	7.481726
4.709487	5.605995	3.846247
3.441895	5.354918	9.140085
3.921092	6.699152	4.325144
2.854245	3.719166	5.613476
5.150757	5.887240	8.122721
5.007879	5.792479	8.274367
3.599597	3.655410	4.614478
4.677150	6.453589	6.873454
3.993346	4.362456	2.839256
5.113847	6.512393	4.135287
5.238914	4.875274	7.178248
4.096986	3.702429	7.852080
3.704307	4.483142	8.081659
3.196223	3.910649	6.937965
4.241239	5.322405	3.778643
3.753084	4.325462	3.482969
4.006331	3.199733	5.834255
2.886116	5.473136	5.882555
3.704305	3.771472	3.541726
4.089945	4.852826	3.033773
3.341797	6.706503	7.481137
4.332058	5.132167	9.670374
3.594394	4.142162	9.274583
3.980344	4.399543	8.503588
3.040105	3.035785	6.810467
4.840851	3.603763	5.946236
3.468158	3.916335	3.350245
4.275807	6.827700	4.604803
4.719079	5.824264	4.229936
3.609045	5.019368	2.731985
4.150746	6.059886	4.817067
3.247215	5.261865	7.979541
3.750868	4.767460	9.012364
3.769342	5.492052	2.734862
3.173643	3.529139	4.118632
2.927635	4.452984	8.613189
4.830186	6.402425	5.782876
3.297551	3.236264	6.495273
3.836805	5.932764	6.849027
4.455706	5.201469	2.810092
3.349015	4.077197	4.279075
3.226273	3.462324	7.986479
4.829898	5.057550	8.782629
5.424724	5.528897	3.551668
3.323165	4.229859	7.913285
3.892617	4.183585	3.065132
4.789109	4.326309	7.156687
4.371970	4.160457	8.514369
3.520627	2.829797	4.605255
4.483481	4.174716	4.241418
3.058123	3.519720	6.786710
4.389828	5.032103	9.110575
2.965499	5.414887	5.408705
4.459506	5.964505	4.634563
4.303526	5.075524	2.476200
2.345372	4.505972	3.397347
4.296221	6.049857	7.065559
4.364416	5.248945	3.187468
4.601036	5.095661	8.896320
4.247323	4.064964	3.357182
4.467651	5.478724	3.074942
4.817206	6.310046	4.655112
3.983741	3.245230	4.377108
4.569660	5.108440	8.356526
3.537924	3.308965	6.315949
3.436374	4.937450	3.202858
4.997799	6.240610	6.053518
4.703641	6.258985	4.671310
4.916621	6.570719	7.802867
4.862819	4.192275	5.859523
4.060427	4.987183	2.790911
2.924061	5.386525	5.675274
3.961422	4.569493	3.781799
4.131679	5.331809	9.132117
3.566587	4.647591	3.194171
3.685404	3.370506	6.407128
4.236023	4.494667	8.964223
3.644052	5.228520	3.227420
4.466921	5.428160	8.846710
3.559560	3.812987	8.259211
5.000536	6.533456	5.309674
3.653994	5.213614	3.921975
3.630654	4.054705	8.678348
3.942710	5.099520	8.424137
3.499497	3.129154	4.495626
3.569624	5.226321	3.268292
2.865115	4.130443	7.171464
3.219346	4.058318	3.925952
3.199843	4.488245	8.577544
4.300921	5.300194	8.782572
4.217561	4.925067	3.166708
4.091955	5.150796	3.529739
4.233698	3.640207	7.015172
3.165150	5.782021	5.936058
4.453460	4.591062	3.374152
4.283393	4.332178	2.537936
3.699578	4.755199	3.405551
3.205865	4.256821	4.390258
4.611976	6.367716	7.315091
3.827483	3.744100	3.190951
4.896638	4.083421	5.122403
3.990742	4.922890	8.580973
4.973778	6.792614	5.299025
3.669888	5.789857	8.877689
4.573651	3.508148	7.119678
3.239070	3.390509	3.882481
4.396648	5.476160	9.083452
4.368692	4.846557	3.229247
5.372505	5.015959	5.887044
3.950841	4.700666	3.021680
3.157076	4.677837	2.967551
3.951314	5.120870	3.114402
4.452048	6.946584	5.230358
4.806962	6.286921	7.478002
4.430122	5.313432	2.963687
3.457796	5.667697	6.804438
4.484665	5.549775	3.057352
4.208791	5.160259	3.047762
5.232398	5.205638	4.179418
2.914876	4.912246	6.713517
3.573345	3.968253	8.442234
4.484234	6.291676	6.931440
3.289038	4.153058	3.351210
4.218129	5.507307	9.006604
5.112332	5.527715	8.097479
3.161044	5.840217	6.238570
3.557438	4.830504	3.200097
4.525760	6.162454	3.488032
3.983235	5.831538	3.081040
2.205400	4.045608	5.471048
3.977670	5.222806	2.771992
3.629075	4.167921	3.283370
3.800897	5.524224	3.192826
4.540324	5.399679	2.668271
4.973288	5.066267	6.081630
4.722489	6.709309	5.936200
4.693013	4.715148	6.188780
3.862559	3.592141	6.198525
4.941043	6.343283	7.630423
3.466543	6.400098	5.915420
4.416427	4.740426	9.169341
4.185559	3.745417	7.934676
4.660096	5.108051	7.454152
3.901637	3.810252	2.976324
3.118338	4.109211	8.713938
4.036706	5.280488	3.258391
5.223566	5.491964	4.100861
4.419275	4.886682	9.046906
3.575056	3.794433	8.037292
4.007592	5.484448	8.859536
2.281456	3.212571	5.272720
3.103027	4.856309	4.486311
2.949397	5.051437	4.166605
4.287345	5.245186	8.311743
3.827671	5.735113	3.510764
3.263300	3.896786	5.322710
5.242984	6.229087	7.364401
4.220528	5.369028	4.144790
3.974022	6.898531	5.273922
3.543300	3.121831	4.123417
3.852809	3.782349	8.635303
4.805942	4.631221	5.212237
4.317684	4.473905	3.943548
4.309544	4.664625	3.114127
3.725080	4.316261	8.540181
4.538304	4.679247	8.596128
3.086596	2.971149	5.024537
3.835003	6.365051	6.502137
3.166359	3.853924	3.908434
4.113030	5.116668	8.735919
3.938245	6.527961	6.537673
3.724513	5.622785	8.713881
3.014009	3.734728	7.094325
4.272325	5.771953	8.715844
3.679282	5.805037	4.453702
4.559196	4.734952	8.932674
4.371201	5.411866	3.182211
4.568676	3.714760	5.302804
5.206461	4.621227	7.851280
3.313085	5.351353	4.307155
4.390015	4.434501	2.992486
3.455756	4.644026	2.764820
4.074009	6.373994	8.287807
5.033162	4.518779	3.683413
5.136355	6.227768	5.486859
4.100946	5.389172	2.912374
4.494720	5.618131	3.264049
4.393993	6.773577	5.227946
4.566392	4.550332	9.292118
3.940088	5.868312	8.745414
2.975895	5.168096	8.562619
3.186941	4.426728	4.595438
4.239420	5.595106	8.972492
3.950290	5.017205	8.939387
3.922147	4.695411	8.811327
2.993629	3.910733	8.064913
4.383568	5.106279	7.807308
3.535716	4.526626	3.081484
4.658358	3.904789	4.544923
4.162250	5.027189	9.591364
3.158644	4.474064	7.725204
3.855860	4.759277	9.066439
4.757502	4.195742	3.839446
4.485713	3.713775	5.279677
3.067658	5.127361	8.157878
4.364034	5.026414	3.587438
2.869989	6.079625	6.640965
2.938301	3.148845	5.895176
4.933606	5.235313	6.629541
5.065369	5.783060	8.187121
3.697190	5.047200	8.979032
2.558872	5.145371	5.497487
3.797001	5.376833	8.837925
4.540186	5.892117	8.058170
3.514576	5.194699	3.407328
4.203489	4.095767	9.203318
5.096373	5.429835	5.383498
3.861553	5.271747	9.003763
5.372845	4.700562	7.844604
5.001833	5.278350	4.743398
3.536303	3.659497	7.103740
4.825888	4.223793	6.336787
3.950271	4.675269	3.229459
4.941965	5.394449	8.137271
3.750908	4.578194	2.625324
4.698563	4.435289	8.934731
3.506265	5.311839	8.896680
4.271367	3.317833	5.050472
2.612605	4.519680	8.481652
3.786792	5.327999	2.811395
3.976375	4.811935	8.872243
3.634697	4.142859	2.599146
4.173497	5.355383	3.226465
3.981536	4.233900	6.484020
5.176918	5.125897	3.399007
5.440847	5.701506	4.644190
4.392964	4.150818	8.087649
3.278023	3.200288	5.070115
4.258688	4.806559	3.159910
3.769672	6.566903	4.407904
5.232677	5.189877	8.151368
4.052256	6.693829	6.858201
4.416272	5.006596	2.899476
4.055698	4.627160	3.308476
2.526568	3.992840	5.073573
3.242363	3.453060	7.259610
3.211925	5.922334	7.331289
5.657699	5.751616	5.993843
4.190770	5.640645	2.986964
4.412318	4.399501	6.841830
4.373869	5.182303	9.216556
4.297281	7.120504	5.677869
4.974620	5.148192	4.175875
3.972900	4.979907	8.976001
2.845106	3.686544	7.272673
