3.998685	4.873040	8.685577
4.797330	4.402562	7.793561
4.497483	5.352863	2.986961
5.474893	5.967889	6.982688
3.998356	4.656800	2.802126
3.505982	6.124736	9.238150
4.163137	5.845874	4.188404
3.951027	6.568577	7.871050
3.846831	4.984818	2.751547
3.654754	4.123958	3.466639
4.663298	4.976968	8.855456
4.152377	5.376119	2.921410
4.531173	4.678086	8.829176
2.633517	4.566671	4.505318
3.316780	3.696988	6.690077
4.749975	4.350068	3.048006
4.822785	5.802719	3.742228
3.385964	4.228137	7.654373
3.645665	5.454906	8.268504
4.218456	4.897309	3.379848
5.335352	5.500605	5.202310
4.287930	4.924666	8.376175
4.883163	3.582047	6.362658
5.288080	3.802234	5.259006
2.730839	4.081949	4.728105
3.168566	5.324377	5.611147
4.219814	5.200283	3.330344
3.968271	4.069520	2.773286
3.427561	5.642353	2.788907
4.559198	5.429329	8.597452
4.545331	6.074277	8.168731
5.102039	5.834994	5.462857
4.385382	5.862656	4.765504
4.176460	5.250847	9.038834
3.675137	4.255141	7.892799
3.326606	4.597782	3.149831
4.007979	5.052574	3.321369
3.870355	4.896029	8.642647
5.712810	6.470169	7.571680
4.226653	3.880651	5.261898
3.753109	5.870937	8.886929
3.021968	3.942411	3.398116
4.852838	4.023655	4.472225
3.284455	4.545707	7.983974
3.492281	5.001402	3.508034
3.566771	3.276192	4.667504
2.925653	4.906935	6.745811
4.412997	5.063635	2.852316
3.426878	4.033218	6.000044
5.674307	5.485275	5.642936
4.422918	6.108493	3.666818
3.517764	5.382206	10.090647
2.858441	5.220372	6.001228
3.429850	4.977771	8.976276
4.347208	5.854404	7.809547
4.199424	5.416467	3.491187
3.438870	5.413911	3.840598
4.414882	4.538690	3.468965
5.506062	5.922642	5.227837
3.266443	5.933871	3.426681
5.018615	5.517752	5.188109
3.475903	4.582219	3.714373
5.128810	6.713305	4.702730
4.620874	4.504935	3.847015
4.245808	4.832126	3.421236
3.028395	4.398752	6.728847
4.672257	5.913937	3.470814
4.741781	4.714728	8.297824
4.805183	6.296886	7.892730
4.339501	5.252361	3.824910
3.886948	4.748654	8.614230
3.803340	6.474363	7.284248
4.355482	5.474454	9.312486
5.504287	5.684892	6.355285
2.777564	3.903269	5.624339
3.095717	2.668282	5.702119
3.763483	5.334844	3.988350
3.355230	5.376376	7.378603
3.059768	4.598114	8.077567
4.229037	5.233510	3.425069
4.800396	5.703799	8.414901
3.341401	5.158577	3.473296
4.313214	5.394794	8.691513
4.444260	5.258819	2.260728
3.769919	3.810208	5.193368
3.998241	5.182378	9.243888
4.882922	5.196639	3.530820
3.426705	4.829319	2.924356
3.613142	4.901378	8.014908
4.340264	5.629784	7.733067
4.617840	4.342636	6.655093
4.498121	4.817449	2.612536
4.979715	5.544792	4.161083
3.589765	3.735540	7.823675
2.948301	4.643056	4.932915
4.779785	4.383947	7.555146
4.827403	4.696097	8.022929
3.204046	5.504546	8.185517
2.215180	4.292534	5.109094
4.837828	6.414229	5.046931
4.779246	4.745267	7.081522
4.784156	5.603404	6.940773
3.920998	6.159764	3.669869
3.754602	5.577890	3.211139
3.028461	4.373824	4.651956
4.938629	5.399569	3.329527
3.387108	6.031864	6.495108
3.262056	5.160629	3.829463
4.237624	5.549455	9.167107
4.063506	4.992009	3.128775
4.987848	6.171898	5.293892
3.220219	5.537226	9.444787
4.831245	6.140303	7.623753
4.045329	6.152353	3.150873
2.879609	6.337668	7.682163
4.183869	5.302180	2.769757
3.975311	3.840579	7.918747
4.716271	6.559057	6.362959
3.646329	3.521442	6.520294
4.499266	5.074898	4.377356
3.763246	4.679390	2.468013
4.953118	5.754080	7.961766
3.342299	4.993386	8.448707
4.905892	5.398474	5.896523
4.035690	4.672966	7.826627
3.626005	5.455280	2.568090
3.551235	5.316613	8.897847
2.894246	4.098271	3.445935
5.643556	6.634206	6.439847
4.160103	5.100702	2.251964
3.969909	4.084526	9.483808
4.461415	4.286656	5.281824
4.213876	5.466863	9.004824
4.324348	6.481571	4.731198
4.382169	7.037814	6.377896
3.812416	5.898913	2.234136
2.982179	4.524921	4.049015
2.905594	3.332933	6.033173
3.601646	4.376472	8.599169
4.234267	5.838293	3.448692
4.320667	4.678798	3.181377
4.722733	5.200663	4.912983
3.990567	3.575708	5.305883
4.724172	6.057132	4.194924
3.802082	5.452995	3.005840
3.810787	4.967379	2.857226
3.948861	4.892217	8.719485
3.522230	5.712270	3.889378
4.962853	3.719827	4.209785
2.890410	4.836811	4.227724
3.364302	3.439506	5.541895
4.164932	3.752460	8.829567
3.754358	3.643156	8.725808
2.895463	3.373722	4.667522
3.567779	6.817427	4.564366
4.227116	5.614043	8.407699
5.467664	5.481804	5.956570
5.589512	5.533701	3.152013
4.251572	4.905653	8.777862
4.015616	3.960842	3.836649
3.610600	5.114739	2.906521
5.220449	5.336125	6.751742
3.090539	3.095286	6.075829
4.520084	6.501184	5.843368
2.957883	5.494302	4.866954
3.738512	6.374967	4.954061
4.576601	3.909727	5.272332
2.045555	4.609581	5.820935
3.727967	6.278343	3.547916
4.142728	5.193167	8.540009
3.554713	3.681649	6.912271
5.422726	6.069421	7.025064
4.050684	3.453017	3.801740
4.066467	3.846825	3.406738
4.476614	4.784920	2.796540
3.351016	3.702709	7.765120
3.258341	4.773303	7.054022
5.339794	4.835352	5.284365
3.163799	2.612183	4.433197
5.196203	6.417033	8.236097
2.816603	5.365767	5.965773
3.919293	4.067049	8.608788
4.739342	5.300424	4.792591
4.486256	5.199568	2.947644
4.029936	4.521111	8.883368
4.974659	4.305825	7.779641
2.715860	4.923279	3.047965
3.312121	3.974660	3.895601
5.015863	5.281271	5.948955
4.703097	3.505958	4.277925
4.291936	4.336562	8.723311
5.269203	4.037534	4.456698
3.634209	4.617656	9.364639
4.832754	4.122373	3.621127
3.998391	4.254717	8.382558
3.485440	4.204598	8.555269
2.362555	3.197333	5.492373
4.546653	5.556529	8.575202
3.542443	4.429893	8.456367
5.016472	5.967263	7.239488
4.238394	4.827005	8.947954
3.811415	3.928768	8.359770
4.672117	5.939844	7.916521
4.728380	6.413479	8.149992
3.354137	3.821294	3.971955
4.376875	4.024372	3.113093
4.531791	6.311391	3.267580
4.486130	6.717130	5.572485
2.174219	4.353069	6.444196
4.159024	4.921983	9.729787
4.809052	5.323383	8.754425
4.119219	5.067250	2.926715
5.277355	6.146872	4.800158
4.025233	6.583338	4.134105
5.057939	5.186706	4.567697
3.544035	4.066772	4.208992
4.581219	6.341856	8.717368
3.963371	5.370919	2.984884
4.638756	7.241499	6.519003
3.653493	5.265108	9.623559
3.414820	4.307405	3.179094
3.095426	4.520365	6.001035
3.703103	3.357397	7.912285
3.860713	5.987688	6.305637
5.761515	6.864896	7.045741
3.838468	6.797692	4.293228
4.799410	5.774901	5.767443
4.743045	3.991095	7.624490
4.858021	6.655100	7.770863
2.268660	4.032446	7.026710
3.348962	4.935888	8.827204
4.283536	6.670438	8.179478
3.729527	5.346620	4.807842
3.105148	6.505920	7.316559
3.965835	5.819469	8.916739
3.097895	5.438403	9.652888
2.253635	4.838508	8.212768
3.952922	4.324925	3.552583
3.972887	3.448973	4.553700
2.961593	5.663134	8.020470
3.555410	3.518315	3.827799
4.230389	3.596522	3.038121
3.729109	3.381294	7.007993
3.106895	4.747975	9.146156
5.336033	6.286139	4.757491
3.548896	3.516302	6.760885
3.698387	4.842775	3.392633
4.465565	4.972592	3.392519
3.499037	4.617092	9.083614
3.132148	3.415975	4.688614
5.018994	4.651164	6.896841
4.738169	5.457271	2.884764
3.264268	4.144810	7.249952
4.723580	6.647853	7.599739
2.653048	5.339414	4.238193
3.745747	3.256156	7.535932
4.520711	4.764137	4.339840
3.678486	6.032709	7.425833
4.961585	4.827089	4.841190
3.941300	4.679873	8.440999
3.818786	4.329306	8.314911
4.297677	6.282289	5.349832
4.369829	5.381957	8.985648
4.497225	3.747773	6.988280
2.969541	3.199725	6.040254
4.431497	4.693130	8.590365
4.560683	5.676259	9.813161
3.707478	5.269653	7.853294
3.994365	4.934543	8.215045
3.317838	4.595390	3.049832
4.812033	6.207684	6.151684
3.911004	4.854290	8.875098
3.951836	4.904278	8.669890
4.705164	6.108737	8.168752
3.735964	5.509849	9.227242
3.131828	4.306848	3.360943
2.890027	5.148386	5.470497
3.845871	4.218366	7.737061
4.135163	4.396387	3.177174
3.915639	6.371026	4.016291
4.417450	5.380902	9.328775
3.103485	3.385581	5.356804
4.344856	4.390449	3.056206
4.789811	5.363923	5.095559
4.635514	5.330629	2.966419
3.481596	5.540676	2.877907
4.550937	6.460915	6.011864
5.456208	6.240483	4.485383
3.809682	6.249054	4.648082
4.158900	6.661187	4.200642
4.128164	3.989865	9.000473
3.690427	5.654598	8.675929
3.497376	4.107701	3.985439
2.819743	4.940617	7.740686
3.940824	4.704126	2.692146
2.903775	3.841820	4.325991
3.216326	3.481317	4.503098
3.742816	5.197599	8.797091
3.164667	3.752400	5.701894
4.481739	5.601462	3.461929
4.267325	4.712393	2.795106
4.128916	6.272268	3.731828
2.413174	3.896639	6.684950
3.428407	5.430253	9.314414
5.940004	5.933015	6.223551
4.557264	5.583828	3.232438
4.768361	5.043936	8.865910
2.250635	4.441802	7.827868
4.004564	5.437444	2.744127
4.632070	5.745520	8.539126
3.424174	3.387233	4.481160
3.224078	3.346181	4.167264
2.849876	3.900355	7.167078
5.205078	6.840736	4.819037
4.278843	5.871157	8.485426
2.535819	3.295544	7.712665
4.334183	4.959622	3.410241
3.770653	3.148039	8.192981
4.467400	4.281884	7.939712
4.396565	5.144259	6.378296
4.963977	4.804531	9.010639
4.508608	4.670451	3.066952
4.650506	4.950189	7.053699
3.629863	5.321423	8.293403
4.658077	5.669626	8.645493
5.255431	6.175490	5.593202
3.902430	4.490595	9.033798
3.756634	3.610640	3.758194
3.974903	5.757941	5.113149
4.997564	4.382022	5.753848
3.658761	4.038577	8.273454
3.019893	4.060472	3.634041
4.061739	4.994937	9.067712
5.108796	5.315665	5.314956
3.940299	5.693027	8.566811
3.242106	5.675141	4.789318
5.874595	6.543983	6.051917
4.412890	5.598955	3.048294
5.297031	5.861281	6.516455
4.226714	4.981536	2.759089
3.868502	4.748982	8.801247
4.496035	4.988950	9.100002
3.733592	6.358982	6.366755
3.604387	6.315987	7.490297
3.835479	5.937105	6.865134
3.566224	5.298450	9.200689
4.280359	4.273641	2.781355
2.992311	4.794938	2.853418
2.940080	3.672802	9.083192
2.616167	4.541411	6.097818
4.016792	5.078994	9.306100
4.747440	4.517302	3.558801
3.897861	4.821423	2.775501
4.863115	4.040240	5.782274
3.605655	3.827866	8.592992
4.263744	4.980236	3.167947
4.035646	2.885614	5.590316
3.572214	5.147765	8.447167
4.248621	3.880603	3.717469
2.536185	4.952931	5.700778
4.650583	3.628737	5.919154
4.461073	6.452468	7.238924
4.094386	5.294073	8.273346
4.066306	6.446271	7.116120
5.846510	6.291733	7.857459
3.606579	5.738127	3.830159
2.770531	3.729740	7.963848
1.905099	4.199163	4.565159
4.357813	5.309713	8.671202
4.289017	3.812986	8.682176
4.598554	6.451678	8.925000
4.850601	5.179637	8.645818
3.795873	4.667825	4.000053
4.163185	5.465396	2.878435
4.230180	6.473983	5.888957
4.297757	5.123857	3.326152
3.851354	4.689303	3.650690
3.705645	6.194204	5.790944
5.237121	5.739620	4.123273
5.420426	4.333352	4.464114
3.344271	2.872795	7.101773
5.086358	6.646840	3.764423
3.808521	6.176995	7.743380
3.253127	4.750928	2.793905
4.556099	5.786083	7.878907
2.606056	4.808172	6.541298
3.752029	4.893014	3.288497
4.193726	4.795505	8.376191
3.151857	4.470047	7.964949
3.632022	3.071422	6.203355
4.214909	6.604973	6.419131
3.154123	5.158074	8.031308
3.160506	4.211529	8.860727
4.265267	4.525647	3.504218
4.505438	3.833488	4.239029
4.085861	5.385181	2.849677
5.508448	5.982336	4.588440
4.321555	3.701144	5.891910
3.817281	6.260330	7.080063
4.640221	5.671852	4.171465
4.347883	4.607017	9.366442
2.649499	4.444649	8.028587
5.318375	4.756589	7.822505
3.645759	5.200385	4.858669
4.422432	4.031487	4.177064
3.583149	4.871943	9.107522
4.832161	4.798435	6.903335
4.571989	4.328624	5.982542
5.383038	4.925592	3.784395
2.965217	3.814934	3.897122
4.278691	6.715443	5.145032
4.860069	5.841672	3.299967
3.209420	5.195936	3.327304
4.615336	6.080445	4.056102
3.931640	5.163076	8.259549
3.888138	4.926966	3.825814
4.791256	4.843577	3.385585
4.411208	4.390615	9.080025
2.803066	3.387661	8.163954
2.845163	2.969225	6.493337
5.086200	6.718525	5.025886
3.100237	3.687662	3.715727
4.159046	5.339077	2.662938
4.155188	4.446412	9.523100
4.583752	4.679682	3.091957
3.503506	5.207783	4.700030
4.845748	5.555503	2.522646
4.397268	6.123063	3.527443
3.423331	4.789697	3.305649
5.276463	5.624202	4.387914
5.379553	5.506066	5.752389
3.193682	5.399498	3.335709
4.382619	4.803427	8.815293
3.962064	5.050333	2.453313
4.475573	3.723081	6.846573
2.938090	5.514113	4.895287
4.059519	6.813326	5.535526
3.463965	2.948128	4.807750
3.357891	5.813455	5.911442
3.841594	3.622228	4.896880
3.944034	5.736017	4.405067
4.790738	6.785663	7.340075
5.101921	6.966838	5.603821
2.789055	3.397393	7.338973
4.420929	4.701856	3.249474
3.391504	4.872354	2.937835
3.495404	3.144495	5.208807
4.536394	4.101056	7.848947
3.106938	2.571191	6.145215
4.570031	5.676662	8.884610
4.358924	4.853628	8.958408
3.571535	4.142360	3.301399
5.429669	4.679731	6.700185
4.530026	3.592618	4.091497
3.721229	4.278572	3.361450
4.796380	5.790967	2.819795
3.114959	5.121053	5.225550
2.941396	5.569501	5.760864
3.817639	6.157491	6.927233
4.185909	5.501931	3.721123
4.400044	6.059420	4.319754
3.857418	6.071781	6.535198
4.283837	5.915912	3.907802
3.896378	4.510846	3.165698
2.621264	4.192449	4.689423
3.223118	4.781484	8.759917
4.474308	5.903468	7.799189
4.980883	5.935846	8.035168
4.220650	4.283413	3.267492
3.371129	4.937631	8.892247
4.688455	5.485642	8.123568
4.720251	6.078396	5.489407
2.575007	4.509648	5.001422
3.319538	5.920523	7.161849
4.121209	3.457182	4.605234
4.840667	5.950916	8.103857
4.538808	4.977287	3.322943
2.718354	4.109082	8.013441
3.882809	5.297635	3.356576
4.624760	5.534918	8.490837
3.766945	5.662601	7.908027
2.402008	5.235938	5.324055
4.286896	4.818115	3.006995
4.027102	2.903337	8.325405
3.565079	3.978693	8.522217
3.663397	5.142311	9.230629
4.443865	7.222258	5.634457
4.669120	6.072642	5.481647
3.311098	3.940908	4.030698
3.809944	4.023879	9.136154
4.278213	5.683829	2.936453
3.558840	6.074744	9.128885
4.542827	4.896312	9.224974
3.571109	3.918165	7.424710
3.200327	4.112779	8.050249
4.216461	6.413726	7.088928
4.360222	5.887064	8.718542
3.150532	6.231837	5.504098
4.188901	4.648417	8.484547
4.411512	5.011345	2.636198
