3.494368	4.936832	9.521748
5.508872	5.015940	5.077340
4.184791	5.419208	9.448656
4.851421	4.160653	5.103924
4.326192	5.988938	3.934137
3.548318	4.473242	2.908596
4.495562	4.645371	2.975204
3.262116	5.412955	7.224042
5.067250	6.971428	5.746192
4.179358	3.756735	2.894438
3.975555	4.484032	3.486555
4.866496	4.787338	5.697529
4.263435	5.244768	9.291714
5.399573	4.499243	5.300194
3.347581	3.535057	4.084692
3.333446	4.087741	7.795077
3.045507	4.870425	3.886975
4.337115	5.041524	3.586392
4.350017	5.849144	8.408574
3.266266	4.587383	3.069970
4.446311	4.765300	9.031734
4.098519	4.893730	3.288990
3.608141	4.091445	4.238901
3.980704	5.657268	8.359330
3.438253	3.249402	7.063572
2.492351	3.699279	6.396814
3.876341	4.492744	8.877639
3.714974	4.978474	8.852890
3.515276	5.133841	7.904627
2.975944	3.967128	8.562761
3.644720	4.755182	9.183744
3.739017	4.915498	2.876679
3.729644	2.864703	7.194862
4.339302	4.690777	8.728981
4.562807	6.353000	3.495591
2.408674	4.002996	7.719489
3.182289	3.038151	6.098009
5.264116	4.201008	4.177535
4.772106	6.373436	6.395256
4.116843	5.254565	3.255146
4.626957	5.029476	4.341172
3.764595	3.606813	8.517708
5.352157	5.349942	7.110088
3.307668	4.908999	4.635718
4.576483	3.323276	3.458106
4.660107	6.198817	4.788941
4.113548	3.656906	6.660431
4.026438	4.306998	2.855171
4.445313	5.171586	8.113164
4.622723	5.180956	8.721261
4.943112	5.281903	2.702099
4.101764	5.720996	8.231861
2.790494	4.002277	5.679385
5.205762	5.423079	3.537510
3.665139	6.873586	5.582497
4.037859	4.626479	8.798326
3.962364	3.265532	7.322596
3.834681	4.978986	2.971617
2.326829	4.699143	4.554721
3.567100	4.129202	9.172324
4.499258	4.692614	8.296807
4.795285	4.389347	5.944973
2.800081	5.273445	4.058831
4.174342	4.633897	3.103706
4.051958	3.804097	7.098425
2.751269	5.824756	3.427394
4.682070	6.114761	4.863036
3.333171	4.020927	7.037460
5.024061	4.577755	5.140267
4.868008	6.934651	7.613782
4.450650	3.945839	4.800941
2.973457	4.892532	3.919089
4.160795	5.578947	3.387695
4.144017	5.835508	6.991111
4.617856	4.419730	3.719695
5.092815	5.396514	8.824113
5.004235	6.577039	5.259243
2.790462	3.449213	6.314123
3.996104	5.827968	7.098212
3.289812	3.773053	6.503387
3.482460	5.845151	4.552914
4.572011	5.344327	3.490030
3.264839	4.049728	5.145993
4.344601	5.072830	3.186787
2.338255	4.633208	5.123237
5.461836	6.837486	7.060303
4.686612	5.163182	8.811172
4.219057	4.803699	2.564733
3.979303	5.399823	8.868056
4.238874	6.677734	7.783999
4.157892	4.774153	9.089516
4.657845	6.251218	3.635446
3.713268	4.855569	2.708584
4.547398	6.327720	4.105406
3.110633	5.404525	3.017125
4.024819	5.088849	9.458828
2.417752	4.667426	5.582993
4.190606	3.785430	7.477252
4.005097	4.802031	3.593264
4.095022	4.797534	8.540287
4.363090	6.678254	7.731620
4.601641	5.526907	3.786491
3.476252	3.651739	6.360291
3.374055	4.709280	2.717927
3.473885	3.824315	4.483212
5.202932	5.775645	3.051781
3.129415	4.482765	8.829050
4.733066	4.578937	8.047733
4.008608	3.854955	7.265810
4.080215	4.819139	2.975860
3.527362	5.182537	8.823954
3.710767	4.784348	8.874794
4.080986	4.413548	2.245732
2.907337	4.869104	8.844583
4.028659	5.419741	3.336531
3.909613	4.132883	9.006801
4.724240	3.887165	7.275278
4.484525	5.172117	2.887457
3.038862	5.377057	3.104792
3.559695	5.017729	9.707093
3.882030	4.612716	7.897440
5.487730	5.018763	8.008162
4.581808	5.886171	3.996423
3.351705	3.244660	8.674063
4.161776	5.853690	4.576458
2.903224	3.626915	7.859892
3.912228	3.976212	5.228156
3.587620	4.131476	4.156608
4.438571	4.491823	3.670332
4.221543	3.998937	7.716849
3.449234	6.009377	8.259410
3.515515	4.515146	3.265170
3.135690	5.075570	5.056872
3.918381	4.573020	8.936466
5.124756	6.281349	8.033854
4.724592	5.610012	9.125762
4.891840	4.506974	5.953837
4.327408	4.216468	3.522534
3.488093	3.860264	3.323169
3.204232	3.619492	6.487240
3.399001	3.477651	4.205163
3.603329	3.672733	8.013917
3.067762	3.842233	4.833391
5.015545	4.916113	3.795943
3.534019	4.267243	8.617034
2.658009	4.095918	5.215331
4.862852	4.268481	8.869443
4.071563	6.561419	4.050876
5.455933	6.330933	6.573598
3.241665	4.458180	8.220308
3.795755	6.181863	6.744945
5.139449	6.341993	6.278986
3.627208	4.678336	3.562730
3.616211	3.695289	4.243446
4.384605	4.203642	4.989691
4.528950	4.417820	6.952045
3.382662	4.280528	3.732712
4.732764	5.168078	8.498216
4.249319	4.633393	3.459616
3.565728	3.773957	4.644629
4.511210	5.465326	9.059903
3.745090	5.301639	3.148136
2.834845	4.718616	6.628165
4.123552	5.213210	2.977180
3.697388	4.985621	9.566166
3.355966	5.872653	7.343357
3.345477	3.562025	5.456661
4.177235	5.501524	8.374962
4.626583	5.510602	9.069168
3.731944	5.797429	3.095744
4.647583	6.603452	7.189415
5.506909	5.676763	5.242402
3.460106	5.035134	8.820411
3.319396	3.465231	5.365458
3.837783	3.950451	8.132000
2.809112	4.693730	6.807343
3.462241	4.921291	8.960858
3.052900	3.621901	5.493125
4.212003	5.079620	2.060411
3.052435	4.829434	2.972303
4.151341	5.102883	3.161900
2.200220	3.132306	5.930010
4.636336	6.013612	4.636860
4.568548	6.966421	5.180367
5.364783	3.589603	5.704184
4.848066	6.215745	7.593950
4.246919	4.476661	3.889238
4.541301	3.641883	7.888937
5.228500	4.996651	7.718259
3.789620	4.429972	3.221208
3.867919	4.595223	8.514127
4.801196	5.180908	7.504333
4.319467	5.371440	3.960984
4.581937	4.911334	9.390529
4.655263	4.803119	6.895231
3.092947	4.379278	9.150368
5.033487	6.619027	7.361525
4.858550	6.532612	7.297512
3.786546	5.381378	8.996218
3.992855	5.181068	3.340496
2.922460	3.782557	6.159055
3.640275	4.593945	8.125453
4.265080	5.926003	3.588465
4.865859	6.565680	6.698497
3.843632	4.505516	8.368821
2.834242	4.897225	8.084714
4.317159	5.185134	8.611267
3.672833	4.561612	3.388332
3.784331	4.414754	3.334248
3.238042	5.655353	8.326101
4.055227	5.599772	3.277348
3.987951	4.807169	8.461153
3.155030	4.958839	6.483096
3.109032	4.864367	4.306226
3.767061	5.174478	8.284106
2.596612	3.452615	7.350121
3.222911	4.661325	3.135385
3.403834	5.383827	5.652578
4.576400	4.189601	7.960335
3.790113	5.010993	8.999536
4.614932	6.322016	4.580183
5.013264	5.129302	5.689082
4.327603	5.691449	8.627723
4.388636	4.641827	3.706427
3.467408	3.834248	5.002392
5.497331	4.547493	3.200350
3.064060	3.706647	7.946027
3.747496	6.365277	4.098982
4.469120	4.565270	8.473590
4.306800	6.640078	5.464566
5.065095	5.051961	3.724226
2.857026	5.648717	5.496890
2.771074	4.796938	4.053963
5.828838	5.819725	6.371090
3.675071	3.384344	6.244959
3.239330	3.144025	7.325660
3.415068	5.960279	4.357509
4.727699	6.203729	8.327137
4.338458	5.004475	8.810630
5.514742	5.492841	6.381549
3.290827	4.633537	8.426317
5.074372	5.015873	6.975169
3.844763	5.739519	3.211660
4.439931	6.161578	8.018428
4.289337	6.018989	8.547785
5.082209	4.310976	7.055737
4.012136	4.056180	8.256959
4.498299	7.087898	5.592654
5.140226	6.909636	6.465178
3.726290	4.757095	8.495884
3.692889	3.528893	3.159554
3.963306	2.834306	5.835130
4.109031	6.778417	3.739243
3.960777	5.128566	8.645327
3.365434	4.701292	4.487732
4.249419	5.377039	3.071649
4.667974	5.299896	6.798636
4.056479	7.010864	5.968066
4.684252	6.954662	7.179917
5.535684	4.657338	6.138877
5.303300	6.890521	7.923361
3.939893	3.783910	4.350563
4.778153	4.974379	2.821248
3.870959	5.164698	8.801409
3.093282	4.099056	5.388944
3.323189	5.650745	3.049150
4.395738	5.140869	2.802715
4.331752	6.575371	5.422640
4.204096	5.148072	4.127730
4.251359	5.074833	9.408922
2.246475	3.904929	6.869938
3.523689	5.524766	6.029416
4.169067	3.266712	8.675888
4.332922	3.708086	4.487367
4.105085	3.519637	3.945308
5.375407	6.200482	5.007910
4.044308	3.816687	8.557070
4.551011	6.733013	5.706443
4.634003	4.774660	9.092623
4.427079	4.604582	3.536424
4.938755	5.570519	7.372886
3.543866	4.191304	3.777241
5.058172	4.749632	6.666818
2.594415	3.776587	7.898234
3.176457	4.363412	8.983735
5.000947	4.837881	7.280877
5.481407	5.479750	5.106568
3.734476	6.408577	5.562225
4.164874	5.340075	3.247225
4.049060	6.323607	4.639213
4.655220	6.474513	4.072263
3.280192	3.371243	7.083830
3.628927	3.852822	8.352481
4.969668	7.979582	5.773957
3.876793	6.747354	4.694988
4.479969	6.565631	4.789462
2.208273	4.026753	5.937284
4.826326	4.952075	3.432426
2.442191	5.241470	7.964732
4.144537	4.692255	9.327979
5.181031	6.552806	6.183906
4.553813	5.671658	4.264591
3.912375	5.621995	8.678168
4.127096	6.737774	6.537824
4.383263	5.130669	9.009700
3.657355	4.732369	2.636775
4.892650	4.140227	7.891607
3.169044	3.847232	7.836856
3.993380	5.121587	3.144142
4.870393	5.523728	3.590956
4.031075	5.216890	3.581538
4.222447	5.137598	2.949252
3.659853	3.123275	6.282372
4.557907	6.295474	6.300073
5.119453	6.431122	4.097353
3.663172	5.404309	9.135486
4.459582	6.181805	3.947808
4.587012	4.490744	4.545754
3.970339	4.605102	9.332730
4.044717	5.659943	8.593059
3.010064	4.976121	5.985699
4.826000	5.037021	8.774877
3.871980	4.714853	2.979719
4.383364	6.720946	5.229446
3.915163	5.853461	2.868963
4.890061	6.119926	6.504739
3.838641	3.931429	3.350749
3.681400	4.298322	3.528232
3.743570	5.263223	2.881217
3.874926	5.629597	8.572106
3.906804	4.489334	7.738332
4.427043	6.551887	3.174799
3.727131	4.359225	9.130378
4.216201	6.308427	3.784149
4.060065	6.837703	6.066132
3.634066	4.792651	3.244910
4.044948	5.052244	8.462842
3.661614	4.927267	2.977776
5.636665	5.376252	7.350426
4.660807	5.830138	2.978005
3.845936	2.820729	3.977057
3.938490	5.321118	8.650036
4.102596	3.413075	5.206086
4.934564	5.996763	3.787271
3.589333	4.885996	8.591278
5.050485	4.583689	4.054143
3.808017	6.080879	8.939435
3.379300	3.619776	6.787846
4.457248	5.196454	3.879580
5.125808	5.502561	6.164048
3.453767	5.096838	7.437310
2.685745	4.615669	2.169566
3.663305	2.992525	6.348225
3.954355	4.677026	3.399305
4.930038	6.101001	4.576748
3.260902	5.889555	6.269659
4.011404	4.847635	2.906188
4.374593	6.240564	8.712178
2.997429	3.771497	7.629177
3.976492	5.127465	8.984837
3.395115	4.211962	3.772030
2.961185	4.176661	4.214503
3.935776	5.041949	2.707004
2.606205	3.997728	4.805180
4.713976	5.924339	3.706039
2.945881	4.168532	3.357401
3.928520	4.770022	2.532266
3.285198	3.429914	3.808906
4.162648	4.687012	2.569275
4.009024	5.647655	8.752840
4.209074	4.725229	3.474299
3.951787	5.700375	7.115200
4.559185	4.821132	8.847836
2.757711	3.758384	5.553222
2.503555	4.216606	8.052143
4.047671	5.866420	7.710783
4.269080	6.010309	2.786635
3.762079	5.028263	8.333453
3.386324	4.844140	8.287949
3.627068	5.085413	3.130211
4.219501	5.394245	9.157211
3.395904	5.410198	3.648176
2.943951	3.987064	7.453194
4.346833	3.643973	3.943831
4.449649	6.037690	6.193300
4.461381	3.473741	3.248443
3.849281	4.506952	8.558351
3.850020	6.237602	6.108938
3.904742	4.606996	8.569422
2.616506	4.152820	7.852777
2.825784	3.279735	4.527556
4.801866	4.358112	8.580276
2.493283	4.209477	8.313772
3.667631	5.949845	8.156455
2.841915	5.338035	5.027582
4.102798	5.682573	3.550618
3.734696	3.880165	8.222794
4.130585	4.385009	4.171157
3.737032	5.275712	8.544446
3.710410	5.358093	3.247278
4.210706	4.879046	9.345155
4.520433	5.641911	3.758668
3.536504	5.306557	5.395003
4.228124	6.650633	5.349279
3.723969	3.716405	3.350705
5.277471	4.889204	5.312975
4.335897	5.532962	3.380286
3.630818	5.897864	7.691504
2.890667	4.389937	8.169659
4.618129	6.033335	7.867720
4.332241	5.747702	8.903187
4.344210	3.090558	5.882539
4.730150	6.467925	6.500184
4.650747	6.201958	6.019045
3.844575	5.791911	2.877953
3.860068	5.198524	8.798967
4.422847	6.009083	3.751001
4.228125	4.756003	3.078260
3.005540	4.398797	8.553368
2.315792	5.053547	7.615527
3.743062	4.709037	8.976669
3.487274	5.177454	5.809528
5.306719	5.186887	5.857084
4.357364	4.069670	6.806670
3.663522	3.283058	4.719357
3.155069	4.722925	7.299080
4.449843	6.521294	7.719493
3.630305	4.398436	3.450900
3.471587	4.757989	3.032613
5.001289	4.616659	3.338732
3.704290	5.562577	8.688862
4.107717	4.655257	3.767050
3.925616	5.380053	2.899365
5.389653	5.568915	6.573171
3.122641	5.078070	6.818356
3.264612	4.971470	4.118318
4.254443	5.634828	2.831048
3.523481	4.942599	2.595620
4.326850	4.969217	3.061683
4.821772	4.695967	3.186052
4.628414	5.925742	4.522263
3.610264	4.824151	3.113149
4.926789	5.706807	3.746988
2.919412	4.146444	3.980962
4.865922	5.505506	7.024771
3.674190	4.762908	8.966113
4.723853	4.980504	7.431816
3.104223	5.298447	6.266472
5.582715	6.203136	8.197891
3.954238	4.607407	3.621146
4.285514	5.415065	9.111289
5.137516	6.497611	7.755599
4.004295	5.727740	2.518775
2.797370	4.768704	6.723718
4.507294	6.887046	5.944040
3.762049	3.967558	3.364792
3.327060	5.327699	7.213473
3.466152	3.136085	8.398111
2.869417	3.807089	7.724622
3.729278	3.256722	6.385074
3.949458	5.975120	8.706728
4.202325	6.195519	7.331240
4.291503	5.385771	3.207479
3.172226	5.713427	7.080714
3.585677	5.116509	8.721041
2.607719	4.102827	5.750790
4.740862	6.458214	3.647993
5.110279	6.737648	4.760359
4.008737	6.734243	6.730511
3.770419	5.972069	4.457206
4.029617	3.545851	3.539157
4.348258	5.954882	8.286702
4.916218	6.243126	8.087127
3.637150	4.708279	3.119724
3.943620	5.461374	8.318990
3.967491	5.398719	9.319312
4.296824	5.064641	2.517052
2.532560	4.270454	3.826255
3.151503	3.860971	4.307820
4.022876	6.465454	4.818385
4.782358	4.084352	4.710257
3.908476	4.552097	3.944989
4.172645	4.875441	2.986091
3.416319	5.304233	4.016073
5.659837	5.482296	4.806276
4.061551	4.114597	8.880509
3.431098	6.117514	5.008925
3.624084	5.438585	2.539720
4.483830	5.480114	8.333029
4.061476	7.156782	4.782852
4.898262	6.252857	7.387046
4.669201	4.750810	8.345905
4.386804	4.670880	2.980143
2.793152	3.709477	4.323376
4.918286	5.600713	3.044889
4.255254	4.484183	3.233514
4.650126	5.354760	8.044239
3.744193	5.366139	8.978944
3.977607	3.766324	7.594912
4.393243	5.040638	8.019049
