3.601510	3.506939	6.492975
3.965205	6.598556	5.250304
4.192567	4.939042	8.831047
4.575332	4.977752	7.996125
2.712322	4.942676	6.141031
5.284432	4.093161	6.370013
3.493694	3.921999	3.576581
3.755476	5.306961	2.613836
4.071098	6.091852	3.233549
3.046862	3.855235	4.386888
4.003319	4.999871	9.426518
4.655102	5.119900	3.276184
3.888518	6.124390	5.144046
4.002238	5.705878	8.623777
4.667840	6.740786	4.870176
2.634862	3.518319	6.126656
3.011306	2.736127	5.776145
4.396762	5.027577	9.180866
2.674878	3.848393	5.338615
5.113337	4.267393	5.473011
3.832803	4.841685	9.190462
4.575797	4.842843	7.939034
3.920604	3.590320	5.627741
3.742927	5.523093	3.402977
4.203479	5.219279	3.176737
3.514440	4.979801	8.482398
3.990952	4.749619	2.792803
3.997650	6.093153	5.658060
4.515859	4.060034	3.777743
4.205432	3.696430	4.962886
5.044766	6.710161	5.495612
4.433438	4.519012	4.000181
3.956438	5.579496	8.511243
3.770369	4.470010	3.295996
4.905352	5.899384	5.035718
3.618589	3.699239	5.091134
4.016772	5.490869	2.771663
3.800857	5.332231	2.869660
3.886375	5.670124	3.247683
3.321101	3.254905	6.848129
4.757240	5.818914	8.577787
4.963652	4.716489	4.775295
2.926295	4.235759	8.540705
3.574580	3.491296	4.773969
4.531107	5.099610	8.754060
3.762193	3.380811	5.982017
4.427443	5.966080	8.427316
4.764285	5.818455	7.749679
4.012214	4.785894	2.626664
3.480467	4.228711	8.419542
4.031454	4.531786	3.194222
4.842312	4.930188	7.971455
4.580738	5.899757	3.599674
3.901935	4.398208	3.289644
4.301505	4.790945	3.105391
4.040386	6.987165	6.052697
4.681936	5.577466	8.426197
2.665628	3.246190	5.252213
4.459125	6.713890	8.082839
3.315282	4.142840	3.158972
4.051504	5.023618	9.056097
3.964714	5.719673	3.291778
4.227873	6.551177	6.611549
5.162054	6.865773	5.717254
3.516021	3.356721	6.225111
4.363321	6.509547	8.774520
4.199749	6.178700	3.867733
3.047066	3.696236	7.381791
3.938465	5.269602	3.232733
3.174191	3.759724	6.258916
3.819076	4.133098	8.321442
4.002237	4.884165	3.722149
2.959739	4.124389	5.629461
3.505309	3.571663	4.463806
4.362559	3.986723	3.324942
4.807004	5.165244	4.498039
4.848806	6.313503	6.342249
3.743814	6.190372	3.727242
3.143716	3.170171	6.865605
3.305440	5.626808	4.342933
2.897933	4.518701	8.863410
4.285442	3.647924	7.329420
2.501086	3.212455	5.326527
4.702547	4.952932	6.925101
5.107472	5.328406	5.237049
3.658868	4.570980	8.911436
3.275112	6.364391	6.484983
4.825365	6.620916	3.894285
4.890381	6.250681	3.295649
3.560641	3.459648	6.888013
4.154981	5.197182	9.389732
3.431727	3.645460	3.617482
3.834064	3.431763	5.602562
4.208003	6.004821	9.074839
2.841792	5.464793	6.726677
3.906303	5.167542	2.580570
3.621558	5.352192	3.026117
4.638036	5.692994	4.117729
3.746115	4.776275	3.362761
3.627205	5.339654	3.333875
4.360488	5.127976	2.947405
5.161036	5.375738	4.752476
2.811131	4.201285	5.051793
4.717582	5.892448	3.899592
5.106748	5.459774	6.407800
4.449510	4.714817	3.621100
3.891569	5.559630	8.865107
3.481907	5.142523	4.938177
2.997759	4.627221	4.072215
4.118027	4.658706	8.667988
3.096761	4.615800	3.891709
4.060958	6.119111	3.209421
2.712587	3.753366	6.711752
3.881974	4.907250	3.251388
3.974786	5.635537	3.034569
3.466707	6.361894	8.025284
4.578813	6.377570	4.721540
3.107229	5.218286	4.064572
3.003602	3.876972	7.439165
3.712330	4.849215	8.779979
5.141210	4.549467	7.095034
5.139711	6.003427	7.753815
5.319242	6.118783	5.861884
3.902445	4.355884	8.527195
3.899308	6.060911	4.161202
4.487468	4.100961	3.339539
3.215876	4.677676	8.410247
4.116777	5.266803	8.996165
4.427903	5.601244	6.943877
4.883787	7.083350	6.915469
4.946266	6.693216	8.369248
4.270675	5.497071	3.342129
3.170209	5.555002	4.617518
3.364331	5.853406	7.752263
4.938234	6.759687	7.222495
4.557473	6.947617	6.167729
4.182017	3.984737	9.006825
4.928283	5.720073	7.497182
4.023749	4.323833	6.188526
2.385952	4.380801	6.049304
3.581657	5.554918	4.039301
5.050727	5.218405	3.435892
4.848833	6.145920	5.530362
4.003933	5.129802	2.806671
3.702129	6.432181	8.642817
3.573356	5.221660	8.440095
4.519819	5.402474	8.939704
3.727989	4.829023	3.102888
5.129751	6.548678	6.859425
4.100258	4.903186	3.000853
3.748466	3.153654	7.161170
2.627466	3.118140	6.030735
2.980062	4.459554	8.124301
4.270819	4.680732	9.332985
5.406087	5.348267	6.883795
4.085018	4.578606	2.965438
3.129652	4.340093	4.434237
3.767148	4.421091	3.423514
4.967435	5.388864	8.816074
4.661035	5.703599	3.496448
4.359138	6.749432	5.206789
4.180036	5.779791	3.416806
2.938139	4.496044	7.517720
5.075394	6.524631	5.741319
3.262604	4.466376	3.410251
3.986423	4.786922	4.585313
4.409174	5.765816	3.879466
4.398077	4.632890	8.827385
4.966570	6.451230	4.532726
3.242682	5.612653	8.072520
3.521303	3.648356	7.861297
3.734656	5.107285	9.113256
3.058275	4.799443	4.142676
3.456642	4.153382	8.692665
4.698348	6.069757	4.272156
4.002763	3.368095	4.485114
2.858284	4.740838	4.987176
4.379192	6.335582	7.768050
4.274564	5.454213	3.469616
4.588094	3.504348	6.156289
3.517728	4.058596	8.834971
4.295432	4.843370	2.875839
3.017121	4.477533	7.851987
2.945411	3.572495	7.866843
3.553351	4.827546	8.521949
4.650783	6.540165	6.152337
4.488897	4.623330	2.737143
2.973458	3.577102	7.326492
3.863971	4.822278	8.905445
3.849517	4.970432	3.573496
3.267205	3.168723	3.729456
3.387132	5.072207	3.475802
2.702556	5.177982	5.024100
4.885841	5.753588	3.331796
3.657910	5.992930	3.910313
2.549955	4.389303	7.214556
2.826546	3.765481	7.300019
3.888041	5.671133	3.569151
4.596699	4.272571	4.760441
4.816044	5.049959	6.923724
4.327972	4.928474	8.073589
3.796967	3.698214	3.712372
3.493553	4.974771	9.482077
3.949087	5.070427	3.021835
2.878235	4.913382	5.058661
4.460520	4.898054	6.259601
4.482187	5.756444	8.506124
3.203009	4.445707	4.530748
3.951786	4.676975	4.068257
3.535634	4.393513	4.481747
4.103743	4.847815	8.767683
3.926526	3.576200	7.184534
3.365555	2.805857	5.661709
3.930749	3.710170	5.587845
3.994381	5.652726	4.632036
2.792633	3.757196	6.372704
3.857124	5.456427	8.742681
3.857030	4.837240	8.671402
5.286691	6.119867	4.513281
4.382753	6.310017	4.435891
3.139264	5.545733	5.107257
5.056418	6.678095	7.778054
3.742052	5.287659	9.200982
3.951907	3.853115	4.222165
5.343406	5.861837	6.458759
3.908946	5.309799	9.357172
2.933682	4.375580	7.766486
3.374150	6.039079	7.917212
3.676940	5.853211	7.324691
3.970166	4.184297	3.318422
4.052486	4.343814	8.399410
3.458543	4.506918	3.537413
2.752852	4.071123	5.578466
5.446211	5.463841	3.136988
5.630423	6.334609	6.048087
3.610382	3.376132	5.642135
5.099984	6.614971	6.830362
3.179943	6.050859	5.630865
3.702478	5.515934	5.515155
4.819660	6.021329	3.503648
3.600826	5.132519	9.102895
3.090476	4.080601	6.590416
4.451741	6.220147	4.283533
2.926687	5.633256	7.104987
4.228503	3.797328	3.782291
3.219502	5.369336	5.387717
3.596006	3.748122	7.278131
2.915277	5.331321	3.399520
4.551477	5.129713	8.703805
3.592899	5.307374	8.596689
4.023047	5.779915	3.117715
4.325131	4.537981	9.056477
3.247838	5.538199	8.721569
5.018609	4.651055	4.746439
4.521463	4.293687	3.267105
4.133850	6.322806	7.824695
4.283938	4.727352	3.109253
4.042380	4.352231	8.346749
4.481472	6.146221	3.862970
5.426002	6.796052	6.885621
3.802786	5.195114	3.055578
4.409412	5.359209	8.638859
4.107146	4.320968	8.313883
4.904490	4.603794	3.596392
4.439653	6.285745	3.931235
2.738935	3.508706	7.378859
4.156032	3.913821	3.545006
3.566635	4.731959	7.910894
4.175171	3.963911	5.567711
3.457015	3.265276	4.222674
4.402843	6.637156	5.501763
4.260525	5.215616	2.840989
3.769817	4.750356	8.796083
3.616369	3.741166	8.233413
4.085200	4.597045	9.318149
4.275635	4.963963	9.237412
3.628514	4.808159	2.957821
4.094536	4.500086	3.470764
3.810356	5.122812	9.177711
4.008160	5.221207	8.691212
3.197711	3.954476	4.422466
2.946165	4.482061	6.046194
4.136150	4.181413	8.865460
4.053229	5.622418	2.919447
5.173987	5.461839	4.925793
4.078088	4.734910	8.521171
2.726228	5.110264	5.487860
3.497122	5.983083	4.141295
3.816421	3.380257	8.384090
3.367193	5.031446	7.986109
3.793911	4.634858	2.910592
3.831546	3.963169	2.953587
3.460094	3.576144	7.699124
3.851720	6.050628	3.527844
4.457868	4.178106	8.027917
3.034129	3.714071	3.928882
4.249464	5.669830	8.573350
4.586788	7.062723	4.106900
4.698454	4.559357	7.969589
3.905346	4.801732	3.206419
3.402639	3.149948	7.220668
3.015047	3.398306	4.684344
4.006895	6.158993	8.017567
4.640280	6.034331	8.109595
3.897943	4.855863	8.630296
4.971161	5.396486	5.544719
3.589280	3.869047	4.067943
4.701203	5.947486	8.988628
4.448549	5.037274	2.809229
3.867396	3.758939	5.704674
3.919468	5.139836	4.209928
5.146855	5.186690	5.498002
3.876392	5.065338	8.790872
3.723459	4.647736	3.044626
3.335149	5.826547	7.162221
2.346431	4.248873	6.455039
5.399536	5.762995	3.982913
3.606976	5.495637	7.124189
4.643687	6.573958	5.898273
3.619605	6.206171	7.013747
4.288747	6.491777	6.182174
5.120200	5.967933	7.874166
3.189426	5.874254	7.895032
4.117681	3.464894	3.661390
3.285662	4.513679	2.808421
4.173248	4.795231	8.582871
4.711794	6.352048	4.780454
3.370111	5.586611	6.704902
3.447587	3.758756	7.894082
4.506988	5.102629	9.263802
4.179878	5.227844	2.717540
5.134681	6.327030	5.584148
3.031153	5.330549	6.971435
4.694637	4.972119	6.711082
3.547734	5.272553	8.901467
3.631528	6.601170	6.809834
2.859609	4.749490	6.240911
5.177571	5.674577	8.224801
3.867482	5.133726	8.649087
4.023071	5.574559	3.938237
3.939687	5.377191	8.714627
3.842364	4.808259	8.785816
3.190477	4.134195	7.741631
2.981371	3.641319	6.432002
3.111188	4.448671	8.237362
4.486236	6.634165	3.010542
4.190801	4.417831	8.668845
3.813167	5.814325	8.443652
3.404662	5.327958	2.618521
4.897184	6.186149	8.672522
3.910671	5.005975	8.883974
3.433202	6.380512	6.156332
5.353448	4.831226	7.504184
4.283533	3.795699	7.954163
3.404034	5.346224	3.318036
4.931048	5.672633	4.519217
4.420534	5.810159	3.619120
2.924173	4.459229	3.689140
5.061451	4.336731	8.397590
5.206501	6.500407	5.052239
3.437653	4.641451	8.509528
4.823123	4.095741	6.633007
4.201687	6.356755	4.879075
4.301052	5.068723	2.910534
4.602837	4.164927	6.102594
5.221904	4.757634	4.319990
4.677305	3.326176	7.978285
2.939862	2.986374	7.772711
4.137659	4.282883	8.900008
3.661366	4.118674	8.541499
4.317017	6.000284	3.308332
4.122904	5.574755	3.162983
3.320294	3.951751	3.539422
4.668171	4.156405	4.107640
4.153334	4.616790	2.933552
2.999260	4.534522	4.899071
4.743179	5.172008	8.405699
4.475557	6.044499	8.294257
4.675316	4.344663	3.697072
3.354051	4.311249	7.929989
3.859486	4.642922	3.222659
3.637571	5.018978	3.449028
2.668150	4.552670	8.040836
3.819622	4.952131	8.777592
3.964306	5.882934	3.810472
4.191037	6.151044	7.588212
3.808057	5.216054	8.705171
2.928205	4.172735	3.730111
4.027189	4.713345	8.112579
4.992749	5.778890	3.750183
4.114709	6.132664	3.143584
4.188382	3.153904	7.921973
3.972845	5.663416	3.545945
3.043151	4.300569	3.832521
3.704786	4.958996	9.405521
3.980195	4.477022	5.767653
3.478918	4.968751	3.000474
3.886538	5.831802	8.772063
2.720159	4.898274	6.815809
4.629930	5.185370	8.717354
3.605150	5.018051	2.459535
3.243048	5.321491	3.599644
3.268111	4.115759	4.013696
2.741083	3.597148	4.787894
3.090755	3.373330	5.262605
2.927736	4.279658	7.810846
3.673466	5.189688	9.044497
3.580338	5.010555	8.336520
3.671726	4.763113	3.402003
4.199508	4.683589	3.015675
3.740000	4.971246	8.562609
3.920585	5.080332	3.173619
3.206897	3.359402	4.497858
3.929938	4.953144	3.286566
3.852410	5.193462	7.714535
3.000867	5.567664	6.870050
5.594802	6.122906	6.958905
4.077925	4.844647	7.859348
3.827048	4.381885	8.755018
4.815365	5.152938	8.704592
2.983740	3.877395	3.566801
5.238841	5.092099	6.207099
4.219375	4.761754	9.171947
4.912244	5.458266	7.964117
3.237383	4.978602	8.700099
3.125973	4.854929	3.269826
4.339717	4.152520	3.036614
3.740913	5.999934	9.028123
5.432034	5.858556	7.424638
4.860216	5.707842	5.674687
4.010040	5.436988	9.200068
3.651687	4.432621	3.602351
4.527760	5.783288	8.114400
4.381422	4.972481	2.847270
4.590551	6.712259	6.886600
3.949311	4.768509	3.293934
2.220017	4.872440	5.514997
4.325969	5.769703	2.724632
5.547611	6.488624	5.307470
3.875938	5.381890	2.820346
4.465204	5.221843	2.989242
3.397727	3.631805	4.003850
3.369870	4.379407	8.532615
5.309857	5.524070	7.859409
5.104003	5.863749	3.681529
3.927768	4.102651	7.306590
4.486696	5.678003	9.122660
4.656548	4.640181	7.723608
3.807867	5.818500	8.537683
3.399855	2.647856	5.920274
4.401127	5.113364	8.575549
4.618517	5.060161	8.835154
3.716237	3.513822	4.772273
5.720004	6.591018	6.292337
4.999546	5.766655	3.607979
3.564133	4.753585	9.768809
4.196191	6.172058	3.447066
3.766530	5.422334	7.791129
4.440244	6.954507	5.551067
4.417129	5.416860	2.939221
4.516764	5.596712	8.147750
2.691417	5.609725	5.570330
3.155776	5.086142	3.885566
4.728680	6.986804	6.965375
5.008071	5.368793	7.406398
2.864563	3.070943	6.655099
4.500960	6.053869	8.626604
3.871274	5.608249	3.249819
5.192775	7.154442	5.333517
4.281271	6.273273	8.983198
4.779535	6.065256	2.949937
5.834477	5.997342	5.350120
3.722842	3.662346	8.040117
4.273774	4.889537	2.734269
5.216669	6.126885	7.526188
4.099479	5.730693	3.011797
3.421948	5.668064	8.115188
4.762795	4.540851	8.576213
5.456990	4.818529	4.767092
4.192472	6.356410	4.546355
2.233143	4.168228	4.772910
3.113344	4.916794	7.504107
3.709864	5.057212	2.679184
4.140452	5.549073	2.633509
4.784255	6.359353	6.494636
4.598129	3.826419	4.891885
4.229610	4.724814	9.170715
4.924339	5.141117	3.570592
4.315365	3.545649	5.540260
3.100825	2.828639	6.199870
5.260429	4.727288	5.699991
3.101289	4.112008	3.876311
3.746602	5.142758	9.078213
2.977146	4.922428	3.150495
2.888575	5.317610	8.447838
4.740219	4.266371	7.461793
2.856365	5.347267	2.888763
3.581219	4.941839	2.814941
4.310559	2.952571	6.996237
3.692780	5.497252	9.054759
