3.008289	4.408495	3.019681
4.098772	5.668672	7.924818
3.843283	3.749529	3.713919
3.783104	4.320044	8.254692
5.692210	6.562393	6.868270
3.055004	4.785812	3.370260
3.729766	4.035846	8.426061
4.671153	6.550685	6.132978
5.431609	5.752342	7.042386
3.925020	3.546187	6.687399
3.726488	3.788753	8.250433
4.966833	6.268908	6.675569
3.781358	4.668284	8.385209
3.957003	5.288288	3.256051
4.330873	4.785853	2.309049
3.407842	5.647405	5.545568
5.115857	6.498345	6.751876
3.319442	5.188834	9.152503
4.449697	5.265256	6.727256
3.767055	5.458784	2.773471
3.878311	5.435005	8.807752
5.260368	6.637357	6.052993
3.215935	4.324884	3.374228
3.632360	2.424441	6.176665
3.841928	4.702470	8.568819
3.048873	5.005067	4.319670
2.936394	5.510341	4.528729
4.475118	6.337561	6.664858
3.773695	3.985344	7.312228
4.083679	4.691178	3.232427
3.407768	6.676468	4.968435
3.974451	4.675154	9.133978
4.128720	5.179014	2.900958
3.334561	4.332935	3.935749
4.624310	4.144925	7.545751
5.091652	4.370507	6.722123
4.287752	5.079245	9.222317
5.196461	4.327023	6.294093
5.719996	4.983043	7.493718
3.808160	4.088225	8.035402
4.467363	5.282596	2.874152
4.546513	5.830561	6.876761
4.916573	4.432256	5.596991
4.741403	6.769116	5.990396
3.310927	4.821239	3.705561
3.827818	2.611613	6.628816
3.918647	4.186570	9.002522
4.495231	4.581222	7.547801
3.377700	4.969247	8.890018
3.779467	6.354679	8.232753
3.298655	4.367703	3.214728
2.524605	4.508919	5.424014
4.043418	6.325097	7.693875
4.176206	4.671799	9.373785
4.502593	6.998142	5.680584
3.174536	6.220725	7.526505
4.360396	5.233858	4.113213
3.927223	3.790195	3.546153
4.460848	5.247797	2.460074
4.266772	5.876100	7.829340
4.113042	5.005581	8.348425
4.405621	7.116152	5.305384
5.203160	4.580490	3.911613
3.691689	4.702597	8.817682
4.552570	6.933424	6.098536
3.458600	5.740387	3.778265
3.187624	3.875915	3.418874
3.828635	4.946692	7.147542
4.459703	4.921289	8.558001
4.923550	6.036871	8.018931
4.769059	6.574392	5.555899
3.957585	3.639856	4.542443
3.754353	5.224775	2.676612
4.367541	4.157765	4.877110
3.612822	4.770248	3.170199
3.653181	4.727423	2.998918
5.649202	6.474410	5.469313
4.424861	6.500460	5.488678
2.964592	4.170292	6.839104
5.375008	5.521933	7.770939
3.859264	5.787852	3.800930
3.700640	3.702718	6.979410
4.223467	4.227646	8.801389
4.090385	4.746348	2.851101
5.509292	5.179391	5.512972
4.543967	4.639147	8.465404
3.355287	5.270298	9.014250
3.422754	5.320093	6.735158
4.220414	5.980015	8.579357
5.391914	4.787937	5.306522
4.887258	4.639600	8.891708
4.246390	6.120557	2.582368
2.363310	4.088258	6.504847
4.220519	6.361864	3.278348
3.471720	6.397590	6.474139
4.221756	5.290428	2.610635
4.256451	6.421123	7.938163
3.949429	5.312240	2.687202
4.110780	5.363048	2.985387
4.038414	3.124480	5.718455
3.904868	3.193148	4.487737
3.567245	3.854745	6.372762
4.745833	6.634796	4.323629
3.919787	4.944257	3.508080
3.783251	5.225426	3.127472
4.691431	5.970906	3.989055
4.703777	5.974827	3.254477
4.137091	6.203995	8.985729
4.532774	5.423059	8.659660
4.320363	4.187908	7.929050
4.159531	6.663402	5.531383
2.812256	4.403973	7.839988
3.405949	3.841912	5.938206
5.039918	6.099384	4.146768
4.296641	6.353133	7.138394
4.207367	6.172567	3.373773
4.848276	6.243587	4.820316
4.385910	4.883198	3.282691
3.909870	4.702209	3.248876
3.654279	5.273520	3.696563
3.683932	4.666128	2.743722
5.052391	5.006950	6.843566
3.229020	4.440852	5.360259
3.974187	6.302136	3.522397
4.030300	5.789197	9.759807
5.089039	6.665639	6.754600
4.644152	6.618739	4.257816
3.813114	4.647202	3.456425
5.021079	5.196417	4.160187
3.061035	5.762895	3.328285
5.052680	4.893750	5.404900
5.263136	4.991639	2.895957
3.247985	6.340885	6.595581
4.370369	4.511113	3.500795
3.446452	6.281140	8.095855
4.038569	5.396233	3.222897
3.749741	5.442578	3.457895
4.394733	5.181207	2.955619
3.391825	5.610971	7.078745
3.660197	5.312513	9.458733
3.832039	3.614642	6.462051
4.435628	5.603123	8.673945
4.121092	5.565407	3.457754
4.503796	5.871766	3.552173
3.668809	3.310173	6.589032
3.975535	4.338901	8.200642
3.551332	4.901724	8.452252
2.137738	4.073822	6.832635
3.900366	5.351985	9.092924
3.863291	4.646866	8.891093
2.954742	4.350396	6.597645
3.695788	4.750093	3.449965
4.136813	6.061224	3.351174
3.821181	3.908323	4.824640
5.172566	6.589690	5.236824
5.017025	6.265701	7.109295
3.530506	4.929134	2.487883
4.374779	3.141710	7.858205
4.831737	6.514469	4.183669
5.206906	4.780625	3.800861
2.495249	4.186815	3.440163
2.716105	4.007673	6.539209
2.618974	3.657102	5.510082
3.694277	6.454989	4.083427
3.784443	4.125307	8.169609
2.972644	4.331978	5.258433
3.559841	6.053277	7.313567
4.091341	4.943781	8.997031
5.856777	6.844847	6.097184
4.273893	5.625971	8.549520
4.156909	4.974695	2.955229
4.858351	5.853458	8.094984
4.167840	4.570298	8.820540
4.312242	5.077578	8.849177
4.091071	6.038098	8.124827
5.230429	5.434335	7.882540
3.330081	4.612522	9.165309
3.004636	4.028268	5.951205
3.669353	5.229647	2.597319
3.070477	5.365359	5.713236
3.186151	5.534985	2.590583
2.780296	5.648024	5.400450
2.669648	3.695378	6.447630
4.168351	4.770546	9.394629
3.607096	4.427236	9.382822
4.449999	6.193026	8.090021
5.245323	5.438926	5.588189
3.069686	3.434498	4.900244
5.162369	6.919046	4.773071
4.691233	5.465886	4.228112
2.794768	4.873370	4.108503
5.158185	4.598752	3.217322
3.164144	5.327774	3.334721
4.083568	4.610226	9.468538
2.806362	2.755652	5.724753
3.678264	2.614091	6.404292
4.199715	5.498279	3.279229
2.786504	4.114155	7.192087
3.205053	5.564876	6.270758
3.572067	4.778881	8.556407
3.400949	4.977167	8.605437
3.365299	5.225204	9.243292
5.448281	6.478735	8.246749
4.070955	6.091980	4.192792
4.570517	6.168794	4.447594
3.670532	4.323457	3.328628
3.900047	5.170657	3.404992
2.644241	3.682796	5.959899
2.481732	2.989781	5.377805
2.900817	4.373597	5.315220
4.716291	4.978648	9.464976
3.945086	4.494781	3.590059
4.227603	6.831219	4.811596
2.963749	5.699132	2.634572
4.663810	6.201562	7.976512
2.639087	4.035581	6.418560
4.282390	4.850006	3.095990
4.352367	5.475001	3.263953
4.051347	4.507841	8.040117
4.973549	4.863809	9.492777
4.389657	3.487089	6.591591
3.169164	3.401905	8.573633
3.473231	3.488183	8.229822
3.217562	4.282233	3.577864
5.137481	3.932448	5.216438
4.376683	3.585071	4.185407
5.226023	6.123588	4.749412
4.242157	7.107289	4.926526
4.434883	5.726193	3.823318
5.171335	4.684656	7.812482
4.073428	5.363643	8.870036
3.319656	5.394082	3.720766
3.029487	3.231866	7.855426
3.350018	5.141185	5.159329
3.077199	3.106688	5.091863
3.567304	6.293160	4.935392
3.560275	5.071778	3.035683
3.014824	4.495966	4.663832
3.050759	2.939448	6.209483
3.630917	3.594599	4.842814
3.141701	5.687359	4.871802
3.740988	3.816918	7.366930
4.814284	6.470139	7.667465
3.537392	4.262888	8.209454
3.000132	5.554331	7.252649
3.963420	6.045072	7.907439
5.745734	5.392612	6.427633
4.148128	5.699082	9.065215
3.370360	4.424958	9.096734
4.081305	4.784086	4.475170
3.432766	6.449596	6.003034
3.863754	4.108276	8.473714
4.473481	6.184840	6.565354
3.824074	5.765349	2.919085
2.694404	3.950961	8.444387
4.296240	4.184978	2.915500
3.192645	3.357117	7.018189
3.494231	4.721026	4.502680
3.307990	5.342838	3.800521
2.901617	4.161287	9.070670
3.521498	6.506885	4.025482
3.313227	3.824534	7.878256
3.674087	4.278580	3.084604
2.715637	3.965314	7.122637
3.044863	4.530639	3.835110
4.496811	6.370256	3.137953
4.248669	5.928370	6.248361
4.138114	6.638862	6.657826
4.863625	4.776760	5.255971
5.130414	5.512596	5.909987
4.803578	6.127273	3.958349
4.799851	5.604018	2.760004
4.723010	5.388737	3.545640
4.057360	5.583566	4.441730
2.265259	4.412442	5.786450
4.870895	4.454800	6.894834
3.975740	6.751980	4.549342
4.665894	4.576441	2.764392
4.757729	5.149292	9.065992
4.348693	5.750662	3.106879
4.882454	5.089888	3.744084
2.992800	5.102061	6.836439
4.873377	5.596388	8.020322
3.574446	4.950522	8.097350
3.624619	5.525432	9.073355
3.976858	4.456814	3.291957
4.761153	5.507705	7.497034
5.014565	5.501609	8.090727
4.736952	4.154280	7.606798
3.738835	4.587433	3.756769
4.192431	5.512672	9.298385
3.859967	4.451372	2.948346
4.207665	4.640622	9.351812
4.085401	6.022487	3.011311
4.357940	4.693403	3.427705
3.374440	4.842533	2.947072
5.204801	5.805388	6.792695
4.948401	4.913359	8.353350
3.531131	5.696171	3.474394
3.369762	4.736394	8.875732
3.738805	5.562357	8.833797
4.053866	5.647199	3.705091
5.688185	5.535550	5.622818
4.661889	5.766752	8.955010
4.436809	6.014654	3.462338
4.942697	6.331302	8.773677
3.698614	4.008757	3.348909
3.825935	5.134853	8.985653
3.925599	6.567964	7.072837
3.121837	4.338188	7.815220
4.013724	4.886589	2.393123
3.871102	4.451244	9.183966
3.766262	5.694387	7.634866
5.088811	5.618354	3.149515
4.266534	5.577399	9.265563
3.781735	4.735840	2.288406
3.246766	3.417264	7.227445
4.475502	5.468994	8.415178
4.726003	7.237005	4.825810
4.190455	5.499452	2.891767
3.129914	3.657191	4.908922
3.993808	4.468776	3.032274
3.985043	5.124243	2.618362
3.364835	5.323304	2.700246
3.400234	4.112909	7.472099
2.818941	3.623349	5.490974
3.318847	4.075407	8.780373
1.862266	4.499432	4.294996
4.003420	4.447899	8.567225
4.568986	4.545546	7.906255
3.713510	5.257394	7.575445
4.341991	4.293278	3.940698
3.402958	5.069132	9.003560
4.189759	4.298232	3.583163
3.853695	6.127997	8.646186
3.242545	5.522791	7.423376
4.035589	5.360191	8.279671
4.283962	5.609177	3.005369
4.545554	6.679284	7.248225
3.555941	3.904713	8.729181
3.755709	4.637837	2.392978
4.880415	4.377461	6.449701
3.719245	4.870175	3.460564
3.867786	5.039319	8.771090
4.190176	4.218191	2.797486
3.855985	5.168150	4.771565
3.458540	3.783219	4.220007
2.889967	3.631890	5.372111
6.022463	6.402846	5.669804
4.490767	5.073450	9.155529
3.935499	3.063787	6.435929
4.147812	6.356349	6.156527
4.967082	6.383400	6.037851
2.836791	3.838670	5.240345
3.721994	5.120899	8.518470
4.474370	3.715027	7.947914
3.429785	4.705815	3.410682
4.425955	5.740987	8.083883
4.460731	5.721232	3.636299
4.022684	4.972582	3.754590
4.712317	6.132826	4.504835
3.235075	5.036287	7.162447
4.310989	3.732224	6.108473
4.466558	6.092912	8.331751
3.717305	4.111539	8.406695
4.127660	4.285443	8.758480
4.766905	4.910770	4.991706
2.339186	3.576345	7.091344
3.580734	4.612289	8.086936
3.305676	3.556135	7.302972
3.327112	4.506137	3.284806
2.922676	5.014706	8.113510
3.535179	3.685311	4.648787
4.149415	5.987214	3.761320
4.931125	6.662261	6.637215
3.196848	4.231154	6.347966
4.624550	4.392469	7.659305
3.146133	3.862631	9.150031
3.741667	5.091427	3.232224
2.393519	4.647337	6.391695
3.697443	4.290318	8.489964
4.497407	4.890086	9.029813
3.060494	4.346040	7.680889
4.729269	4.548446	8.740311
3.666225	4.776282	2.721268
2.965324	3.600152	4.019144
4.108815	5.428085	2.441326
2.811777	4.633041	6.213436
4.632692	6.710297	8.578931
3.415550	3.801947	3.826856
5.485735	5.281639	6.792968
5.443377	6.476547	5.800693
3.434989	4.490651	3.227654
4.587119	3.982556	3.578654
4.476498	5.206567	3.568678
5.135696	4.534738	6.158184
4.783996	5.320270	3.128307
4.038887	6.322642	7.557184
4.435186	4.246191	3.783234
2.195806	5.187953	5.260925
5.359827	4.731563	8.167534
4.275008	4.890304	8.659004
2.651667	4.051745	3.282783
4.142057	5.182488	9.048991
5.142886	6.631554	7.202009
4.031590	6.084335	7.125181
4.142094	4.927738	3.550536
4.362511	5.253148	3.826095
2.813633	4.395219	8.094890
3.008427	3.280194	5.611094
5.057385	6.695537	4.739917
3.590665	6.305354	4.659855
3.950803	5.247540	9.318314
3.951364	5.752186	8.468225
4.281349	5.301085	3.161014
3.607242	4.735493	3.387107
2.800294	3.214956	6.579961
4.086957	6.443507	3.767453
3.426057	5.461631	6.449469
2.737792	3.202178	4.240188
5.323073	5.203147	8.347250
5.358309	5.206923	7.243045
3.575320	3.372211	5.435638
3.597678	3.189044	8.230485
3.389256	3.857189	3.859068
5.185178	6.540679	5.248861
2.295989	4.012864	5.313792
3.488714	4.763877	3.180466
3.725893	6.281290	6.191648
3.494827	5.718345	6.828353
4.040107	5.204300	2.647154
3.758789	6.446570	5.867560
4.072093	4.772447	3.400601
3.318148	3.968691	3.927495
3.957814	4.750815	2.763387
2.707665	5.079042	4.486466
4.087249	4.129445	4.134161
5.409166	6.030687	6.536653
3.847424	6.105023	4.227409
3.881514	5.727594	8.462955
3.933213	6.083251	8.583693
4.163047	6.084573	4.561614
3.940894	4.180088	9.101397
3.471009	4.837217	8.475117
5.570611	6.756652	4.556007
1.889800	3.494359	6.455858
4.944967	4.099041	5.516923
4.441024	5.111601	9.343903
3.981663	5.263314	9.345967
3.974221	4.861570	8.557918
3.883520	5.766540	2.622896
3.533111	3.644585	3.481953
4.162136	3.821970	5.439424
3.997465	6.485129	9.102926
3.766764	4.795211	8.915928
4.519677	3.354715	3.523997
3.358282	5.100548	8.170953
3.799177	5.644658	3.124107
4.687063	3.544451	6.277209
2.464654	4.148388	3.523798
3.017660	4.251053	8.197656
3.463777	4.797632	3.136344
5.396110	5.404504	8.511868
5.189772	4.076463	6.139471
4.450373	6.649220	7.715320
2.753241	4.025806	8.460911
3.716164	5.175855	9.532372
4.224227	4.338320	3.414938
4.036154	4.530830	9.156734
4.506119	3.826382	4.337368
2.824122	3.179360	6.914677
3.663336	4.832076	8.972836
4.344535	4.739540	2.302689
4.394772	5.414488	3.194597
3.692534	3.321956	7.817055
3.285063	4.102363	3.754430
4.164605	4.889815	9.204741
4.314264	5.460253	8.759945
5.258167	5.571456	7.004650
4.889400	5.219046	7.872560
5.180971	5.341913	3.936795
3.618037	5.186365	3.432098
3.434963	3.452772	6.854382
4.838656	4.323192	4.642846
3.392426	5.341567	4.083304
5.096409	6.657180	8.128004
3.971659	4.252967	8.825108
3.482764	5.402583	8.613208
4.690713	5.320007	3.487359
4.359101	6.517934	8.234409
4.811174	5.588205	3.259144
3.471604	5.712676	8.354465
4.652929	6.287094	8.259192
5.129434	5.450472	8.096775
3.513367	3.407753	4.013347
4.784877	6.494357	6.440646
4.580567	6.033849	8.814384
4.159857	5.505357	3.297859
4.684470	4.889983	8.422004
4.474566	5.114899	3.289684
