4.795430	5.583010	8.788766
3.904252	5.739048	3.281785
3.481257	5.829509	5.140826
4.097197	5.098284	8.876373
4.192238	4.708907	8.957398
3.628235	4.510434	8.665640
4.251656	3.622463	4.016404
2.730631	3.157399	5.638982
3.850090	6.598141	4.209621
3.992788	4.950093	3.271560
4.327311	5.090509	2.510578
3.839935	5.099495	2.928933
3.334012	4.348155	8.592830
3.808187	5.470089	8.971177
4.047958	4.194488	3.181921
4.744252	5.937081	4.458245
5.123799	4.876475	3.819536
4.299646	3.784511	7.905618
3.772930	4.648812	3.025617
3.889183	5.480619	8.745817
2.863688	6.464341	6.874274
4.029572	5.549054	8.737188
4.547102	3.447666	6.905446
4.924646	6.236687	7.150496
4.088112	5.311085	3.585924
4.275829	4.327068	6.876567
3.853100	6.426731	3.795131
3.731509	5.795716	4.213385
4.489717	6.107349	3.237636
3.899722	5.180556	3.426953
2.551702	4.769558	7.086894
4.489330	4.517027	6.117005
4.143350	5.613470	8.850663
5.737854	5.170277	7.288832
4.136290	4.101857	2.982349
2.588113	3.167698	6.248559
3.737931	5.400759	3.475666
3.986743	4.390882	2.742927
4.146183	5.889319	7.063668
4.057350	4.578924	2.816196
3.129145	3.891987	3.394933
3.925481	4.487455	3.027284
5.141387	5.217392	7.248928
3.441737	5.221142	9.085535
4.690877	5.466424	8.504542
5.110937	7.269300	6.043735
4.152107	4.406677	3.044970
3.324192	5.715209	6.148166
4.304324	6.687410	5.777652
3.999230	5.602798	8.379007
3.493801	5.097034	3.086272
4.357369	5.386949	3.092193
4.803587	6.120745	8.297063
3.053924	3.762144	5.360925
3.705607	5.345886	9.292282
2.727461	3.653547	6.958138
3.912414	6.172203	8.961994
4.628477	5.816542	3.731490
3.870635	6.875665	6.015982
2.408600	5.238083	7.729944
4.938031	5.015320	3.637035
5.044268	6.556834	6.511750
4.073537	6.169081	7.728430
4.815353	5.104534	8.142585
4.232709	5.197606	2.330643
3.360007	4.802143	8.160490
3.981329	5.009131	2.983787
3.611930	3.404217	6.119107
4.421033	4.062489	4.151010
2.601770	3.095174	6.050546
3.758935	5.946097	6.405421
3.760079	4.272692	6.134621
4.683573	4.980035	3.210943
4.793273	6.875473	5.704441
5.467837	6.441303	5.621052
3.882240	5.942338	6.055909
3.296989	4.967094	3.945622
5.510121	5.476306	6.775222
3.838024	5.132157	8.848968
3.567871	4.851732	3.526116
4.518901	4.477670	8.807986
4.761910	3.926722	3.706969
5.166714	4.215029	5.286194
3.790101	4.904453	8.218071
4.259475	6.020433	3.137374
3.743787	3.727810	4.411792
3.415955	3.133206	7.408547
3.424500	4.433474	3.953653
4.799127	5.009358	5.104023
4.108359	5.722772	3.261075
3.005559	3.999178	3.745457
3.812375	5.923642	8.113383
4.192797	4.981773	3.445753
3.760835	3.971221	2.696525
4.666578	5.588108	3.703157
3.358879	6.692574	7.355399
5.800268	5.576549	4.588497
3.453019	5.500623	3.242437
2.835644	4.713779	8.272437
3.178014	4.427234	8.022309
4.995306	4.755615	3.986397
4.825688	5.312925	3.624586
3.257688	4.925905	8.913640
4.434367	4.738410	9.053344
3.404689	3.822802	4.009641
3.790112	5.205976	8.787683
4.905163	6.666910	6.216447
5.116783	6.786218	5.870089
3.971682	3.961113	7.542786
3.986767	4.602283	3.107192
4.028704	3.035323	4.513395
3.114844	4.033820	3.742993
3.953022	5.626415	3.219940
3.575492	4.751323	3.377453
5.142510	4.471393	7.725305
4.520532	4.872031	2.967395
3.923687	4.483648	3.122809
3.744017	4.544540	3.550798
4.157831	5.948401	8.947509
4.791990	4.588944	5.909146
4.441317	4.398383	8.901483
4.673280	3.981410	4.094320
5.299156	5.508070	7.760768
4.574317	4.700973	3.062455
3.781420	4.946632	3.255472
3.889922	5.348498	3.003757
3.821512	5.036811	2.445810
2.831154	4.067623	4.260095
4.353092	5.118199	8.744405
4.875687	3.064319	5.049102
2.700858	4.042821	3.258383
5.370772	6.621183	7.281949
3.286635	4.663346	8.111150
2.701020	3.654993	7.044971
4.807880	4.820942	3.071281
2.598462	5.423120	7.341666
4.056729	3.106665	6.141975
4.261023	4.889039	3.332738
3.908990	4.691823	8.483939
3.175876	3.432168	4.615325
3.613024	4.351245	2.513479
4.072176	5.289957	2.800898
3.598241	4.874826	8.836566
3.778891	3.681560	7.675779
2.800238	4.450039	5.413209
2.898135	5.579275	5.334769
4.028831	4.669907	8.371619
4.494698	4.039479	8.255219
4.532211	4.280336	8.456223
4.558246	6.284872	7.655129
3.108953	3.702237	3.743118
5.103767	6.124077	4.769692
2.590773	4.161087	5.746559
2.166353	3.896711	4.816369
4.465198	5.064021	8.324455
3.733505	5.580083	2.989480
3.699891	3.455464	7.399229
5.224391	6.354791	3.473158
3.724862	4.805423	8.678303
4.990855	4.718223	9.195882
3.762801	5.360079	8.381582
3.006768	4.821767	7.740352
3.960285	6.200694	7.480433
4.053133	5.609857	8.233419
3.582287	4.066087	8.757314
4.665784	5.308468	3.703800
4.867330	5.998749	5.667559
3.828619	4.655038	8.892154
4.139617	6.815829	6.994039
3.958710	5.126520	3.362173
2.889225	4.182482	5.306907
4.853013	5.535998	8.486363
2.216168	4.447517	4.667581
4.207088	4.233551	8.900604
5.042969	6.226022	5.501780
4.753848	4.188221	4.359481
4.379425	5.040036	9.102111
5.160394	6.449060	5.254615
3.724993	4.919548	3.125844
4.549732	5.479754	2.854049
3.565589	4.750628	3.057129
2.613079	4.844794	6.249632
3.420663	5.053935	3.276153
3.779122	3.798227	4.052033
4.963845	6.551088	6.043285
4.489845	5.232326	5.894623
4.334604	5.174928	3.047041
4.688257	5.431474	7.584779
4.023508	5.016187	9.434484
4.517266	4.363114	8.615579
3.767717	4.883735	8.919963
4.620304	6.142828	4.038726
5.267771	5.666682	4.697907
4.145029	4.573549	8.151365
4.515665	4.158291	5.492296
4.999973	6.768292	4.983526
2.668100	5.777308	5.730398
3.874225	5.207763	3.002981
3.588801	6.156874	6.459606
3.740259	3.860159	7.548576
2.836590	4.880437	8.048020
3.864932	3.079003	5.855342
2.478579	3.784316	6.684610
2.895836	3.313268	6.736470
4.445093	6.434451	4.730879
4.238976	3.280165	6.992711
4.397455	5.398828	2.451909
3.318336	4.073819	3.328145
4.621304	5.900342	9.014852
4.012034	4.363448	7.645278
4.686135	7.323448	5.271051
4.481101	5.479321	8.499605
4.521955	5.516128	9.196526
2.788402	5.481094	7.235194
3.151279	4.415658	3.754811
3.434263	5.864580	3.825571
2.977054	4.033772	6.845011
3.883222	4.434807	9.330953
3.617863	5.580587	8.953390
3.314375	5.364105	4.053511
3.868100	4.447631	8.607646
5.003117	5.777994	4.819515
2.667776	4.393082	6.780778
3.381024	4.703717	8.281921
3.536400	3.596500	3.583516
5.180482	5.141191	6.842794
3.459118	3.461988	5.777624
3.674407	4.046721	5.963626
3.202078	3.721975	6.265207
3.768365	3.641166	4.766451
4.378348	6.459888	4.133393
2.856910	5.520353	6.037897
5.147503	6.366326	8.414381
3.811044	4.214216	6.499740
4.685877	4.690827	5.104500
4.431070	6.919854	7.147740
4.774179	4.004253	7.669023
3.989604	4.946297	8.812213
4.782595	6.027846	7.116234
4.679211	6.742582	4.577202
3.996849	6.050483	9.016337
4.417361	4.978685	9.138550
3.773642	4.906368	8.758841
3.536029	6.671394	7.823217
4.995815	4.701758	5.135310
4.820491	4.602130	8.080904
3.527218	5.033299	3.112232
5.517390	6.243207	6.815520
3.296178	4.584980	3.213371
2.647469	3.495967	6.108869
5.058005	6.562323	7.812280
3.115860	4.185853	3.044467
3.939675	4.772122	8.492609
3.189242	5.174596	4.974827
4.067941	5.391382	2.844353
4.316088	5.655893	9.090949
5.600810	6.118957	4.065097
4.323760	5.451948	2.238634
4.801493	6.037398	2.750762
4.182303	3.399689	5.696017
3.440471	3.121140	4.730709
5.372549	6.441551	5.206577
4.235382	4.005329	4.716174
4.403433	4.685067	7.870350
3.095564	3.405500	4.363457
5.248329	6.433382	5.589873
4.686446	6.834281	5.081848
3.026421	2.988999	5.582365
4.176011	4.481290	4.125528
3.232444	5.411751	3.811265
3.951780	4.068567	4.366182
4.326224	4.755361	8.539944
3.109432	5.347716	8.157947
4.124646	6.489082	7.919995
3.628557	6.038354	8.244836
3.660569	3.580519	5.210292
3.397236	5.176338	2.945524
3.096335	4.669562	8.678484
4.759201	5.462830	8.777533
3.670876	4.472919	3.615075
4.759982	4.717558	3.118709
2.963003	4.925455	5.842195
4.319703	4.814123	8.928304
3.648112	4.040362	8.661748
4.780000	6.177583	3.573479
4.534331	5.701638	8.623569
5.389507	4.764058	6.296686
3.794760	4.941864	9.072372
4.449894	4.481844	3.135179
5.029147	6.820222	5.972720
3.919448	4.549519	2.798381
3.447211	4.744275	7.298300
3.972332	4.648722	8.971010
4.981418	5.762959	6.475503
4.010147	6.649677	4.322503
4.955541	5.100192	6.264510
3.643671	5.895864	5.521791
4.251635	4.706724	8.849946
4.290051	4.289247	8.999429
4.638899	4.697019	6.856193
4.048301	5.735064	8.543523
4.684195	3.524119	5.819989
4.084328	4.459751	4.249044
4.474664	6.529821	3.742841
2.748213	4.503120	6.753103
4.758309	5.436357	8.647308
3.347305	5.772455	7.788893
4.919192	5.935615	6.409815
4.251461	4.757428	8.520641
5.565186	4.913653	4.339207
2.914562	4.317503	4.500352
4.808636	5.575272	8.409619
4.034532	5.137874	2.972804
3.531332	5.556275	8.555431
4.417412	4.556863	3.664659
4.456868	5.999284	4.972078
3.747658	4.571725	8.801516
3.935916	6.470622	2.948631
4.860842	5.906484	7.650866
3.799348	5.887296	8.063075
3.508366	4.879845	9.095138
3.803524	5.527865	8.135950
2.507436	4.039266	8.703741
4.207562	5.053492	8.707459
4.215977	5.202925	3.048674
2.762067	4.999735	3.951085
3.570600	6.197292	6.859012
3.793757	5.134248	9.130740
3.290222	5.529395	8.570226
4.645763	5.124888	3.420808
3.341934	4.539299	4.080387
3.995643	4.352487	7.821410
4.981782	6.126962	7.860267
3.583646	4.248523	8.310938
3.790184	5.278475	3.004799
4.947285	5.270712	2.968887
3.632889	3.187172	4.360483
4.589332	5.818894	7.840580
4.046096	4.449878	9.328057
3.620001	5.948806	8.874203
2.828593	4.993843	4.608118
3.199278	5.217189	6.417492
4.477780	4.438167	8.616094
4.353636	4.617034	3.673286
5.433504	6.401250	5.346123
4.587534	5.695691	9.190441
2.657121	3.984334	7.992089
2.901211	5.132471	8.372717
4.763017	6.015037	4.569393
4.266752	5.403389	7.770853
4.383031	4.447307	3.302653
5.124565	5.314841	8.631197
3.438189	4.273786	3.647806
3.012487	4.698857	3.476876
2.340952	4.499741	5.886568
2.437994	3.851970	6.066617
2.092487	4.549200	6.157792
4.589717	6.341008	8.625156
4.584069	4.134105	4.737916
3.833180	4.063595	8.342878
4.842039	6.186432	3.635833
5.203642	5.685606	6.807921
3.204029	2.635008	6.698165
3.485300	4.737110	3.748349
2.904575	4.893926	7.321447
4.025484	4.707660	9.167933
3.681883	4.502064	8.952100
4.575827	4.731902	2.671666
4.480773	3.928073	3.320306
3.353471	4.651327	8.769148
4.264609	6.294260	7.186261
4.570562	5.697490	8.870628
3.144771	4.722360	6.917779
4.222131	5.790208	4.099836
4.942888	6.395326	7.343768
4.386625	3.410235	5.356759
3.719511	5.111323	4.284353
3.423817	5.832067	3.957532
2.909072	4.423336	6.746690
4.771165	7.482963	5.788667
4.188205	5.362496	9.194098
3.648087	3.266995	4.170913
4.127154	5.089778	3.268391
3.839424	3.678975	4.310035
3.515192	5.351202	8.382492
4.347383	5.419652	3.084932
4.879171	3.799856	7.305835
4.658394	5.639442	5.681347
4.475588	5.570785	8.532343
3.885915	7.119387	6.423287
3.739559	5.453271	3.246274
4.067804	3.905038	7.643366
4.767124	7.142583	5.028424
4.169886	4.833918	8.478639
4.721134	5.247345	8.257038
2.246444	3.730795	6.619781
3.196730	3.959953	8.281214
3.655412	5.487901	8.671586
3.451467	4.695570	3.478216
5.512032	6.433144	5.666454
5.445148	6.086196	5.341349
4.658588	5.119325	4.147035
4.574838	6.201250	4.096792
4.310957	6.342378	3.992689
4.692680	4.828045	2.687060
3.546500	3.654086	6.932715
3.589357	5.404873	2.431542
4.431795	4.075894	9.555879
3.250358	3.659913	8.216221
3.133479	5.254621	8.905600
3.721765	5.217920	8.833389
4.830219	5.953014	7.818670
4.775585	6.582971	4.242304
3.101237	4.628839	4.681523
3.223021	5.828418	7.763346
3.044567	4.877768	3.353626
3.344486	6.155739	7.080488
2.585466	3.476429	5.691168
3.758557	6.477228	5.054530
3.332047	4.389091	3.208405
3.956680	4.363818	4.144049
4.394913	3.691293	5.557909
4.222557	4.485198	3.235326
4.046428	6.054113	5.189224
3.540752	4.190034	3.699163
4.090469	5.725432	3.486773
5.025994	6.624600	4.657530
4.473452	5.537205	3.509586
3.392736	5.440940	8.065770
3.520611	5.113790	4.928602
3.924990	5.027180	8.852958
2.788932	4.372078	3.353982
4.060487	5.107399	3.023392
4.673845	6.857682	4.550109
3.244020	4.596183	7.942733
4.596568	4.632341	2.954157
3.191481	4.437470	7.732363
4.004429	6.497062	7.980111
4.272807	4.386730	6.265050
4.066063	6.570877	7.369590
3.428827	4.857201	3.355903
3.712947	5.966941	2.457463
4.124673	5.901934	3.854415
2.797565	5.186683	7.068083
3.920426	2.844618	5.822232
5.084013	4.869924	4.932138
3.005401	3.809182	5.170505
3.498381	5.082598	8.953933
4.606697	5.588214	9.342370
5.240352	5.229148	7.874242
3.068652	3.245302	7.257918
4.153411	5.521774	8.017300
3.837571	4.487732	2.647299
3.929406	5.155986	2.245079
4.301149	6.667102	6.766133
3.028725	3.901521	7.789132
4.750688	5.798700	3.757721
3.591656	3.955402	6.334240
3.915349	5.332361	2.781738
3.792997	6.234591	4.195397
4.074253	5.355799	3.431353
4.852402	5.633799	4.094696
2.441642	4.897620	6.251487
4.063406	4.997780	9.222838
4.246248	5.209980	3.982907
3.511731	4.556101	8.205289
4.461624	5.706122	9.164789
4.758798	4.381589	6.135656
5.322367	5.358736	3.581368
4.772934	5.612691	3.019126
4.684506	5.395311	3.144956
2.351590	3.729524	5.989751
5.132870	5.228429	3.515346
3.112812	4.412636	3.449531
3.640087	5.972858	5.732684
4.956390	4.548414	8.053204
2.781899	4.666808	8.656130
4.470607	4.720978	8.981959
4.385596	4.950696	3.229340
3.957336	4.483420	2.783255
3.559019	6.260134	7.892748
4.051098	3.825938	6.330024
3.966242	5.461243	3.742177
4.745438	5.514536	4.110396
3.693157	5.257221	3.453715
3.964162	3.892225	8.349775
4.573028	6.532121	7.018065
3.841709	4.513204	8.899732
4.061132	3.452723	8.107772
4.153214	4.647611	9.164172
3.176454	3.535757	7.875945
5.716278	5.757980	6.819337
3.092278	5.333302	8.163123
4.566124	4.895049	3.134382
5.601089	6.038781	6.695843
4.086808	5.976846	5.046894
3.932157	5.981006	5.817892
3.245339	5.496212	5.460052
4.526880	5.040266	3.577051
2.835176	5.165038	4.343356
