4.328404	7.228092	5.804677
5.255538	5.344585	7.718661
5.861692	5.719329	5.000664
2.611246	4.597343	6.713532
3.009622	3.300058	7.357866
5.065007	5.124293	6.663390
4.048700	4.988595	3.129731
4.419199	5.152823	2.818668
3.621372	3.587256	4.500886
3.932465	5.440454	3.457114
4.966870	5.488570	6.751980
5.484174	5.926209	4.968527
4.748780	5.603240	8.459424
3.610307	4.490334	3.299282
4.081702	4.708993	9.126659
4.907754	5.273385	3.819442
4.281129	5.412017	9.015513
3.782655	5.147173	3.626348
3.814171	3.918878	4.103542
4.682817	5.915807	4.115094
5.148213	5.718287	7.367907
4.156986	4.849675	2.910877
3.753528	4.849739	9.732362
4.748286	6.214409	4.202163
4.467520	6.628960	4.240812
4.161239	5.544226	2.558672
5.015876	5.536153	6.956224
4.453219	5.764603	9.011035
3.129601	5.204288	7.669133
4.133674	5.303675	9.783596
5.027498	4.649666	6.493529
4.278322	4.646106	8.584879
3.286366	3.574364	4.563028
4.181735	5.398708	8.578585
2.969217	4.148914	6.971360
3.233780	5.440419	4.639331
4.172449	4.336747	3.337094
3.869251	4.984990	8.291146
4.536900	4.688684	2.767439
4.159230	6.095471	8.410364
3.882365	4.795392	8.914995
3.416792	4.389266	8.715273
3.350818	5.594317	4.747466
2.942453	4.182486	6.379882
4.139786	6.546727	8.493031
4.553472	6.755725	8.009378
5.075415	4.914105	4.248449
4.259003	5.186084	3.648499
3.925755	6.645118	5.339916
4.092577	4.456649	2.936505
4.446300	4.825303	9.175401
3.940769	3.611829	6.604789
4.925865	6.280713	7.707571
3.740610	3.976770	3.526625
4.711641	4.988451	7.917847
3.467532	5.253252	3.107355
4.323218	5.032439	2.984982
4.400466	5.320136	8.578402
4.057945	4.252733	8.193221
3.721036	5.174506	8.706907
4.169968	4.419307	3.445425
5.483241	5.632511	2.981313
3.959160	5.176817	8.975077
4.621083	5.763733	3.320887
3.904548	5.136524	8.711249
4.299819	5.953882	4.962161
2.718785	3.571024	3.801448
3.079324	4.062575	3.962099
4.058058	5.694344	2.340084
4.956268	4.659796	4.826136
3.502387	5.208608	2.881324
3.584496	5.222249	2.989064
3.741847	2.737481	5.629370
3.715773	4.515108	8.875757
3.562035	3.662046	8.387142
4.315762	4.800694	8.946338
2.925093	4.984078	7.879391
3.663520	3.573060	7.340945
2.474051	3.773092	6.508682
2.768623	3.981097	3.578667
4.684499	5.959308	4.802034
2.548639	4.325052	5.387852
5.034323	5.622756	8.278499
4.321421	5.273771	8.860206
3.762640	5.777096	7.762536
5.030309	5.439492	4.309777
3.891579	4.597217	9.102847
3.222034	4.339046	3.356288
3.465357	6.606209	4.217486
3.557653	5.584964	8.096233
3.970892	4.192368	7.534014
3.847888	5.637583	3.911378
3.231445	5.596260	6.121826
4.410403	5.419263	4.150735
4.216842	4.415646	8.428876
4.685294	6.746210	5.615920
3.572955	3.683455	5.623619
3.335132	3.397610	6.518788
4.380256	5.142549	8.507510
4.664591	4.250927	7.727790
4.104490	4.878706	9.398946
3.473641	4.010395	3.466162
3.094723	5.254450	5.795420
3.157562	4.101544	8.875217
4.787752	6.153657	4.434782
4.491164	4.823808	8.676242
2.176870	4.992000	7.478078
3.325406	3.738250	4.246910
4.704730	6.051263	3.240583
3.275843	4.328222	3.153759
2.716831	5.123189	3.331933
4.854332	5.952198	3.375463
4.667135	7.078398	7.697411
4.016642	6.231200	5.860787
4.824211	6.610783	8.526659
3.460852	4.008964	8.677187
3.551911	4.305499	3.146981
3.944800	6.975548	7.895444
3.531051	2.817826	4.537715
3.958435	5.125891	8.769263
4.205461	4.890147	3.126832
3.770025	4.163085	8.922026
4.402815	5.268387	2.575545
3.170623	4.140033	3.877468
3.120056	5.606340	8.771964
4.238030	5.251035	9.037545
5.078615	6.035049	8.177693
3.373473	6.300621	6.345000
4.684431	5.047415	9.425594
2.975488	4.605141	3.764216
4.502717	4.736903	9.025916
3.086569	3.316197	5.733483
4.424406	5.401801	3.054555
3.487402	2.909062	5.298469
3.889680	3.747840	7.266723
3.668026	4.820408	9.356799
4.633839	7.647050	5.402997
4.229516	4.829686	3.140977
4.981653	5.260734	8.665992
3.149148	5.483992	3.432074
4.851711	5.359665	3.978007
5.053583	4.878079	8.637905
4.715574	5.937953	3.536115
2.925326	4.983121	4.448419
4.520412	4.581772	5.316298
3.854103	4.816097	2.868239
2.311657	4.177373	7.989815
4.075240	5.408454	3.437755
4.353839	5.126445	9.007861
3.377431	4.888810	7.242328
4.255140	4.546119	9.537283
4.144413	6.588366	8.168074
3.439950	3.940385	3.487631
3.613504	3.682823	8.791829
4.086374	6.127466	4.035451
3.517397	3.720990	3.353629
3.861683	4.749768	8.974671
4.159799	4.915298	7.318144
3.660651	5.199570	9.323272
3.408478	4.951557	3.656247
3.345943	5.615148	6.745775
5.176927	6.361678	4.625138
3.728121	3.727670	4.472879
3.514819	4.317247	7.362136
4.593500	5.272900	2.952994
2.433610	3.973996	7.220986
3.356074	2.491344	5.457960
4.356239	4.605444	2.969223
3.712801	4.106218	3.860312
2.715834	3.411703	6.600053
4.279443	4.977558	3.040304
4.064259	6.612473	4.374846
4.531369	5.565485	9.152382
3.007300	5.372062	8.345047
3.255391	5.440457	7.301639
3.766319	6.511901	8.147086
4.920094	4.391594	3.520369
2.717314	5.141504	7.654360
3.089040	3.809637	8.370865
3.795913	3.921663	4.916393
4.820559	5.518437	3.698706
4.790703	5.656183	3.048564
3.201421	4.206071	7.651916
4.702325	4.503638	6.725870
5.065735	6.781336	5.382720
4.914449	5.704221	7.448846
4.816585	5.031031	4.571154
4.518317	5.164823	6.551084
4.431984	4.800526	8.455708
4.022107	4.552033	3.303971
4.472039	3.783748	6.383014
4.208568	4.216506	3.413782
3.793260	5.059586	9.408762
3.789241	4.073353	3.547985
4.951709	5.728858	4.716091
4.652493	6.391954	7.164821
3.024258	4.980371	4.046441
3.025347	4.445209	8.143258
4.053706	4.076516	3.585757
5.005370	3.796978	6.805514
4.692539	4.236105	5.024297
4.871754	6.346900	7.349058
2.997734	4.649472	9.070426
2.807599	4.499742	5.007225
4.218581	4.525933	3.664022
4.710031	5.015186	3.694588
4.548736	5.336721	7.608399
4.581077	3.934343	8.673460
4.277008	5.738022	9.257025
4.912734	4.095419	8.421745
3.944099	5.072885	9.099103
4.321179	6.342621	3.873792
4.289059	4.791867	2.577001
3.156476	5.503652	3.152968
3.614614	5.382555	9.007292
3.571588	5.294173	5.248909
3.596019	5.231705	5.038247
5.013935	4.343188	8.569802
4.129007	4.938751	3.012806
4.687388	5.721211	6.386913
4.797404	5.226273	9.267452
2.437504	4.480455	8.347992
4.690316	4.947766	2.551902
3.261029	3.183087	7.291896
5.278258	5.375940	7.893861
3.309955	5.223436	4.730166
4.092884	3.457908	5.803540
2.589399	4.858946	4.900319
5.118294	6.914667	5.531927
4.270695	5.230823	8.486698
3.028646	3.693872	3.994309
3.097031	5.454220	3.184803
3.030061	5.661929	8.624645
3.832313	5.281009	3.078809
3.120936	4.324409	3.478657
3.982861	3.919166	4.102177
4.232854	4.602539	3.130743
4.555242	3.474330	4.219645
3.222809	3.706954	5.004027
2.974732	3.925211	7.860670
4.950670	4.745965	6.283853
3.180563	3.780729	3.914073
4.024771	5.678467	3.050117
4.256766	4.143538	8.028000
4.503897	4.634315	8.970340
4.365108	6.422147	3.901479
3.521509	6.598006	4.250509
5.087709	5.994014	7.878271
4.552640	4.748359	9.038530
2.993808	3.758620	6.252102
5.556383	5.605425	6.627274
4.052485	4.274172	8.169921
4.175641	4.355803	3.066938
2.712464	3.581621	4.683110
3.798370	5.050726	2.744265
4.349115	4.281892	9.094274
4.405203	5.332276	2.121140
3.879490	6.004408	3.674856
3.997813	6.308231	4.948916
4.148618	6.154564	4.252234
2.553105	2.959738	6.127859
4.158678	4.999860	8.582237
3.551618	3.791781	4.310172
4.235887	4.664386	3.222218
3.466852	5.756723	7.496382
4.812328	6.792111	7.110843
4.464789	5.272997	2.825557
4.781629	5.300327	9.456699
4.724773	6.443112	7.270400
2.869691	4.924166	6.169935
4.320008	3.418045	7.580060
3.643024	4.651546	3.051173
5.073698	7.097299	6.219373
3.776900	3.517157	3.563283
2.829076	4.997128	4.868529
3.208775	4.853573	6.643287
4.329854	6.845154	6.711272
5.126744	5.675508	4.139941
4.820323	5.146411	7.667909
4.115418	6.143654	7.969169
3.293026	4.905502	2.939963
3.223090	3.141321	6.224959
3.883544	6.357446	8.085471
5.077682	6.322964	3.611162
2.789472	4.802457	9.158608
2.837289	5.111209	7.973356
3.691145	5.684219	9.249890
3.954044	5.639323	3.801844
4.210008	5.991027	3.606302
5.782077	6.060768	6.336454
4.688436	4.667573	8.520860
3.648429	4.219033	5.018931
4.779978	6.075440	4.770152
4.485263	6.283315	9.027770
5.185118	5.444725	6.998393
3.532963	4.419788	3.435870
3.465524	5.386574	3.237196
5.148924	6.289561	3.525429
5.298942	6.844067	7.035219
4.253569	5.008215	3.134782
4.194114	4.412692	3.998190
3.212435	5.679797	4.086713
4.222456	5.243943	8.685542
5.302418	5.030953	8.697333
3.378257	4.912057	9.129496
4.177678	3.836465	5.136258
4.214399	4.730716	8.791597
3.553429	4.308355	8.541678
4.638462	5.870128	8.679232
5.668221	4.599174	7.537440
4.162655	5.146604	2.795594
3.031220	5.453537	3.100620
3.446669	3.328906	6.998380
3.115388	5.314745	8.638839
4.327362	5.408138	3.468767
4.109386	4.094392	8.460637
4.084367	3.616853	4.193708
5.362343	5.379143	5.301189
3.009415	3.257717	4.198322
2.809248	3.254408	8.153589
5.199265	4.706975	5.257784
3.884060	5.909532	3.443013
5.660594	5.658374	4.402504
3.100431	3.991335	4.331061
5.141233	6.104504	8.341225
4.815757	6.554557	4.698179
3.201681	4.038968	7.156342
4.243270	6.117174	5.776127
3.452421	5.344142	7.039235
4.778223	6.838618	6.941239
4.083452	5.407251	3.331029
3.033771	3.243125	5.302961
4.556358	4.614713	5.602348
3.093785	5.282550	3.294052
4.738030	4.662373	8.373049
2.891200	4.244237	3.596714
3.844394	5.575976	8.561379
4.351838	6.227651	4.594551
5.095005	6.335973	4.024438
3.731967	5.573447	5.562690
3.591787	4.660712	3.832519
3.289285	5.638478	8.319575
5.069064	6.094858	5.323617
2.977417	5.179800	4.851454
3.682681	3.611440	5.297270
4.330956	4.203457	3.693427
4.156581	5.206069	8.975945
3.636990	4.580722	7.903499
4.695326	5.178838	2.732294
4.256699	7.101296	5.767580
3.568956	6.825654	6.897835
2.526851	5.581380	5.897665
4.481042	4.609194	9.334694
4.368218	6.053183	3.190226
4.179758	5.908719	8.763903
4.057465	4.729928	3.066499
4.699119	6.665340	6.525196
3.971465	5.415490	3.078523
4.405217	4.666997	3.430582
2.992942	4.308629	8.808837
2.368921	4.179604	4.188784
2.492642	3.785786	5.796101
4.155160	3.310592	5.417240
3.704908	3.182740	7.035990
5.065852	5.950494	7.643524
3.981369	5.647763	8.333500
3.926626	4.734469	9.271052
4.551168	4.771528	2.313102
3.094906	5.410084	8.907914
5.021527	6.246310	4.912936
2.731584	3.274117	4.219675
2.683675	4.432947	3.481495
5.057247	5.938230	6.829400
4.100014	5.480126	8.164594
4.631211	6.350229	4.144815
2.930539	4.549637	8.137023
3.711273	5.481480	6.770537
2.621274	3.452923	7.069899
3.684375	4.931934	2.642371
4.064641	3.869836	3.624923
4.346764	5.601945	9.149301
6.182573	6.392567	5.132234
4.545199	5.200617	2.986909
4.713993	6.774109	6.915019
3.511086	4.693098	7.438145
3.077926	4.064964	4.420372
3.617178	4.806182	8.948378
5.088778	3.818172	7.340441
5.398615	5.942133	7.148581
4.829443	6.263377	6.850921
2.736122	3.097981	6.045114
4.541820	6.959529	5.335961
4.106421	5.660037	8.837093
3.799632	5.267515	9.404323
3.352424	4.770310	6.939788
2.749611	4.351280	5.974256
4.098765	4.230786	3.474439
3.505964	4.204601	8.175672
2.628547	3.614479	3.946170
2.441588	5.053061	8.542838
3.231723	4.734446	3.622558
3.653507	4.733191	9.033110
4.160871	4.519104	7.580687
4.274757	3.211517	5.037662
3.677890	4.125517	8.603750
4.910010	6.934939	5.102268
3.662887	4.788586	8.354520
4.347082	4.943118	3.242116
5.391190	4.267358	3.862408
2.882824	3.675241	5.060203
3.332016	5.920876	5.567541
3.541956	5.326712	8.740610
5.138922	5.129936	5.853417
3.023800	3.772745	6.486000
4.438304	4.115525	5.346568
3.598589	3.301641	7.048594
3.591584	4.832217	4.293424
2.612369	3.207192	6.609377
2.136492	3.141371	5.501007
3.076087	4.084526	8.172028
4.736941	6.066806	8.128829
4.324545	4.723627	3.194523
4.875581	6.691813	5.688446
4.833865	6.836101	5.568134
4.181209	4.953317	2.487757
2.886581	3.884235	5.515870
3.843751	6.173241	5.158066
3.405601	5.802770	8.387728
3.695455	4.765736	8.589476
4.477866	4.807631	7.925326
5.739122	5.714490	6.904797
4.742267	7.013344	6.218104
4.446337	6.248793	7.785884
4.048632	5.193181	3.274983
3.615298	5.794197	8.333996
4.232242	4.809741	2.902560
2.128812	4.205609	5.417649
4.986523	4.919956	7.156955
4.941735	4.995159	5.520855
3.989417	4.252134	8.824006
4.851940	4.656363	8.225818
4.178027	3.924883	8.245286
3.945704	5.432798	2.519044
4.400145	4.964055	9.007425
4.757188	4.624840	4.812868
4.502116	4.733737	3.931316
3.807814	5.624792	8.613220
4.257375	4.957554	8.668929
3.963696	5.959933	3.466581
2.374576	4.085199	4.663229
4.615508	3.660952	5.058573
4.098926	5.498566	2.584730
4.771355	5.362886	4.951109
4.132636	5.037112	3.366337
3.852392	4.033879	2.871983
4.428764	5.462058	2.833898
3.562499	3.756227	7.805817
4.520258	6.401424	4.545592
3.885514	4.640445	9.219486
4.225959	5.420618	2.752411
4.236610	3.501273	6.780370
3.957622	6.206995	8.007617
3.852979	5.818884	3.969843
3.816400	4.515602	8.848696
4.440234	4.721591	2.927658
4.059445	4.184480	5.749189
3.552014	5.660426	7.925402
5.086279	5.137513	7.617589
3.704450	5.497836	3.535607
4.855650	5.898121	7.594276
4.565515	5.970631	6.279524
5.824679	5.919993	3.356833
4.036191	3.642901	3.462017
4.112500	4.616885	3.503521
3.934325	5.424977	3.657402
3.490154	5.149414	2.982568
2.972778	6.124548	5.084513
3.108059	3.848273	3.946808
5.259360	6.419874	4.062115
4.577124	7.133712	5.632088
4.339092	5.094402	8.733241
3.782259	4.753319	3.430352
3.791643	4.904764	3.859331
4.573956	6.515413	8.392112
3.923759	3.618983	7.811393
3.189607	4.291227	8.532713
2.475796	4.574965	6.446407
2.728431	5.284594	7.000601
2.832837	5.488200	6.048450
4.305744	3.893542	7.195131
3.075060	4.508878	8.605773
3.739035	5.952328	3.344603
3.584187	5.051728	3.885916
3.749598	6.526629	6.295769
4.123180	5.371199	3.294859
3.332746	4.243175	3.042376
2.560183	4.269845	7.467481
3.886207	3.507363	6.152090
2.664857	5.322876	7.129452
4.862893	6.450393	5.928792
