3.201841	4.656376	6.232467
5.059282	5.512323	8.888621
5.166624	5.512836	6.514585
4.515788	5.373663	3.539402
4.623801	5.610973	8.659045
5.119109	5.707355	8.339183
4.059403	3.465887	5.819420
4.235346	5.068936	9.407237
3.645734	5.186121	3.021799
3.150984	4.413002	7.996095
4.103471	5.716525	2.956807
4.139746	4.333455	8.858611
4.278964	4.423661	3.842716
4.693939	4.640952	4.739853
5.651368	6.511878	4.594531
3.076960	3.835938	8.747651
4.824626	4.636053	8.615064
3.428575	5.212214	9.054894
4.562239	4.214836	7.075242
4.284535	3.619930	5.412480
3.617156	4.308816	8.570013
3.856030	5.962389	9.039617
4.621314	3.693979	5.258043
5.263548	5.422441	3.991677
4.192757	4.467124	2.785986
3.828127	3.570167	4.417566
4.460464	6.379853	8.314696
3.587128	4.642598	8.906288
4.365685	4.331665	3.679368
3.936306	6.297187	8.886950
3.991111	5.252903	3.226081
3.368491	4.810789	8.950361
4.079232	3.514594	7.000769
2.588960	5.171598	5.028080
2.311970	3.011523	5.252775
4.210591	5.772583	3.038643
4.679494	7.067614	5.526294
3.873256	4.949149	9.383935
4.367948	7.031250	7.902822
2.974264	4.645878	7.712022
3.749745	4.429973	2.726085
4.835985	6.499368	9.251790
3.072774	3.873627	7.241582
4.023956	5.706558	4.409476
2.882028	4.884082	7.679261
4.275664	5.024674	8.702897
2.887030	5.429389	6.573871
3.642286	4.819101	3.789805
3.721679	4.584262	8.848607
4.699134	6.406455	4.945970
2.903946	5.988096	5.149127
4.030074	5.420938	3.643004
3.926700	6.902391	7.338332
3.916944	4.978119	3.665723
3.442190	3.453342	3.708714
4.268517	4.773195	8.797041
4.125357	5.660821	8.974900
3.454387	4.639123	3.119278
5.116857	6.839020	6.274437
3.767182	4.034843	3.168927
3.007982	5.171073	9.171742
3.970012	4.957572	7.453355
4.237791	4.739483	2.529007
4.060544	4.786062	3.245307
4.433815	6.593298	4.714059
3.152211	5.247651	4.553387
4.010672	4.391015	9.052852
4.336279	4.742435	2.319827
5.205583	6.799481	5.971575
4.410391	6.039549	7.083611
4.302758	5.094736	9.591923
3.858421	4.118432	9.236483
3.340304	5.441594	2.810365
5.325369	6.676375	5.898562
2.250576	4.967749	6.570334
3.726885	6.389909	6.514244
4.893867	4.708861	8.273989
3.422688	4.184499	7.925419
5.131351	4.993127	8.331343
5.238395	6.987984	7.047964
5.340257	6.426686	6.233783
3.270262	4.870967	2.768679
4.842375	6.512479	5.420718
4.367463	5.702910	8.636048
4.256940	5.563236	3.693659
4.366670	3.980122	6.049205
4.717377	6.026225	9.052692
3.320404	3.324080	4.836132
3.789107	4.932081	8.755486
4.471481	4.300309	3.047789
4.561274	5.624841	7.827285
4.687082	6.762693	7.338509
4.622305	6.632627	3.943738
4.548600	5.082641	9.149350
4.390532	5.952006	8.840047
3.795741	5.590619	8.489113
3.366842	2.934339	7.019191
4.501380	5.137415	8.037479
3.651744	5.708903	8.393302
4.724682	6.754390	4.346115
4.716605	5.854361	3.609377
2.703353	4.933059	7.453632
3.609327	6.525095	8.447710
3.387786	4.805360	8.091838
3.990492	4.549252	8.721611
4.437765	4.581435	2.301398
4.415187	5.087984	9.015420
3.794429	2.934278	3.434332
4.814700	6.150288	7.547057
2.605447	3.649856	7.764632
3.535317	4.906613	3.209457
4.136989	4.548057	3.742535
3.800879	3.061014	4.036458
4.572037	5.395755	8.259879
3.761833	6.324924	6.655214
4.748413	5.812575	3.126158
4.333454	4.596326	8.490457
3.937929	5.319546	9.079075
3.955983	4.602053	8.792450
4.455340	4.594981	3.084569
2.825046	5.182342	3.870821
4.271720	3.999405	5.814923
3.551884	4.260436	3.801995
3.470056	3.538736	7.802205
4.037574	5.218971	2.970733
5.694516	5.155486	7.520864
3.363430	4.161414	8.768718
4.130679	4.371782	8.993888
3.167864	5.944759	8.503184
4.103343	4.646611	9.246236
2.750600	3.678480	6.926267
4.657508	5.987536	3.383788
4.538690	5.970502	4.046818
3.259959	4.581080	3.086517
4.619943	4.140171	5.279160
3.771621	4.961237	2.986278
4.039058	5.448503	2.734636
4.021089	5.499381	2.983278
4.532515	5.987000	8.609232
4.738300	5.808485	7.954041
2.825941	4.665845	8.268387
3.411935	5.654567	4.366050
2.825385	5.246113	3.814970
4.316296	4.774648	9.256151
4.661064	5.124039	8.048810
4.237296	4.955433	8.624942
4.319333	5.603547	8.169146
5.248110	3.573277	4.796050
3.788891	5.917569	9.257276
3.646467	7.046105	5.208037
3.432191	3.856226	8.738406
2.890847	4.795882	4.013550
4.362702	5.061877	8.823024
2.910738	4.915722	7.190333
5.295533	5.703103	9.359937
4.666057	5.398597	3.789933
4.406317	5.449410	9.301068
4.603125	6.420325	5.270181
3.196512	2.761741	6.063270
3.576456	6.277362	3.743456
4.316561	5.913534	8.963482
2.595123	5.549041	4.442335
3.112543	3.419401	4.343846
3.072483	4.964630	5.645060
2.870532	6.141366	5.579462
2.309031	4.541097	5.140013
3.747300	4.671280	2.818976
4.440698	6.416194	4.538687
4.183805	5.410577	8.719107
2.329083	2.940800	7.651288
3.999921	3.643582	8.476551
5.131273	4.972869	7.468988
3.790077	3.260198	5.397555
4.255774	3.883919	3.236710
3.714762	5.036170	3.131623
3.816723	5.673907	8.506540
4.822848	4.797179	3.727494
3.607881	6.033686	3.480774
3.223819	5.286761	4.011123
3.956429	3.784007	6.844600
5.116129	4.599057	5.972977
3.482442	6.484719	5.058290
5.036451	5.708175	8.287435
4.669812	6.168372	8.299943
4.800893	6.409815	4.658823
3.982576	5.145383	3.382858
3.520011	5.667839	8.349602
4.101684	4.834624	3.070550
5.073945	5.855423	8.181640
4.896811	5.558861	9.384317
5.255851	3.744758	5.573184
4.223427	5.701895	3.437464
4.651751	6.624381	4.966327
3.868234	4.817677	3.232420
4.564382	4.646896	2.528819
5.271466	6.346323	5.863866
4.151862	5.059193	3.004866
3.507736	3.495010	8.545941
5.311046	6.205409	4.596614
3.614931	4.538624	4.331292
3.274288	3.853502	5.831072
4.316388	5.768786	3.990040
5.021091	6.644276	5.378541
4.182501	4.360165	8.694600
3.515335	4.706781	8.415159
4.313666	5.129954	3.039584
3.299418	5.088928	3.011047
4.904424	6.068751	6.188221
3.392054	4.442910	2.573868
4.717327	4.226500	3.774671
4.133231	4.092134	6.321636
3.065129	2.873000	5.238869
3.327928	3.888011	3.442370
2.418013	4.227100	9.013805
3.724161	5.247396	2.834272
3.949359	4.396270	3.457408
4.219181	4.665137	3.014382
5.143836	3.801389	6.469503
4.648765	4.005402	3.676687
3.877985	6.735346	6.221249
4.675061	4.120624	8.337231
3.404723	3.229229	5.769250
2.677871	4.770442	7.120016
4.016681	4.330603	2.619873
4.964896	5.385991	5.732471
3.388060	5.044064	4.143536
4.507421	4.811803	3.569957
5.358921	4.266635	6.145962
4.098307	5.939479	8.059556
4.348301	5.529840	9.055525
3.803697	4.135016	7.002316
5.086124	4.760623	7.591738
3.279179	4.787501	2.694222
5.436052	5.155466	7.371322
3.148193	5.583797	8.372850
3.873011	4.507633	2.991497
4.260966	5.077083	3.141405
2.778375	3.296431	5.832450
5.189270	4.972962	5.397472
3.772801	5.897074	4.175263
4.733160	4.260104	7.546467
3.066725	3.770793	4.113902
3.090078	4.947961	9.154757
3.304739	4.906417	3.901899
4.415139	3.866275	5.486999
4.469380	5.755869	2.745310
3.370120	4.747395	3.375299
3.744016	4.441698	9.047558
4.022237	3.427089	5.494742
3.959946	4.372682	4.747638
4.705922	6.524517	7.910821
4.456830	6.615219	6.352514
4.276839	3.404859	6.955427
3.386446	4.085163	8.047121
3.508026	5.571598	8.305600
3.504529	6.125972	5.055548
5.047604	4.024354	6.096230
4.181338	3.226639	6.511639
3.518617	5.878578	3.750037
4.647045	5.447239	6.942933
3.216170	5.694331	7.124042
5.083892	5.774604	3.118421
3.521671	5.879211	3.787154
5.399239	5.838265	6.970204
4.347863	3.912323	8.004485
4.692981	4.394697	5.206824
5.397138	5.155129	4.932447
3.262094	6.201369	5.707242
3.514782	5.354985	5.706837
3.856274	3.243727	6.923087
3.778367	5.276202	9.233825
4.444990	5.291781	8.766686
4.846361	5.910349	8.596474
3.016286	5.475523	6.780828
3.282445	4.123055	8.758415
2.716428	3.243489	6.621260
4.279862	3.495359	5.606351
3.032410	3.604728	7.390657
4.242279	6.658317	7.600847
2.976546	5.145160	6.685565
4.348311	6.700021	3.962843
5.665349	5.883041	5.795105
3.089227	4.938360	7.825519
3.296948	5.631722	9.474241
3.687002	2.771958	6.432806
4.024426	3.230945	8.124839
3.343598	5.423833	8.787409
3.007715	3.353385	4.926194
5.350555	6.450084	4.916501
4.842428	5.895507	8.541547
2.630511	4.217403	8.208850
3.404342	4.271011	3.631036
4.148078	6.119013	3.858431
3.959027	6.606053	3.689627
5.748083	7.062976	6.841801
3.303364	3.518835	3.674915
3.041294	3.253405	5.475765
4.112618	5.556415	3.434870
5.317280	6.431764	6.334498
3.365559	5.043079	8.802857
2.360301	5.071788	4.806796
4.941677	5.782187	8.393507
3.020443	4.837340	4.103882
3.695211	3.367749	4.526794
4.263078	5.740299	2.858981
3.752159	5.318118	7.871403
3.312991	4.559599	7.198461
4.103853	4.999882	2.716745
3.873627	5.352082	2.916140
5.346812	6.476987	6.920490
3.177890	3.680145	8.809220
3.002099	4.891552	5.020995
4.403593	6.500646	7.676892
3.917227	6.213466	7.036358
4.617171	6.667983	7.507302
3.945042	5.144850	2.431053
2.621028	3.834106	4.038846
3.501090	4.367942	3.730316
5.068085	6.156441	5.024489
4.700625	5.601511	3.572452
3.282979	4.878835	8.889785
4.060796	5.449672	3.191780
4.447307	6.851026	4.689251
3.527507	3.481818	8.171444
5.170341	6.263011	7.612925
4.088325	4.356786	9.029955
3.577626	5.816961	8.000859
3.934504	3.647019	8.808060
3.793341	4.636010	3.568355
4.829676	6.740148	5.609812
4.210222	4.361041	8.535461
4.990320	7.494339	6.518037
5.222361	5.035335	4.507978
2.474493	3.429963	5.405198
3.989294	5.334304	3.310721
2.957240	4.159414	3.913115
3.999360	6.660961	3.593388
3.360004	4.228558	3.484363
3.360649	4.908949	3.898536
4.900681	4.609065	4.237885
4.599866	4.595551	8.122065
2.737373	3.359057	8.100642
3.541935	5.104589	3.026028
2.806246	4.531239	3.401617
4.134814	4.900907	8.855945
4.123292	4.534708	3.330220
3.462470	4.073713	4.300145
4.232900	5.692800	2.622061
3.373015	4.500278	5.166582
3.520712	6.164854	3.907739
4.404100	5.264941	8.298977
3.615123	5.004601	2.757861
2.951624	3.929194	6.866844
2.992259	5.056596	9.013379
3.918725	5.456996	8.287547
3.485957	4.671459	3.143051
3.574052	5.745648	7.202282
2.840182	5.405926	5.404605
4.435628	5.780078	2.841120
4.310063	3.264420	7.929092
3.313594	3.711207	4.167908
4.679633	7.164097	6.475660
5.393754	6.423947	7.921795
4.796623	6.707408	4.796001
5.150320	6.085107	7.384128
5.131608	5.427164	8.497695
3.570771	2.726227	7.432750
4.100112	4.823900	8.569031
3.210136	6.185929	6.933408
3.425469	4.593825	3.797800
2.988639	3.137451	8.097224
5.042554	5.770348	4.431867
4.517466	5.861063	9.074072
3.902537	5.192309	9.091866
3.224672	4.664773	3.315702
4.437912	3.936418	4.004340
5.214686	5.392761	5.717399
3.336620	3.475792	7.663591
3.666242	2.889676	5.595534
3.695682	5.111834	9.268157
2.855385	4.750782	6.631432
4.135909	6.545471	3.514261
4.036721	5.817320	4.770304
3.489240	3.689456	7.080574
4.454876	5.671311	3.886967
2.786132	3.926470	5.817808
2.654433	4.129545	5.030294
3.855360	4.331551	2.741762
3.257427	5.130035	7.188006
5.090907	5.873076	4.195216
4.456940	4.504065	4.003465
2.798697	5.602614	8.313776
4.395638	3.926740	4.401672
4.397476	4.588158	3.532343
3.570402	4.820041	3.071844
3.177760	5.431904	3.574181
3.492858	3.052376	6.113203
3.818297	5.559080	8.966937
4.403236	5.916564	9.189423
4.054938	5.690945	4.892466
3.859793	3.437634	4.947393
3.880049	4.469114	9.335362
2.319677	5.492144	5.262189
5.135515	7.174059	6.671401
3.581885	5.043008	8.290145
4.457491	4.926445	9.069392
3.401571	5.724842	4.910044
4.144243	3.674194	7.834882
3.293129	4.612324	8.410137
3.821519	4.174815	3.507992
5.165315	5.727169	4.292221
4.644698	6.270137	6.347299
4.147351	3.908705	4.766195
5.517005	4.808595	7.028225
4.953850	4.905874	7.911830
3.537215	4.335892	7.777663
3.779572	5.986480	7.741657
4.834300	7.190455	7.156240
2.721174	4.087500	3.561853
3.755754	4.768043	2.651862
4.935371	6.996493	4.705733
4.689230	6.248456	3.860549
3.114965	3.718838	7.774874
4.082608	4.785686	9.033134
5.388482	6.134228	6.053884
2.879619	3.280695	6.776781
4.325826	5.477810	3.604396
2.749802	4.261283	5.891476
4.037158	4.957969	2.943900
2.989942	4.109814	8.141668
4.386693	5.487308	5.005132
3.984674	5.893896	3.330072
3.828389	4.898667	9.173398
4.095258	3.948204	7.222712
3.830531	5.207046	9.130289
4.388782	4.249670	3.374343
4.286888	4.127943	8.858778
4.226501	6.228853	6.378128
3.737822	5.599204	3.160525
5.187764	6.291680	7.235342
4.402292	3.688009	8.465001
4.099776	5.064225	8.556836
5.237980	5.151471	4.577582
3.488677	3.365979	5.090308
4.569514	5.654023	3.830234
5.142715	5.837813	8.365543
3.747993	6.232286	6.791384
3.525472	5.775727	2.829457
3.659798	5.204115	3.355393
5.068332	5.166751	8.258136
4.539099	5.823944	7.467819
2.790315	3.677613	3.892772
4.272494	6.162451	4.337582
5.891302	5.834525	4.214672
2.958627	3.358575	6.554702
3.234894	4.068203	6.908174
5.026384	5.410274	5.427162
4.380240	6.216456	4.029916
3.529306	6.051340	3.973560
2.979687	3.266851	5.053839
2.579370	4.723722	7.371443
4.214445	6.342825	5.003168
4.137141	3.911329	3.697332
3.794875	5.871963	6.932230
5.261676	5.900004	4.439517
2.978771	3.580505	5.235081
4.599829	4.345941	7.000965
3.362887	4.762283	3.746140
3.602990	4.059069	3.617348
2.225634	3.829988	6.935313
2.571674	3.114520	4.165843
5.019160	6.115398	3.810022
5.019291	3.414885	7.689693
2.273190	3.930972	6.075502
2.588002	4.516258	4.940434
4.401572	4.859289	2.621785
4.025257	4.453545	8.381625
4.155856	4.925963	3.067663
4.378083	6.145832	8.692747
3.941342	5.245645	8.838952
4.219324	5.273249	8.978534
4.582822	5.875939	3.875674
3.794293	3.387748	7.553770
4.115900	3.693870	5.847151
4.766329	4.438343	8.330267
3.877886	5.222945	2.776098
3.844031	5.346397	8.853184
3.875686	5.247511	8.069292
3.364119	5.265414	3.578990
5.074990	5.013625	8.928174
4.235493	5.704631	8.656880
3.596015	5.537401	3.435333
3.996162	4.155812	4.180038
4.331491	3.781525	4.288944
4.545288	4.156456	7.957381
4.960735	5.284527	3.871686
4.625052	4.568199	8.560451
3.088967	4.060863	4.697890
4.624107	4.000906	7.167574
3.837161	4.593989	8.340138
