4.529617	5.711231	7.478849
2.690459	4.188769	7.289682
3.910438	5.234302	9.173739
3.607700	2.592483	5.891632
3.132501	4.511241	7.532935
3.928660	4.254834	8.785915
4.015275	6.308926	4.168151
5.504587	4.946632	5.281524
4.491584	4.722072	8.175970
4.589389	5.109939	3.251541
3.731242	6.137724	7.574835
4.158953	3.455870	3.257651
4.263108	6.473928	4.303029
3.109100	4.627373	8.542047
3.644935	4.968692	3.235991
3.945837	4.950698	3.106506
3.674472	3.763534	7.661044
3.484270	5.171853	9.062503
4.445458	5.291821	3.315892
3.944716	5.381156	8.633470
3.949970	4.727297	3.269824
5.597641	6.316561	7.096338
4.073298	4.398561	3.319488
3.936690	4.294574	8.824104
3.126968	4.480297	3.369896
4.132430	5.450658	3.024887
3.168901	5.227466	8.916810
3.046774	3.201217	8.320962
3.852396	5.005661	7.774720
3.571463	5.336491	8.066093
3.479021	4.252851	4.355927
3.083942	4.156323	7.853966
3.628705	5.020346	8.968865
4.416693	4.962244	3.280018
3.852149	4.291487	3.811958
4.360592	5.203767	3.196371
5.643888	5.293487	7.082994
4.628730	4.290090	4.078800
4.120501	6.253729	6.130675
4.091984	4.580254	4.862542
4.167767	5.843770	3.196862
4.836803	6.506769	8.672978
4.858718	5.367198	7.936347
4.352439	4.195769	8.912345
4.906844	7.002371	6.795218
3.317567	3.758399	5.107030
3.100149	4.998712	7.639158
3.912274	5.086342	3.208621
5.458748	5.054299	5.328317
2.906157	5.750524	4.176699
4.532167	5.425412	9.676048
2.545197	5.653807	3.353530
4.278861	5.572236	3.365852
4.199996	5.142694	3.576796
4.833700	4.674301	7.613009
4.208583	5.638851	9.253680
3.398935	6.288605	5.813994
4.319113	5.756498	8.611806
3.273146	3.249510	4.753491
3.685084	5.003371	9.231295
3.550526	4.943832	6.317734
4.253384	5.679720	3.701351
4.083597	6.558693	4.687099
4.284697	6.811955	4.277828
3.254469	3.819517	3.787835
3.562579	7.021922	5.516247
3.078730	4.885089	2.730665
4.519047	7.052398	6.808067
3.543031	3.663910	8.149420
3.278608	6.712680	6.752050
3.836078	5.235905	2.886818
4.648815	4.362251	6.697629
4.347464	4.848906	4.535675
3.505298	6.039256	8.176694
3.734148	5.979889	7.758745
3.094695	3.442503	6.615912
4.603236	5.671114	8.458343
2.654751	3.241502	6.118764
4.840006	5.926840	8.133897
4.582528	5.593093	9.392561
4.713132	5.541082	3.500950
3.730213	5.172464	1.973279
3.224270	5.305561	5.819924
3.804223	3.233887	5.253935
3.931817	4.449160	3.198286
4.023602	4.603348	8.381719
5.279118	6.345465	5.500853
4.664960	5.305653	8.955497
2.849851	4.771677	7.265938
4.475377	6.180918	7.079195
4.057412	6.654265	5.970810
4.645404	5.684617	4.199813
2.672101	3.204871	4.960782
3.467917	3.766647	6.700707
4.407680	6.189223	2.853777
5.511357	6.912867	5.479784
4.459267	5.178082	3.030395
5.044103	7.171163	7.291882
4.929921	6.512254	6.301983
4.611732	6.604182	5.078320
3.958697	5.364037	8.515726
2.469068	3.409265	4.334523
3.948203	6.166724	9.050290
3.928028	6.947298	5.708819
4.160800	5.534255	8.945578
4.144063	3.840657	3.308288
4.139072	6.417910	7.992751
4.379007	4.413967	4.653818
4.643244	5.244280	8.952042
3.887803	4.880255	9.073738
4.303193	6.054998	5.732442
3.522602	3.725255	7.970120
2.801878	3.474919	7.419877
5.507256	4.121278	6.674679
4.347533	4.976912	8.663362
4.006833	5.302695	2.791694
4.270290	4.394347	5.161450
3.958889	5.727817	8.121712
4.445326	5.906548	9.258598
3.804611	5.453201	4.348634
5.336404	5.325144	7.656097
3.769430	4.737316	8.231238
4.006534	6.412554	6.111631
3.274776	5.335237	4.508690
4.012082	5.289344	7.856150
4.439858	6.682487	7.964977
2.667224	4.064064	4.145524
4.269435	4.283355	8.728286
3.491915	5.812976	7.785617
4.425170	5.047393	9.241219
3.157806	4.059987	7.969574
2.855150	4.682879	5.411410
2.969903	3.209341	6.297623
4.576819	4.875197	3.363283
4.074735	6.334535	4.161158
4.012706	4.695609	9.622580
4.030173	4.968860	3.392559
4.784877	4.059520	4.770067
4.920983	5.982865	9.596301
3.258441	4.422370	9.307158
4.499249	3.480477	5.832317
3.650610	5.158533	3.416141
2.874593	4.021683	5.530142
4.517072	5.321483	9.255544
4.526505	4.288252	8.329924
4.259068	5.496163	9.443365
3.851569	4.130804	7.841841
2.821076	5.592731	4.068623
2.962860	3.489757	3.998355
2.849102	4.911041	6.294057
4.567173	4.479510	8.682607
2.979580	3.904019	4.770469
4.517884	6.285679	3.632337
3.621374	3.678430	6.527855
4.180140	3.775825	2.866502
4.814839	4.637098	8.510913
4.547469	6.345002	7.824654
3.088036	6.150171	7.498554
4.545365	6.938029	4.821608
4.185780	4.138886	8.319893
4.815540	5.663453	6.613846
4.925989	4.043436	6.254660
3.438610	4.221363	8.295199
3.762303	4.970060	8.709582
5.403119	5.191985	6.111144
5.065787	4.217367	5.704304
3.470757	3.592325	7.152674
2.779012	4.270253	4.862060
3.794910	5.142222	5.415464
3.450941	5.668628	3.727032
3.764125	5.591002	3.087605
5.076087	6.006300	3.731149
4.351417	4.773026	8.597371
4.478151	3.631934	6.287896
4.443541	5.032551	7.719854
4.797397	4.887852	3.787407
5.239750	5.924045	5.383206
2.754899	4.480399	4.911861
3.265269	2.748438	7.576089
3.810258	5.378595	3.327058
4.262696	4.043767	3.039942
4.035782	6.105741	8.200099
4.864770	6.212902	4.704613
4.289418	6.756489	7.811898
3.214040	5.592870	8.025794
4.775404	5.953848	8.799964
4.918243	5.412237	7.772155
4.685563	4.334531	4.654764
2.748154	4.336316	5.388253
4.393410	4.223428	8.018673
3.693604	3.746109	2.846891
3.829021	3.765299	2.906244
3.673182	3.928037	2.438032
3.529542	4.590444	8.241613
5.503565	6.335369	5.950808
4.374086	5.658896	2.902982
3.726866	3.631967	4.592191
3.849785	6.611333	7.012569
2.997558	5.763924	5.417130
3.651117	5.398353	9.131637
3.669776	4.775268	8.940402
4.190421	5.982295	8.731501
4.642152	5.404073	2.840054
2.792936	4.660974	3.994893
3.179983	5.670785	6.051265
4.553529	6.105023	7.762694
3.782190	5.296036	2.883677
4.604995	6.795533	6.119164
4.918944	5.920466	7.518655
4.008614	6.515705	5.058496
4.280966	5.838538	8.380834
3.962737	3.580409	5.218729
4.817482	5.305139	8.978224
3.684254	2.774453	7.125417
4.295182	4.556180	3.101922
2.709785	4.725127	6.837400
3.800959	4.415713	3.087183
3.500154	4.708117	3.732676
4.947906	6.661762	5.461091
4.266195	3.672086	8.323995
4.382636	4.577789	7.921544
2.920481	4.662086	3.632530
4.141081	5.774346	8.973435
3.666104	3.378232	5.521861
3.585915	3.841574	9.748550
4.113803	6.001965	3.497383
2.875037	4.853502	6.882444
2.963667	3.582110	4.110744
4.987142	5.439000	8.835132
4.417754	5.224917	9.013344
4.267864	4.849986	8.723973
3.752455	4.633365	3.763146
4.928693	6.070188	3.397120
4.191287	4.104573	7.373068
4.634326	6.374073	5.075815
4.918856	6.380155	8.032640
3.708752	3.217367	3.641377
5.644948	5.992056	6.534114
3.738014	5.390142	3.109976
4.754486	6.255507	3.671062
3.560594	3.593853	6.381697
2.303623	4.460513	4.744998
4.914031	5.246030	2.830687
3.872988	4.940937	3.782076
4.302802	6.430632	4.962123
5.526538	5.787673	4.725490
3.948277	3.962244	4.641604
3.811168	5.157718	8.972975
2.597188	5.184083	4.728019
4.851535	5.991509	8.129897
2.510351	4.563395	5.398293
3.898952	5.409549	2.557512
3.505231	4.300735	8.473371
3.626587	4.960521	3.325381
2.700515	4.171469	5.589148
2.857174	4.775930	3.607937
4.133046	5.350453	3.133492
3.709304	4.927120	8.739967
3.177206	4.927594	9.154545
4.465917	4.612302	8.577257
3.201423	4.723470	2.775963
3.698049	3.943437	3.835359
5.002833	6.217231	5.109322
2.830309	2.816532	4.986837
4.402317	3.600370	5.905002
4.400587	5.677765	2.654721
4.932132	5.993938	4.000307
2.113592	4.373579	8.028943
4.135470	5.195530	3.226013
4.782217	4.893170	8.011982
5.594257	5.153850	6.324268
3.114506	4.320058	8.164730
4.531283	5.161030	9.188758
5.011020	5.150081	4.535473
5.084322	6.455581	4.244465
3.581400	4.415608	2.981411
4.515978	4.508179	3.955966
4.240778	5.746477	3.761318
4.840429	5.923447	3.516928
3.014895	3.790803	7.998201
2.772850	3.616465	4.114562
3.860476	4.745223	9.241320
4.974211	5.335010	4.090101
4.466196	4.232560	7.083224
3.553045	4.405514	8.456156
3.817930	5.703965	8.763114
4.534266	5.087815	3.051563
4.851760	3.754236	7.091425
3.282543	3.825810	7.963804
4.667424	3.056729	5.686525
3.639729	5.714932	2.934758
2.705434	4.145585	5.270460
4.148037	5.985472	2.265646
4.545358	6.157795	8.191576
3.751557	3.293900	7.813267
5.778696	5.808182	5.840290
2.222832	4.643260	5.156988
4.707251	6.527721	6.412584
3.954797	3.747888	4.096121
3.768350	3.679161	3.957464
4.652356	5.423862	4.928948
4.381519	4.658611	4.121162
5.456475	5.422010	5.284893
4.467987	5.073770	4.653495
3.463614	3.819451	4.164024
3.738266	6.034596	2.919027
4.370475	4.681045	3.004747
3.748025	3.108458	8.374638
4.031387	7.024417	7.539236
3.765652	3.814320	8.650160
2.886201	5.269866	5.814947
3.850975	4.739918	8.572699
3.722420	5.699984	6.500942
5.429880	6.739975	7.046954
3.217676	5.339509	3.654137
3.005608	4.782155	5.097160
4.238049	4.772685	2.833504
4.021627	4.959915	3.527932
3.393236	4.647629	9.475071
2.805642	3.676764	6.674617
3.955440	5.942350	8.208935
3.701849	3.127097	4.718786
5.849418	6.861233	6.131365
4.361163	4.905791	2.878038
4.096043	4.656058	3.083185
2.726440	4.847282	4.277501
2.524904	3.484370	6.096744
4.124123	4.545734	4.085986
3.505582	5.693541	6.249974
3.017386	3.137026	7.199143
3.101239	5.359518	3.608705
4.507496	4.967113	3.330323
4.522223	6.273648	8.609605
4.697987	4.909762	8.242241
3.425439	2.946921	6.149827
3.537670	4.685764	8.901386
5.135016	4.660419	4.958955
4.370995	4.765032	3.188265
4.513536	3.220626	6.094601
3.969408	4.103073	2.812374
5.242628	4.420325	6.424446
5.138439	4.853923	7.384313
3.971156	4.965930	2.449323
4.119369	5.008911	9.129735
4.072903	6.178110	7.486420
4.279085	4.391554	7.894026
4.389765	5.185455	8.867830
3.922069	5.662707	8.516917
3.956885	6.499671	4.601638
3.756264	5.455001	8.397651
4.520965	5.614592	4.476898
4.000191	4.887333	9.002427
4.787126	6.582346	5.682430
3.341841	6.389888	7.160445
4.179101	4.533538	8.777638
4.245280	4.544943	3.020147
4.772192	5.320054	9.143637
4.629189	5.477729	3.285686
3.515984	5.231088	8.899931
4.384294	6.103297	9.041321
4.551062	4.196800	3.199431
4.692881	6.852919	4.067027
3.888754	4.602458	3.596226
5.209877	6.139813	5.339872
3.899856	5.478211	3.984472
3.808801	4.402264	8.971880
4.442360	4.806510	6.810309
2.568468	5.651374	4.226170
3.950623	4.965873	9.214423
5.207261	5.105662	4.682230
4.583224	4.725489	3.123329
4.720010	4.570785	2.805049
3.017540	4.787620	9.150741
2.847330	4.055142	7.166981
5.437255	6.361801	7.798465
2.931402	3.472118	6.571504
2.401559	4.319137	5.589265
4.309487	5.425906	2.557544
3.975463	4.489760	8.077164
5.291299	4.822815	8.327015
4.054707	4.778043	3.103350
4.769934	5.685846	3.199303
3.893345	6.024046	4.129966
3.380107	5.313036	3.268845
4.474273	5.240320	3.624834
2.770248	3.644533	7.701664
4.186885	3.728142	5.880213
4.072023	4.091382	3.069697
3.840014	4.585462	8.706820
4.178133	5.401367	9.129000
3.722525	5.788851	6.479950
3.254227	5.284748	8.191614
3.652743	5.170645	3.032892
2.862466	4.899093	7.558051
4.013765	5.283817	3.121329
3.639123	5.165543	4.278879
4.784176	5.552375	9.440200
3.937807	4.281574	3.179944
4.324997	3.780193	4.064045
2.438214	4.539177	5.672816
2.722149	4.314416	7.003204
4.448278	5.729061	4.172594
2.548862	5.071949	8.500913
3.968058	4.025460	3.489905
4.250907	6.419161	2.997120
3.472396	4.977671	3.867581
5.514201	6.272178	5.321486
2.976777	4.029176	4.036678
3.966150	3.181123	5.477102
3.402517	4.996849	2.994717
5.738454	6.999707	6.012072
4.813693	4.798455	3.366039
5.120389	6.042449	6.378769
3.089450	3.345736	6.730383
3.737126	3.371835	5.094200
4.743770	5.502259	9.376751
3.506338	4.998356	2.939529
3.725199	5.745722	3.150079
2.930983	6.879809	5.143404
4.034090	6.149173	8.577781
5.044068	4.978200	7.503359
3.935178	5.061315	2.308541
4.197429	4.800686	8.066317
5.214372	4.437588	4.459907
4.173752	4.604730	3.316888
5.282389	6.041978	7.907052
3.921158	5.362025	4.226363
4.594289	5.589359	3.148682
2.324489	4.787477	5.642573
4.519530	4.875131	3.995460
4.178535	5.437931	3.205268
4.476689	4.907030	8.694240
3.857982	4.205148	8.627830
3.658738	4.130112	8.822577
5.903762	5.877754	5.325163
4.478084	6.665619	5.017135
3.458702	4.121635	3.645692
3.859956	3.729881	4.148382
5.177144	4.057289	5.276364
3.681321	5.047848	8.626510
2.619024	3.983187	4.600442
4.811063	5.159147	8.268361
4.325089	3.809692	8.216220
3.610187	4.264032	3.405160
4.553943	5.220359	3.505672
3.981095	3.540924	6.643045
5.222557	4.919045	4.975145
4.123199	5.650313	3.081912
3.587712	6.306103	7.347224
3.154434	4.334005	8.292241
3.041988	3.641051	8.129586
5.053261	6.633170	7.571890
5.098049	5.187664	3.486815
3.045012	5.698477	6.989989
3.556860	5.978915	7.967760
3.968846	5.200480	2.716709
3.631107	4.948231	8.738627
3.218163	3.976014	5.930511
3.697474	5.257815	3.265815
3.591393	6.141087	6.891318
3.398230	4.382146	3.467957
4.260490	5.805720	4.747270
3.975593	5.561920	3.714700
4.676324	6.326411	3.486501
3.268218	4.694891	9.057328
2.912020	2.966303	6.084882
2.829549	4.092342	6.346205
4.850919	4.551966	6.723962
4.048437	5.742248	9.513878
3.736777	5.285341	2.687792
4.514812	5.943490	3.942513
3.548649	3.541644	7.407528
2.561185	4.728141	7.342368
5.009400	4.682401	5.113390
4.583978	4.597073	4.124358
4.642960	4.874714	8.250884
3.558421	3.835154	2.575023
3.898668	5.270894	8.547600
3.571148	4.297097	3.815809
3.795388	5.003976	3.785707
4.099805	5.437923	8.543538
3.999624	5.087021	9.335437
5.101488	6.301449	9.051829
3.998365	4.568596	3.378690
3.887259	5.393433	8.610591
3.387719	2.890795	5.310584
5.251193	6.561483	4.112690
5.100569	6.557420	7.090492
3.477381	4.775835	3.504798
3.967467	5.232567	2.647892
4.130118	5.661811	8.830233
5.092674	5.917718	7.238695
4.188200	5.161061	8.341431
4.677689	6.743111	6.578944
3.885530	5.543654	4.335356
3.556811	4.841026	8.405708
5.011600	5.910562	7.909676
4.197129	5.894166	8.969565
3.895631	3.659026	5.230061
4.034003	4.062779	8.354267
