2.369902	4.218247	5.998362
4.736508	5.009648	3.133566
3.931198	4.615605	9.976800
4.440494	5.463666	2.619292
2.764462	3.761789	8.851963
2.037000	3.758993	6.708093
3.300889	6.481867	6.257813
4.010464	4.564661	3.338272
3.194590	3.435833	4.756371
3.169142	4.228761	3.492796
3.504081	4.223231	7.175994
3.494469	3.389407	6.954764
3.234085	4.815135	6.280583
3.349284	3.513158	4.127038
4.526274	6.876955	7.388426
2.383739	3.980244	5.626934
2.862176	5.767768	7.035912
4.095113	5.364284	3.830260
3.510976	5.374222	9.003436
2.684815	4.575697	5.508951
4.008614	5.351749	3.115153
4.105023	5.054989	2.733875
3.167012	5.521338	8.204038
3.389443	4.753502	7.818762
5.093809	5.897813	4.615169
2.444204	3.423369	5.755431
3.819722	5.738712	9.753854
3.393476	5.093635	3.782396
5.309589	5.797608	5.192954
4.064919	6.486857	6.335241
4.920082	6.733257	4.257517
5.436297	6.323777	7.296771
4.708935	4.310103	6.616596
3.943901	4.419620	8.373685
4.303408	6.479242	3.837946
3.058741	4.214239	3.687036
4.412541	5.203451	8.788510
4.503514	5.495987	2.877254
3.570732	4.005219	3.723901
3.144104	5.296628	4.655700
2.719050	3.423910	6.173507
4.150475	6.576995	5.867937
3.515016	4.200746	8.578742
4.730262	4.808804	7.938907
4.403134	4.854371	9.135998
3.353617	5.580639	3.010481
5.714802	5.889290	5.355284
4.312302	4.144522	3.767751
3.264986	5.707026	4.046388
4.114883	4.131654	4.450076
3.788652	5.431665	4.881521
4.951663	5.203482	7.968688
4.080427	4.672309	9.271554
3.425829	5.886945	2.761262
4.259081	6.362249	9.091197
3.630512	4.991950	3.726639
4.741427	5.397785	4.052692
3.706664	4.026275	3.785513
4.295662	3.992373	8.754754
4.592814	4.054285	7.551365
3.155050	4.171004	4.544493
5.246168	5.486298	4.598081
4.903874	6.871897	4.942376
3.096190	3.590509	8.448292
4.192617	3.849568	8.274712
4.022856	5.226789	3.753031
5.036151	5.841124	4.252713
5.441974	5.524161	6.180991
4.818820	5.116430	4.434433
4.952925	5.713385	7.503125
5.242608	4.849067	7.547961
3.373482	5.631131	8.721984
4.298725	5.318671	9.271710
4.691840	6.607205	5.157549
5.080619	6.544018	5.265592
4.835805	6.003797	3.934830
4.374468	3.711840	5.717787
2.937961	4.515748	8.448540
4.736844	6.943753	6.197097
3.780360	3.370483	5.911125
4.130909	6.038885	3.685056
3.615509	4.658537	8.844156
5.104824	5.932858	7.711199
3.456287	5.573475	8.542545
3.239657	3.703671	7.427210
3.898255	4.550951	8.241224
3.894740	5.895995	4.067319
4.453283	6.161361	6.724343
3.944918	4.941695	8.506614
3.665878	4.964720	3.059051
3.797850	5.622028	2.694324
3.896798	5.679108	3.647369
3.722348	6.926367	4.715374
5.323798	6.313258	6.409148
4.545988	4.602443	3.902071
4.205466	2.917016	7.618241
3.110660	5.271640	8.098789
3.412411	5.167695	6.387616
4.248186	3.068332	3.715824
3.845655	5.087340	2.658472
4.161707	5.019033	2.980100
3.236434	4.639334	5.816853
4.849738	4.491019	9.375311
2.717573	4.235186	4.038900
3.715371	4.801143	3.056776
4.347104	4.504270	3.762927
5.120090	5.274931	5.008410
4.212336	4.976117	3.636272
3.221153	5.160620	8.166849
5.248152	4.310032	4.476698
3.984791	5.732154	7.360620
5.124681	4.421054	7.015601
4.001165	5.033397	2.376451
5.836731	5.591651	7.096529
3.452023	4.726345	9.428903
5.218852	5.934998	8.113487
4.262928	7.087206	7.033358
4.148814	5.313419	8.530535
4.274735	5.407895	7.886007
3.489112	5.514358	6.858100
5.362060	4.890717	7.088695
3.416798	5.731477	3.644643
4.100253	4.469873	9.334432
4.545104	6.890439	5.385487
3.177661	4.171059	8.373793
4.258452	4.170435	3.903423
4.782300	6.604031	4.127473
4.142251	5.221356	3.024589
4.728133	4.648254	9.036750
4.610995	5.094182	3.886304
3.844247	6.134492	9.377639
4.860029	4.367907	6.216170
4.521987	5.154103	3.901077
4.263468	5.261459	8.986111
4.707667	5.006200	8.585155
3.916080	5.234159	3.849905
4.165858	3.810051	7.778160
3.626624	4.937833	3.170830
4.089923	5.128841	3.303143
3.022557	3.182106	4.820916
4.728047	6.263207	8.326575
3.794181	3.488443	4.308179
3.833719	5.455453	3.105398
5.214805	6.171314	3.343143
3.198659	5.520300	3.919064
3.691848	4.214963	2.534974
4.059035	5.747769	3.475079
5.129288	5.560325	4.110691
4.722491	6.215151	3.165360
5.143199	4.349477	6.212007
3.449118	4.953855	2.922592
4.556730	4.149528	7.838625
3.428292	3.984127	7.909183
4.498179	6.671420	7.534792
4.495570	6.863640	3.685791
2.172149	3.340614	6.364822
3.508628	5.520817	3.731914
4.389718	4.802106	9.261113
4.679876	5.731018	3.584645
4.108201	4.471218	3.350370
3.720030	4.442369	8.662716
3.108947	4.835162	4.843102
3.137243	3.611206	8.650910
3.941735	5.763918	3.201713
3.762598	4.591636	8.412939
3.982037	4.489982	2.851984
4.075430	3.542171	6.742388
2.831799	3.881569	4.126183
3.121911	3.939543	7.976251
4.519957	4.078546	8.009521
5.061653	4.588694	7.609166
2.804084	3.799078	7.897199
4.231275	5.191486	8.548465
5.551183	4.862684	5.584551
3.797751	4.355251	3.499271
4.416251	6.222161	7.961266
3.078394	4.885967	7.650190
4.983082	5.674266	8.431632
4.066199	4.947766	2.614926
3.813377	5.018422	8.802397
3.752018	3.554707	3.672166
5.440870	6.560172	7.538943
3.860791	3.697833	8.966659
2.767472	3.927314	7.119669
3.461358	6.320227	8.195984
4.142895	5.398175	4.465445
2.995744	4.311266	2.860622
4.282689	4.631201	8.391953
5.088544	4.902689	6.637293
4.800466	5.480223	3.246023
3.054112	3.657047	3.173041
3.353012	4.307333	8.821474
3.995510	5.228817	3.163595
3.197996	4.209461	6.705290
5.253865	6.068523	4.576592
4.829188	4.748274	3.635831
4.469582	5.353209	8.690402
3.321816	5.246782	3.565006
5.294873	6.740673	5.018974
3.762973	4.708227	2.875998
5.577043	5.671934	7.693796
2.736233	4.913381	5.765905
2.810229	4.063180	3.929770
3.820063	4.383459	3.207247
5.071522	4.747575	8.434259
3.035457	3.815877	8.367242
3.503742	4.152876	4.924210
3.669156	3.477779	4.701126
4.108874	6.641425	4.668010
3.324500	6.390847	6.788555
2.845154	5.256806	7.032299
3.974281	5.142317	3.138799
3.574409	6.574519	6.284816
5.823433	5.614921	5.479222
4.658824	6.846673	6.222092
4.150930	5.350355	3.036176
4.776180	4.560232	9.019206
3.963142	4.358098	8.609506
3.533169	6.018576	3.880751
3.904764	4.457406	8.935438
3.715960	5.888238	6.149287
2.870525	4.543384	7.686436
4.714473	4.490840	3.031475
3.896752	5.172645	9.680992
4.420118	3.190464	6.800211
4.517061	5.041112	8.669854
3.478381	5.327417	2.384074
4.405149	4.598335	8.482152
3.315616	3.542558	7.896421
3.923706	3.922883	4.563907
5.661183	5.742619	4.826587
4.309294	5.960015	3.976503
2.579286	4.851219	5.517818
4.435329	5.194370	3.228783
3.813580	5.777945	5.205012
2.934851	5.393396	4.504400
3.840331	5.070993	9.099108
3.774514	3.069779	7.093053
3.515401	5.077427	2.537947
4.421013	5.609299	3.429601
2.961968	4.552485	2.929192
3.650338	3.839154	5.122212
3.445820	3.750907	7.463520
3.803892	5.225641	8.437857
4.499610	5.571213	3.520725
3.787647	3.757292	5.348983
4.384442	4.104292	5.621264
4.641866	3.525774	5.628157
4.278880	4.872120	9.075931
4.875267	7.215105	4.613791
3.960380	4.934632	8.332120
4.662593	6.176892	5.089131
3.413608	5.787639	7.650344
5.090277	5.982760	4.679459
3.578618	3.878588	3.696657
3.497807	4.195849	8.853448
3.921413	5.548890	3.421980
4.419466	5.622167	7.971076
3.354525	5.638998	4.602422
1.791975	4.332762	7.535347
4.964073	6.263821	5.246490
3.125476	5.585733	4.758378
4.240644	5.816177	7.920908
3.802401	5.364432	8.181478
4.193548	4.556210	3.020069
3.951656	3.821991	4.394613
3.340001	4.231082	7.625137
3.413951	4.948742	3.510933
2.951193	3.082722	7.798979
4.518806	4.940027	3.635437
3.730628	3.432365	3.881292
3.151913	3.243453	4.010704
4.798523	4.230855	3.672058
3.204523	5.463998	6.957266
2.825983	5.057063	4.883000
3.903066	5.666871	3.837684
4.487630	5.615899	8.021938
5.088696	5.718558	5.144912
3.746231	4.447418	8.890670
3.092587	3.183182	7.711744
5.172650	4.019418	5.024535
2.688260	2.983260	5.501114
4.462311	3.760273	4.527968
3.593986	4.160788	4.291424
3.546332	5.597597	4.559595
3.396377	4.406815	7.870424
4.780268	6.588764	7.382357
3.207005	2.990897	5.454882
3.455054	3.669981	7.780522
3.922175	5.186420	8.454532
3.409903	4.509779	4.766191
3.351547	4.159234	3.313271
3.457667	5.224971	6.622012
3.733209	6.491755	3.344923
3.862424	5.034301	2.943129
4.827640	6.073474	7.828507
4.565063	6.854855	6.581311
3.420075	5.760048	2.659955
2.465203	2.764828	5.649774
4.632924	5.904155	8.465108
3.767839	4.843748	9.086608
3.459512	5.275064	3.171223
3.587174	5.107289	9.521447
3.447511	3.069087	6.119046
3.692978	4.526527	3.314486
4.974511	5.202320	3.657916
5.302024	5.967315	4.505392
4.742064	5.820228	6.926962
5.775466	5.854999	6.020222
2.574535	3.648943	7.183900
4.730219	4.965304	3.572162
3.253998	4.604450	7.991471
4.396302	4.912049	2.942005
4.385892	5.029540	3.337990
4.134984	5.311554	2.974433
4.160676	3.979516	8.090829
4.350080	4.786987	9.198170
4.293174	5.308822	9.027088
5.571083	5.751797	8.092830
4.015827	4.467194	2.753702
4.794967	3.990444	5.685195
3.564079	4.731268	9.092383
3.427283	3.754958	7.016182
3.862311	4.997660	3.080847
3.325454	4.543372	3.291115
2.990652	6.083239	4.371949
3.487099	5.001380	9.409446
4.507820	4.512976	2.582671
2.817392	4.097880	7.722974
3.108540	4.762641	7.633476
3.529374	4.887926	8.572207
3.397516	3.394726	6.572283
2.701496	5.438475	7.257902
4.054443	5.656266	7.936858
3.910063	5.785035	3.027279
4.690875	5.722664	7.966546
3.702704	4.833262	9.054877
2.653948	5.264903	8.814020
4.152625	5.424598	8.754561
5.473686	6.377380	7.776962
3.976367	4.648113	8.580917
4.117656	6.393241	3.799148
3.333465	4.087794	6.497838
4.289953	6.126244	8.374748
4.502265	4.047145	3.369449
2.956183	2.997343	4.569891
3.302622	4.092246	6.698584
4.808766	3.757459	7.537132
4.585028	6.008075	6.867711
3.920975	5.555218	3.348111
3.320917	3.926652	8.445626
2.835156	4.457705	3.601170
3.480494	5.604634	8.936226
3.752295	4.509370	8.276634
3.477876	3.638977	7.828942
3.707080	4.562274	9.031191
5.406999	4.583767	6.988963
5.014445	5.881809	4.925995
4.615127	6.316736	4.066913
4.424461	5.284258	3.876345
4.169458	5.278351	3.096525
3.064361	5.708828	4.545213
4.126493	3.767858	4.461709
2.254201	4.263307	6.019263
3.956350	5.089165	9.197520
3.461836	2.894845	6.324653
3.720832	4.561118	9.274590
4.541979	5.101097	9.425496
4.407627	7.174556	5.391744
4.557449	7.172206	6.350052
3.899452	6.445405	5.188575
4.284748	6.657881	4.511102
4.084904	6.011065	3.308210
4.458915	5.001219	8.800383
5.568893	6.760147	6.388536
3.991491	4.252212	7.161630
3.122098	5.162216	8.969986
4.312367	5.048735	3.687870
2.546496	3.313212	6.052566
3.669455	3.470001	3.598316
3.869970	5.063613	9.292515
3.441173	5.052431	3.491115
3.322798	5.673993	9.211088
4.239286	3.389251	5.431586
4.492300	6.077073	7.796735
3.867038	4.995128	2.924750
2.942267	4.452860	4.075353
5.844144	4.658854	7.083750
3.099779	5.357154	4.829571
4.607061	7.107458	5.365077
4.075777	5.814700	8.499660
5.163795	5.533277	3.642168
4.000650	5.012913	2.591639
3.556954	5.448475	5.573220
3.684815	4.025632	4.589274
5.755296	6.546429	5.233403
4.849470	6.752061	4.617025
3.838628	3.376154	3.343134
3.979065	5.233704	2.855508
2.776447	5.308823	6.797240
3.828887	4.307151	2.921516
3.641055	5.661701	7.273376
5.057606	6.984667	7.212802
2.789909	4.037221	7.364145
4.501717	4.757378	3.349680
4.538958	5.117818	3.126644
4.576453	3.956077	8.129289
3.094741	3.252733	5.502586
3.364822	5.848091	4.521881
4.716310	5.882271	8.901192
2.555273	3.793543	6.600521
3.560199	6.534798	8.141984
3.504718	4.531009	9.095968
3.691962	5.461594	2.940943
3.356068	3.542839	3.549081
4.738703	6.170623	4.282612
4.623750	6.458956	6.412596
4.225163	3.364044	7.035184
4.539660	4.879130	8.745798
4.620033	5.357118	9.385387
3.867887	5.099819	3.595531
3.754810	3.467844	7.805453
5.151106	7.299546	5.897464
3.397508	3.177277	4.178684
3.621825	5.216849	3.491606
3.864319	6.440237	4.292273
5.780342	5.983246	5.387140
4.883939	4.300694	5.456025
5.219211	4.597174	4.702143
3.243078	3.466933	5.460867
3.703741	5.471727	3.102161
5.010999	5.661785	7.653467
4.621378	4.733095	6.827014
3.937485	4.248553	8.619837
5.441222	5.578888	4.606840
2.947973	4.500560	6.930148
4.574650	6.339905	8.135795
4.134891	5.850330	8.824705
3.652476	6.220100	8.255109
3.792702	5.363847	8.581083
4.270824	6.843421	5.987056
4.314493	6.401297	8.544889
4.723540	3.853889	5.929137
3.957218	5.352025	9.108437
3.364156	4.148207	3.068615
3.818332	3.975095	8.622473
2.951354	3.566722	4.375806
3.980552	5.250579	9.451327
3.097876	4.839966	8.403027
4.892659	6.655697	6.869934
4.064560	4.569327	9.039677
4.181363	5.903209	4.721413
4.056572	6.922329	6.565725
4.529765	5.530724	8.654768
3.999045	4.660621	2.796844
3.991372	6.349883	3.769561
3.978286	6.561345	8.111122
3.108699	2.764616	4.939122
3.749978	5.196353	3.155193
3.351768	4.257720	8.839889
4.787331	6.057069	4.490635
4.684352	4.675564	3.211366
3.577914	3.802330	3.226293
5.274805	5.777651	4.714445
3.824244	4.763899	8.563046
4.744081	4.788671	5.871684
4.293560	4.218522	3.063408
3.942382	5.527810	9.044655
4.567346	3.220225	7.175342
3.740918	4.746354	8.886239
3.896833	5.495278	3.550334
4.721963	4.952628	2.879100
4.167562	5.546111	3.333115
4.364330	5.564912	8.768674
3.327349	5.309716	3.835700
3.067121	4.308406	3.372179
5.283837	4.765476	8.507697
5.494331	5.959607	7.220957
3.107443	5.311858	5.330423
3.413262	4.409527	3.644641
4.261370	5.378974	8.739999
2.664064	3.934265	6.382813
3.321873	3.118673	4.987883
3.924981	4.745732	8.573350
4.375538	6.238739	4.071359
3.204917	5.563098	5.873252
4.366258	4.521418	2.932729
4.429985	4.581385	8.841093
3.944656	4.302258	8.507588
3.704081	4.709930	2.845507
3.804728	6.112573	9.231360
4.690743	4.319720	8.761479
3.935300	3.562825	7.709538
3.686705	6.083544	5.819579
4.272420	4.376108	5.002846
3.785417	4.506519	8.305109
3.227202	4.038332	5.182965
4.562945	6.081302	9.015937
4.590447	6.975476	6.866264
3.909795	5.279843	2.682924
