2.727093	5.149683	7.394814
5.136039	6.675728	5.324085
4.476668	6.699472	6.157805
3.744363	5.210124	9.325035
4.024115	4.908591	2.831614
3.111377	5.377805	6.903286
3.826673	5.462457	9.145512
3.370872	4.264959	4.315226
4.110369	3.900017	8.574910
4.812135	5.456124	3.848545
2.987056	4.416802	4.288721
2.716425	4.915059	5.970668
3.624006	4.668646	3.317723
3.562156	5.540789	3.035500
2.849914	4.777412	6.674026
4.263928	6.433296	4.015948
4.871157	5.621113	3.831225
3.810153	5.549630	3.620349
3.901797	5.300421	3.021339
5.643693	6.287473	6.854200
4.067446	5.409492	3.063294
2.784821	3.978755	4.435442
3.172337	5.016317	7.912425
5.697424	6.315858	5.243129
4.649060	5.587315	4.182103
5.150698	5.643243	3.856854
5.673467	6.801565	5.451683
4.782885	4.294593	7.973587
4.434931	3.444945	5.544749
4.111790	3.592863	4.934250
4.600504	4.370156	6.748279
3.539823	5.721001	5.254680
4.312113	6.831692	4.466064
3.654120	4.291460	3.282171
4.183999	4.277190	5.910271
4.267124	6.617246	4.618136
4.275014	5.496823	3.364195
4.594843	4.660446	2.615057
4.752468	4.513307	4.571412
4.070848	4.699602	3.057320
4.945553	5.666819	8.109579
3.245212	4.517794	7.846746
4.541566	4.224181	4.237292
4.129718	5.301414	3.125720
4.335603	5.602179	3.145204
4.774944	5.059629	8.120318
4.382541	5.573325	3.499088
3.034831	5.358528	5.923671
4.096060	4.557287	2.852974
4.828241	4.838594	6.185541
2.697290	3.977410	4.690251
4.370969	4.923022	4.359970
3.375316	3.827289	8.107743
3.928712	5.196888	8.792708
4.230343	5.802041	8.430241
3.104434	5.938729	3.485373
4.005750	4.374939	3.815481
4.111083	5.315473	9.026178
5.269527	5.057908	5.597187
4.646889	5.561074	8.579811
4.048488	4.217504	7.693818
3.704488	4.892073	3.468901
4.718034	5.443894	8.718708
5.488231	5.906929	6.117416
3.436285	4.759409	9.238971
3.246510	5.143534	4.167901
4.510907	4.696778	8.505176
4.534812	4.936393	9.292714
4.045335	4.625615	9.192374
3.793487	6.153555	7.085823
4.186036	3.561669	4.311729
3.924622	4.622637	9.540643
2.797371	3.277156	5.310090
3.893454	4.878768	3.476692
4.238988	4.934983	7.041097
4.108862	5.026154	3.177895
5.299034	5.655477	4.789143
4.965758	6.765556	4.326885
4.683806	5.414737	4.133234
4.409674	5.285583	3.053727
3.816917	5.399576	3.419811
3.898499	6.077306	3.134150
2.860283	3.630563	4.162749
2.993892	4.525711	8.531132
4.527350	6.608634	6.307540
3.811667	6.229040	5.788361
4.018104	7.121693	5.902883
4.159361	5.911450	8.078467
3.593984	5.402589	2.872152
4.635866	5.129302	3.521665
5.174893	5.443207	6.424704
3.323366	4.858866	9.030235
2.445361	5.142543	3.954521
3.987067	5.254766	3.277195
3.955976	4.826498	3.130820
2.650424	4.382315	6.690136
3.870561	4.573810	3.102871
4.944421	5.468556	3.859995
3.870742	3.270493	3.818133
5.066111	6.332557	6.582855
3.809106	4.204392	5.178988
3.408302	3.370303	5.640187
4.117019	6.023427	4.286822
4.310383	4.787892	3.300990
3.549722	5.185676	2.724521
3.760191	6.340897	7.403144
3.411813	5.709243	6.704759
2.862949	3.143867	5.137286
3.831100	3.967232	7.849460
3.430429	5.514511	7.429904
4.034040	5.556599	3.684984
3.837481	5.018382	3.103345
4.617239	3.499795	7.422547
4.381129	4.382884	4.102447
4.565611	4.576563	8.316487
4.975503	4.824613	5.220484
3.469513	4.941900	9.105400
4.078111	4.932704	9.364066
3.032052	5.781765	5.088299
3.999694	6.757668	6.968909
3.696278	5.134412	9.565143
3.718935	4.671805	8.427643
4.132698	5.563339	8.008545
4.545463	4.888344	3.089223
4.023253	5.730199	9.195484
3.684448	5.881521	3.461387
4.208891	4.554495	8.367150
3.641531	5.135422	8.913603
4.097110	4.562535	2.520088
4.338003	5.732706	8.562216
4.142458	6.115208	8.011898
2.857722	4.794179	5.418969
4.095951	6.660654	5.244676
4.512593	3.886652	6.970805
4.914978	6.991415	6.078495
5.800911	5.530948	4.831143
3.300994	3.861876	8.176421
4.378374	4.702948	8.422870
4.712033	4.581827	8.045692
3.454558	5.355572	3.000683
3.719987	4.674247	9.185888
2.770900	3.216432	5.904764
4.719516	4.943574	7.627382
4.315313	4.015203	4.498059
3.992784	5.646822	8.543726
5.115303	4.318667	4.901504
2.483628	3.959188	5.192030
3.977095	4.478542	8.511055
4.118968	4.834088	3.188730
4.244015	4.375584	8.520099
4.933024	5.358263	3.887544
2.751818	3.562557	3.479389
3.951473	5.309054	8.113198
4.710875	5.124040	4.035382
4.984748	5.530749	8.372452
2.803846	4.381876	6.142794
3.352679	5.233870	3.673105
4.041344	3.408553	6.961658
5.087832	4.832679	3.747180
3.369608	6.548286	5.926215
4.886805	4.619744	6.719410
2.403925	4.199742	7.437839
3.694867	5.187509	8.834942
4.139289	5.770754	8.499357
3.005642	5.066283	4.491744
3.545297	3.711147	3.135264
4.136541	4.773630	3.451135
4.713397	4.442273	4.569850
4.168170	5.533317	3.501773
5.295619	6.046839	4.211493
4.559378	5.572294	9.147443
3.478095	4.925646	8.508044
4.288485	5.447410	2.651523
3.553119	4.232303	3.672354
4.596826	6.206369	7.581606
3.771561	5.076598	3.049907
3.658256	5.938131	3.537466
5.422044	6.585235	5.208952
4.308165	6.708848	4.286513
4.195177	6.053341	3.236233
3.916125	5.453745	8.668304
4.446279	5.896017	3.196912
4.536902	6.393727	8.812163
3.684583	3.929001	3.860401
3.492473	3.794357	7.335778
3.011754	5.021478	3.542525
4.094165	4.218024	9.144563
3.303712	5.867248	5.578464
2.744288	3.472137	6.935660
3.374477	4.445708	8.459723
5.016900	6.010680	4.587192
3.611195	4.981720	9.048558
5.005920	6.190397	6.646565
3.296109	5.298695	6.446351
3.363821	4.811562	2.813986
3.276073	6.649997	4.820665
2.996735	4.589266	4.114668
4.481016	5.624137	3.738569
3.042629	4.937762	3.571373
2.976663	5.622368	8.145028
2.921824	4.089494	3.812609
3.157757	4.678457	2.789702
3.387726	4.552935	3.269388
2.940713	4.508207	3.820432
4.113595	5.919323	3.823246
4.737300	4.612244	5.648445
4.453360	4.506234	5.141373
3.157575	3.583414	3.536283
4.537250	6.460553	7.775146
4.343487	4.481498	8.874942
3.608371	3.675289	4.111073
4.816562	3.945576	7.977705
4.520351	6.050347	8.434146
3.692215	5.481360	4.326454
3.863983	3.495723	8.292527
3.383413	4.762355	8.866313
3.201291	4.058527	7.962905
4.066429	5.705363	3.030840
4.225407	5.256202	3.230909
3.271060	3.202291	3.440020
2.659054	4.210136	3.748606
4.603333	3.778828	4.855906
4.359267	4.805768	2.989253
3.315200	4.241166	8.369210
3.967230	4.326718	8.680017
3.554400	4.792094	8.482544
4.287602	7.516117	5.637641
3.262339	5.666786	8.782264
4.264141	5.297000	9.002803
3.547487	3.702330	4.100428
3.695476	3.825974	7.118748
4.073739	5.689809	3.658069
3.568997	4.963001	6.101068
4.649648	6.529142	4.235436
4.903799	6.433235	6.055177
4.354065	5.783325	3.472242
4.258493	5.274766	2.969144
4.921289	4.925553	3.144345
3.724561	5.908325	3.463440
3.216406	5.065280	4.210878
4.104091	5.616264	2.719714
4.183176	5.473112	2.931479
4.886179	6.247897	8.072977
3.825097	5.905043	2.794447
2.691093	3.017141	6.189407
4.452849	5.797042	9.357390
3.591592	3.104332	6.806437
4.966569	6.091712	5.970968
4.957504	5.590796	5.109740
3.961500	5.621971	8.620612
3.748764	5.334961	8.539169
4.979660	5.225574	7.081168
4.983075	5.895325	5.787742
3.701131	3.146409	7.170497
5.040238	5.213341	7.522718
4.572833	4.100312	7.239903
4.332925	5.528591	8.558183
3.484354	4.945746	4.138945
4.347848	4.033878	3.648773
3.081973	3.959072	4.564895
5.055734	3.764831	5.317672
3.374249	5.488899	3.617546
5.721754	5.578628	6.603000
3.957659	4.762893	9.102781
4.223627	4.886264	8.946537
3.541802	4.838435	3.526897
4.127289	3.326831	4.619671
3.778719	3.576408	4.316250
4.941732	5.800159	6.681201
3.677225	5.057554	8.950494
4.044978	5.783299	6.529846
2.726099	3.278179	7.466735
3.594582	5.862538	5.120878
4.353075	4.602459	8.895217
5.436256	6.195335	6.177184
4.097567	4.708748	2.440243
4.524387	5.865327	8.265390
5.166211	5.477765	5.558024
4.145035	4.945143	8.913546
5.201733	5.627918	5.102260
4.135631	4.154478	6.211835
2.980184	4.197848	4.457439
3.186538	4.448663	7.395809
4.817162	6.371380	4.323021
4.856380	6.092716	4.109329
4.940174	6.904595	7.523597
3.853849	3.634179	4.363196
4.169367	6.399260	3.551672
3.567500	4.717631	3.532297
3.934634	4.165190	7.520334
5.310460	6.352077	7.351622
2.756290	3.499606	4.524350
3.819439	5.266206	9.062773
3.065611	5.159799	3.527779
4.381379	6.501821	5.111129
4.165727	5.189080	2.572542
2.889852	4.173373	5.064893
5.029142	5.963239	5.421671
3.962633	3.128424	5.002247
3.982297	5.008612	3.242139
5.343231	6.699780	6.417526
3.711392	6.036299	7.226866
3.165370	5.738625	4.865412
5.136327	6.192703	8.362916
3.339879	3.733929	3.125371
4.180576	5.478126	8.619522
5.064832	5.190073	4.974769
4.622617	5.467061	3.576361
3.393239	3.765976	7.412932
4.170209	6.369078	3.428136
4.856192	5.434533	4.024499
2.893394	3.985797	8.422038
4.476532	3.580829	5.020484
3.893430	3.319421	5.651342
3.325950	3.274457	5.053993
5.297633	5.608290	8.064600
5.330641	5.353629	7.962013
2.429207	4.451936	6.421138
2.750523	4.794163	5.150819
3.018881	4.750669	8.134331
4.218971	4.470661	9.400821
4.304598	5.240624	3.407171
4.070396	6.422212	7.412413
3.192815	5.288515	7.559695
3.559587	4.751555	3.436033
3.274266	3.299979	6.446576
4.123874	4.991148	8.955818
3.980730	4.156691	8.017487
3.142350	4.035819	8.588918
2.970723	4.718130	3.810666
4.656117	6.951215	5.547097
4.476305	6.760442	5.393430
3.409258	3.499817	3.946408
4.481180	5.599945	7.404577
3.652415	4.464099	3.138170
3.761642	4.110777	4.038779
4.688996	6.176752	7.483379
3.817925	3.212872	5.213889
3.731376	4.297699	8.711866
3.718600	4.690191	3.284975
3.088816	5.913883	7.396129
3.986211	4.562424	9.217965
4.276610	5.702316	3.187682
4.897436	6.400426	4.252672
3.605139	4.215796	8.267001
4.196578	4.336176	3.594555
4.343622	5.489366	2.971109
3.711896	5.233705	9.002993
5.185701	5.956442	7.162770
4.115283	4.885655	8.660797
3.966100	5.529206	3.752162
3.549662	4.232012	8.791129
4.341943	5.441674	8.478709
3.519983	4.247595	8.335209
2.713608	4.350899	6.129357
4.218300	6.306080	7.806408
4.468051	4.825056	3.216619
5.252801	4.617638	5.269798
3.280066	5.550711	8.183514
3.956733	4.299107	3.807936
4.909589	4.912878	8.120353
4.508706	4.893765	2.649521
4.308527	4.973795	8.620866
4.253168	4.583600	3.421725
3.861435	3.090308	5.489408
4.020077	5.025389	2.918547
3.315659	3.346228	6.373747
3.741012	5.140723	3.128384
4.078997	5.084779	3.565517
3.240167	4.513543	8.106868
3.947775	4.079188	3.130625
4.991286	4.965410	3.883638
4.542033	4.124583	3.144731
3.682970	6.151566	4.553445
3.732227	4.963192	9.362722
3.903905	4.273358	2.918900
5.387280	6.064204	7.745415
4.658561	6.423525	7.062576
4.490725	5.065974	8.570158
3.902690	5.651406	8.691419
3.037623	4.364001	6.181065
3.609760	6.347863	4.427304
3.617585	5.867272	8.235778
3.553216	5.969743	6.794216
3.074884	5.496540	6.268299
3.242507	4.282686	8.099591
4.660266	5.004202	3.214251
3.011548	3.301681	6.836274
3.113900	5.453810	5.400121
3.984100	4.627856	3.323078
3.851656	3.419471	3.466907
3.320122	3.601580	7.536040
3.207351	4.348836	3.661335
4.104415	6.387819	4.483351
3.030055	4.779698	5.235862
5.043220	6.188523	6.288056
4.501276	6.903700	7.647109
3.968007	4.986756	9.254063
3.068034	4.351233	7.593421
3.682011	4.906499	3.034623
5.199574	6.649738	8.012789
5.106862	4.583541	5.701006
2.960379	3.649474	5.494198
4.173079	4.799302	8.920251
3.351709	4.416615	9.144402
3.795302	4.492497	3.278999
4.416113	3.385411	6.725458
3.035681	3.755182	5.492658
4.279288	6.184450	6.061682
4.959066	6.274635	3.905751
4.903982	7.001105	7.326071
3.866662	6.159498	8.736240
3.736750	5.213560	2.836262
4.618011	5.796611	8.077147
3.623267	5.508999	8.969282
2.098991	3.858633	5.739435
5.171998	6.183561	7.712641
3.506881	5.689561	7.877329
3.261851	4.900062	8.883341
4.495930	5.485713	8.405618
4.240473	4.529323	8.908919
4.182226	4.790813	3.019939
2.659901	4.334470	8.116875
3.038789	5.253763	8.235568
2.708455	4.635432	7.424085
4.059204	3.007133	5.990044
3.710673	4.563839	3.017895
4.102854	4.939071	3.230785
3.574849	3.826834	8.497940
3.381288	3.653614	8.895095
2.699249	4.467132	6.962591
5.210226	6.897864	6.558572
3.857078	4.366307	9.134794
4.355184	3.906296	8.508915
4.241149	3.797569	6.395076
3.129743	3.336746	5.655913
3.793071	4.960094	3.522934
4.120748	5.448927	3.147392
3.230028	5.371904	6.893710
3.810799	5.187780	8.527824
3.425399	4.234878	8.758324
3.317781	4.953576	4.537398
3.141997	4.491145	3.662424
3.261455	4.631896	8.171754
3.705258	5.203195	8.582040
4.660242	4.302048	8.081125
5.724954	4.608881	6.500436
3.260761	3.893168	4.405479
3.219822	4.598327	8.500513
2.514086	4.127023	5.207948
4.371855	4.847483	8.695183
4.477809	5.489208	9.041393
4.399545	5.489831	9.158374
4.229273	4.728354	8.719579
3.827055	3.235945	6.555369
4.190347	5.239467	9.241129
4.273551	4.333600	8.889815
3.096690	5.560507	4.870919
3.545192	3.428331	6.787191
4.157918	4.752103	3.356764
4.333181	5.127962	2.926922
4.886035	5.552269	3.871988
4.073329	5.080874	9.076396
3.418653	4.145661	8.206868
3.055124	3.405499	6.594246
4.340854	5.383574	2.876164
5.141359	5.555314	6.596957
4.251168	4.368141	4.584903
4.487496	6.448740	7.383688
4.010651	5.449038	3.589073
4.065234	6.432718	6.769006
4.336976	5.155722	2.990402
4.090622	5.361312	8.544521
5.147107	4.256543	4.305372
4.076488	5.679721	8.695339
4.419440	3.881813	6.904222
3.753019	4.787101	8.743418
4.123692	3.663710	6.882164
2.933652	4.100300	5.618585
3.161031	3.519864	4.203577
3.359933	5.009471	8.436121
3.634262	5.450104	8.799748
3.017213	3.558491	6.824186
4.063200	6.742234	6.049473
2.515279	3.823956	4.977709
2.924714	3.363417	7.702105
5.122446	5.526487	8.310774
2.897133	5.484284	7.182492
4.044513	5.113448	8.822836
4.163387	5.424477	9.405613
3.556071	4.046589	8.835072
5.017831	6.884376	6.910404
3.977134	5.326438	3.195942
4.146355	5.176431	2.782416
5.405666	6.208287	4.242726
3.872551	6.636730	8.293255
3.328979	5.407254	7.337350
4.954393	6.288092	4.327520
3.382660	3.176522	6.183095
3.904037	4.156883	7.990914
