5.085018	6.229751	5.990849
3.266613	3.965218	4.308814
4.905378	5.142227	5.889109
3.881306	6.078281	7.843900
4.617695	4.870712	4.408492
3.751643	4.434998	8.423706
3.712327	5.619309	4.489218
3.309646	3.725351	8.089467
3.661457	5.935444	5.508093
4.800457	6.393789	6.072869
3.449520	4.897454	3.943046
3.077412	3.778171	3.814748
4.062300	5.160027	3.389021
3.257097	5.421572	7.944103
4.053460	4.689181	8.214293
2.676767	5.692189	6.654592
3.778970	5.450123	9.042333
3.454023	4.319023	3.090406
3.795678	6.430995	4.269494
4.516327	4.357228	3.251379
2.914742	4.202890	6.333911
4.884426	6.484464	5.814429
3.470461	5.364692	8.464020
3.714505	5.480258	8.468298
3.539031	5.301866	4.247741
3.213002	5.063844	3.219727
3.257291	3.527836	3.328478
3.433427	6.960667	5.126977
4.927984	5.855907	5.553439
2.632240	4.324594	6.848144
3.953428	4.379991	3.478129
4.555932	6.071986	4.106717
3.325401	3.847776	7.439993
3.370213	5.413911	4.504696
4.029579	4.915544	8.442472
3.475549	3.172845	4.069710
4.666752	4.461180	8.771050
4.013748	4.975951	9.008433
5.137893	4.797380	4.599614
4.578980	5.255880	3.399057
3.895788	5.105570	8.704533
3.552712	4.144217	8.356875
4.958209	6.269525	4.575898
3.693564	4.840036	3.490534
3.672160	3.595545	5.002426
3.182279	4.540795	9.140865
3.280547	5.212379	4.212073
5.339328	6.850167	7.334661
4.388593	4.727436	7.679906
3.018905	3.737340	5.273700
3.660651	3.465114	7.175248
5.352544	5.566321	7.190016
3.714733	4.691181	3.229749
4.338008	6.496250	3.606891
3.815952	4.198199	3.423699
4.666072	5.442168	8.530007
3.418291	4.630921	9.242424
4.970266	6.618524	5.330016
4.365867	5.242852	3.447265
4.325910	5.229741	3.160596
4.591536	5.013213	8.654054
5.024551	4.918923	7.024917
4.033916	4.763300	8.773271
4.960178	5.417211	4.362054
4.300094	6.012360	3.470003
4.082812	4.342163	2.770063
4.357557	5.770091	8.259894
4.535399	5.781570	9.089938
2.324637	4.370026	6.749753
3.047708	3.080760	6.504098
3.472326	4.502601	8.706020
3.306299	3.544922	4.503918
5.011829	4.937675	8.480787
5.457495	6.286360	6.463149
3.624314	4.974452	8.886831
3.911432	3.895399	8.852687
3.334631	5.583673	7.840697
3.385038	5.393797	7.096337
3.540599	4.278747	3.963167
3.801049	4.344043	2.960391
4.094402	5.780088	8.569864
4.258377	5.116925	8.732331
3.370189	3.372304	5.859332
4.133164	6.240788	3.363079
4.669185	5.167583	8.962121
4.560168	4.461037	8.123783
3.535256	4.372951	3.108944
3.521358	3.273636	6.701634
2.433161	5.208187	6.761210
2.681718	5.056044	4.794306
4.406888	5.675273	8.493776
3.317386	5.650167	3.160997
3.421495	5.049347	3.601272
5.067437	5.358010	7.765964
2.718934	5.113200	7.905991
4.000476	4.516962	3.213245
3.528752	4.305710	8.759343
3.381768	4.996373	8.193499
5.636494	5.356457	5.420064
3.927880	4.946260	3.048405
3.871892	6.146318	6.381066
5.098491	4.612773	6.840656
3.829637	3.910688	7.711009
4.534952	5.463501	8.219799
4.622169	3.955784	5.350651
3.788089	5.036722	8.979437
4.411900	4.018507	9.254663
4.324526	5.280424	3.050775
4.776266	5.290511	5.820364
3.557972	5.157669	3.289901
4.456478	7.206976	5.693916
2.714846	4.777482	7.611193
2.641210	4.678971	8.600626
3.740447	5.433825	6.619531
4.528736	3.934293	8.100183
4.020381	3.780373	3.279969
3.047500	3.783507	6.502254
3.998924	4.522035	3.558351
4.430853	6.422955	6.351773
5.196905	5.462105	7.169738
4.417036	4.048439	8.442571
3.954037	4.948561	2.786862
4.305605	4.155944	8.043014
4.943589	6.665993	6.675400
4.914550	4.117306	6.877618
3.298083	3.305111	4.991872
4.399817	5.796594	8.548877
3.797698	5.433771	2.778190
2.816773	3.593536	7.554765
3.512696	5.633840	5.927115
4.088737	4.831684	8.943047
4.476311	5.835394	3.373250
3.879993	6.603477	7.837198
3.335705	5.551810	3.569951
4.783481	6.179865	3.332098
4.208573	6.376794	3.672888
2.906630	2.919493	3.670609
4.834893	4.185719	6.298926
4.602058	5.615862	3.445335
4.407642	4.201780	5.065661
3.398698	4.518405	7.444439
3.883565	5.195533	9.172324
4.261400	5.261057	8.968048
3.956364	5.459808	8.743641
4.373661	5.795801	9.096322
3.679394	5.083477	8.820793
4.704435	6.014456	3.159096
3.919817	6.563081	7.029754
3.310965	5.337377	7.640964
5.061904	5.279779	6.771146
4.089801	5.653078	8.474166
4.157211	6.474222	8.129396
4.483922	5.481508	3.300365
5.265882	6.799675	5.917719
3.067630	4.031590	4.950274
4.427147	5.803352	3.627518
4.615980	4.845606	8.367177
4.679016	5.480684	3.509902
3.728772	5.108584	3.666429
4.147845	4.824706	2.798390
4.765153	5.811514	8.477779
3.417212	4.189450	8.968780
3.120078	5.201596	7.927026
2.706747	5.320828	6.435265
3.608137	3.775066	3.493862
4.226167	4.096867	2.967302
3.027227	5.727513	6.150294
3.351731	5.043317	3.934070
4.022304	7.078570	6.842018
4.229109	6.707868	5.300539
3.448554	5.658901	3.597942
3.944619	5.274156	3.251797
2.773310	4.972653	4.788712
4.176830	5.682212	3.305519
4.079849	3.678903	3.600635
4.820611	6.310375	4.660372
3.740538	4.802895	8.307481
3.254195	4.212117	8.252432
4.295881	4.436988	3.005645
2.841649	5.291475	7.747429
4.959567	6.142591	5.167308
3.657222	3.423324	6.299933
3.720719	5.147737	9.427576
4.008584	7.237204	6.177494
3.554116	4.302521	8.705995
3.277627	3.372980	6.001110
4.900772	6.463716	5.193580
3.303636	3.336863	4.470656
2.922125	3.975646	6.038964
3.339277	3.567463	7.991260
4.240882	5.896883	7.670563
3.765942	3.605516	3.586956
4.027488	5.820864	9.255894
4.628616	3.999686	4.426115
5.928410	5.891860	4.078096
4.104467	6.404543	7.491416
3.503600	3.863581	7.932989
3.333282	5.634572	6.722935
4.002977	6.471553	5.067748
3.464987	3.921425	3.761126
3.964240	4.893257	3.107840
4.092709	5.165829	8.969148
3.043607	3.774000	4.975175
4.759062	6.634871	5.721167
3.550405	4.637776	3.026215
2.759455	5.369595	8.225521
4.269507	4.460660	4.753380
3.805261	4.987484	3.119206
4.646592	5.592988	8.530519
4.134085	5.328558	8.936523
4.717476	5.439305	7.605993
4.416566	5.910175	3.404005
4.562061	5.319137	3.082532
3.371529	4.541018	8.228919
3.115477	3.466770	6.129938
5.573028	5.635857	5.753422
2.651634	3.938642	7.474449
4.394244	4.542864	3.462201
3.926934	5.991917	8.335475
4.971718	4.313846	5.634973
4.830022	5.098058	8.730604
5.228373	6.674089	7.733899
4.688913	6.101420	7.660471
5.114456	6.048981	6.493419
2.579147	2.931967	5.496684
3.354589	5.247648	3.068550
3.839432	4.961027	8.990184
3.382918	5.234541	3.802265
4.159555	4.439867	8.743966
3.867545	5.206040	9.141405
3.964267	4.225911	3.499594
4.123607	5.165964	9.016316
3.220558	4.281312	4.385912
3.669113	6.117985	7.626223
4.813240	3.524654	5.890995
3.394486	3.882777	7.500613
4.753690	6.781260	5.360840
4.221391	4.375516	7.321917
4.498499	5.142564	3.172393
5.272526	6.067137	7.577227
4.451892	5.135399	8.906326
3.817796	4.710307	4.217734
3.838726	5.830387	8.737180
3.134399	5.143384	6.640875
3.188201	4.029487	8.204326
4.084284	4.236866	3.578101
4.010768	4.832031	8.772479
2.238654	3.821146	6.180744
3.802197	5.995817	7.202078
2.510487	4.111536	4.171890
3.863648	5.513280	3.301903
4.837156	6.379030	8.073475
3.840393	5.624898	8.930364
4.360327	3.838827	6.394542
5.412439	5.170366	5.834618
4.432931	5.420798	3.209723
4.325821	4.706956	3.011967
3.692405	4.949907	3.282808
4.286501	5.177002	9.166710
4.141681	4.781775	8.677661
3.849964	5.280608	3.070525
3.641307	3.993226	7.053517
3.385374	3.977458	3.310056
3.603931	6.110204	7.779111
2.880512	3.271085	6.223487
4.234011	7.094582	5.587767
3.414987	6.120364	6.643681
4.172135	5.679430	8.462195
4.408521	4.127962	3.085227
4.293653	4.341656	8.756609
3.501974	5.925229	4.972396
4.478110	6.672170	7.849196
4.164447	5.539179	3.154741
3.923623	4.676125	8.896323
3.144292	4.174650	7.891004
3.540507	3.565715	5.700360
3.961219	5.771762	3.404770
2.888227	4.626915	5.594336
3.158670	3.954539	5.456261
5.300966	5.713978	5.810829
3.892991	3.959058	3.467936
3.236900	3.285895	6.601213
3.722334	5.915964	4.821914
4.408755	5.359587	9.346618
3.453708	5.512202	7.658782
4.512091	4.151621	7.343584
3.593118	4.936217	3.073956
4.186327	4.338288	8.813650
4.787220	4.653051	8.929626
4.029695	5.200982	9.228995
5.436603	6.399561	6.890211
3.562692	5.174630	2.785733
4.782532	4.751356	4.729901
2.903567	5.069983	4.719632
4.189369	6.025840	8.485631
4.233638	3.613403	4.376941
4.287803	4.343584	3.880605
3.116607	5.032342	4.332103
3.750557	5.033256	9.184959
3.341580	3.979129	4.049999
5.237609	6.199533	5.270268
4.432508	3.847310	6.813658
4.117733	4.754771	4.943010
3.882051	5.289671	8.476579
3.759837	5.143850	2.877845
4.597131	5.773482	7.926436
4.314656	5.524690	2.984122
4.013969	3.653191	5.080275
2.585930	3.322819	7.112890
5.020072	6.174489	7.374838
4.093295	3.861145	6.038288
4.170534	5.196040	8.898344
3.944187	4.212576	8.025110
3.670084	4.600644	2.137531
3.093723	4.141910	5.935084
2.973996	4.194097	9.396143
3.816263	4.369993	3.075190
4.209622	5.770200	3.295911
5.015816	6.495454	4.649075
2.691587	3.060638	7.504393
2.891203	5.355576	7.652794
5.343611	6.244928	5.302756
4.292113	5.818022	3.719852
5.550678	5.813757	7.125831
3.887389	4.150957	8.911925
4.618178	4.391596	8.475621
4.727799	6.273650	7.635524
4.529233	4.737567	3.421156
2.789256	3.662659	7.131079
4.250227	5.103573	8.959569
3.650577	6.126476	4.459068
3.815445	4.517875	8.162410
3.959043	6.499029	6.827281
4.232844	5.282039	9.181052
4.996879	6.065618	4.431002
5.138548	4.967213	7.068994
3.950840	4.657658	3.157214
4.092178	5.982764	4.115199
5.102945	4.484798	5.568982
3.048015	3.684660	7.163383
3.222078	3.706268	4.759220
3.849015	3.985282	8.500553
4.218847	6.797648	4.912681
3.329481	4.846496	4.141991
4.179458	5.406757	3.471576
2.348055	3.760001	6.365405
3.939254	5.335678	3.475782
3.863875	5.241202	3.086002
4.007481	4.785443	8.333247
3.172932	4.924302	4.078727
4.275544	5.438868	3.038110
3.681314	5.914711	3.212751
3.232657	4.424826	3.668172
3.953891	3.570273	7.914582
3.765332	5.601316	8.386911
3.732729	4.706850	2.881097
4.227944	4.897466	9.173211
5.061172	5.463926	6.111831
4.555435	5.755659	8.556972
5.389489	4.870112	7.813591
4.885094	6.597657	4.134727
4.618341	5.830064	8.006996
5.048137	6.035830	5.489367
4.647004	5.199732	2.976959
4.128887	5.100581	3.340544
4.810241	4.838424	2.890862
4.279472	3.817813	4.932771
4.283562	3.518239	4.572110
3.949096	5.295318	2.662179
4.089229	4.401158	3.177500
3.459098	6.404314	3.794104
4.279891	5.114856	8.500685
4.326325	3.770415	6.990528
3.040781	5.596192	7.826750
3.646255	4.689925	9.106093
4.200853	5.092285	3.107867
3.024054	3.883488	6.144428
2.899300	3.507051	4.296139
3.813586	3.644917	6.276329
5.198000	5.517310	7.663823
3.537015	5.319856	8.902486
4.555172	5.241708	8.839124
5.520493	5.698131	4.308286
5.404966	6.369594	5.582599
3.709185	3.970124	9.040311
5.322600	6.212790	5.320457
2.917769	5.731327	7.408879
4.017595	4.961430	3.731585
4.676888	6.426000	7.489713
4.363359	5.376671	9.242883
3.615937	4.274941	3.419546
4.165681	5.786621	3.306979
4.408558	5.035761	7.940430
3.340607	5.377703	9.321609
3.673086	6.470254	5.620816
3.345546	5.399970	9.452515
4.216880	5.797211	3.903689
5.398109	5.482099	5.155256
3.137571	3.140827	4.886908
4.733813	5.757015	5.244920
3.921401	5.953882	3.704194
3.765010	5.266808	3.067945
4.023720	5.233200	9.206117
2.984223	3.733480	7.688416
5.056558	5.736357	6.800311
3.117146	3.239277	7.365356
3.966647	5.163076	3.029881
4.754466	6.693812	6.632549
4.222441	4.588934	3.337272
3.724531	5.711051	4.989084
3.521265	5.501057	3.340824
3.194522	3.315179	7.961496
4.969818	5.835549	8.382489
3.064193	3.608531	4.523035
4.681226	5.513189	4.034294
4.100567	5.008955	3.595867
4.922867	5.683244	7.886974
4.602603	4.533278	8.856884
4.341723	4.887867	8.505674
2.737410	4.892548	3.492641
4.586885	6.204140	8.624691
4.300200	4.614705	2.751854
3.857525	4.321337	9.507076
4.711824	6.659479	6.873470
3.927416	3.542726	3.487943
4.104467	5.877985	8.845316
3.235486	3.897697	8.286264
3.945421	5.706751	2.567308
4.416623	3.591132	6.607225
3.453394	5.091520	2.756622
4.881690	4.410779	4.336568
3.923133	5.189196	9.225702
2.673412	3.829673	3.362348
2.898223	4.304952	3.969135
4.324508	4.541749	7.012291
5.183694	6.353773	6.032647
3.940278	3.786495	8.474351
3.607078	5.546941	8.909429
3.435922	5.430278	3.227880
5.177512	4.359136	5.144450
3.135706	4.750989	8.598465
3.777643	3.101007	5.475901
3.186270	5.079450	8.551507
3.922001	6.601860	5.723832
3.895760	5.060722	8.503236
4.543751	5.333591	2.922652
3.590909	3.820079	4.820248
3.205841	3.824484	8.503870
5.077032	7.255350	5.347064
3.556151	5.135027	3.723050
4.953622	4.692669	8.241097
4.190412	6.232738	6.688337
4.364123	4.817849	9.162338
3.065798	5.365486	5.403748
2.922777	4.667929	5.627941
2.875384	3.278355	5.155271
3.744212	5.329580	2.997172
4.072041	4.953134	7.876604
3.114731	5.009618	2.994334
3.522644	5.002453	2.677046
4.511326	6.113700	9.122777
5.616537	6.467407	7.777480
4.687029	4.918999	5.275400
4.418316	3.926487	6.710870
3.325653	4.859463	3.136979
3.660145	6.813649	5.285045
3.856929	5.278007	3.155290
4.825022	6.419729	4.207856
4.256267	3.699227	8.488568
3.255157	3.916509	7.562007
4.496610	5.023782	3.352327
4.112958	5.815016	3.753742
3.478250	3.320917	5.069107
3.460591	5.101665	9.062674
5.403868	6.216868	4.863330
3.591013	5.525832	5.144753
4.112354	5.274173	9.145959
2.863029	4.907314	9.380297
3.581694	5.209714	2.913372
4.561718	4.506080	3.431171
4.238353	5.534634	2.919197
4.067707	4.884946	2.847223
4.496223	4.800861	3.175723
4.063692	4.586424	8.783344
4.463917	4.469139	7.810541
4.071999	3.569397	7.152142
4.556402	6.413541	4.719033
3.480209	5.023802	3.333958
4.971498	4.524066	4.409428
2.826936	6.299372	4.519064
3.083630	4.882065	3.291584
2.319876	4.174341	4.714546
4.398365	5.288593	2.635735
4.696726	4.969507	3.620743
3.412610	4.548917	3.413752
4.046874	6.256275	3.614041
2.680295	4.430755	8.413166
5.409057	6.035389	3.820776
4.040319	6.654937	6.855956
3.125266	3.850245	6.689123
