2.279584	4.070632	3.776443
3.546474	4.784239	4.262283
3.192653	4.949123	7.789031
5.901915	6.066984	4.780583
4.722465	6.189449	3.634496
3.786114	6.453826	5.546548
3.495411	5.574486	3.563219
3.959513	6.037558	8.405895
2.933106	4.377231	8.294200
3.915235	4.426973	8.646238
4.765005	6.731184	5.585367
5.067289	6.543646	6.548624
4.853905	6.529715	5.522153
4.797437	5.408358	3.835962
5.418397	4.729790	6.665279
4.393594	4.588544	5.070736
3.128332	4.867415	5.832723
3.669107	4.256640	8.698513
3.385038	4.920348	3.164255
3.991122	5.441815	3.502043
4.456133	4.963939	3.260427
4.611094	5.222842	3.251302
3.626007	5.475886	7.624635
4.208417	6.729073	5.707733
2.853417	5.139989	4.835982
2.528721	3.746294	5.344084
4.051861	4.929874	8.849424
2.973311	4.549140	3.611935
4.604886	5.308931	9.049306
3.640994	4.695774	4.396842
3.771110	4.230359	3.470320
3.692577	4.765064	3.490556
4.208793	4.607707	5.162668
5.402876	6.152508	5.177813
5.477217	4.623201	5.697338
4.019536	5.352664	3.037849
4.615044	5.964567	8.878111
3.447109	4.246673	7.413060
4.463268	5.332477	8.909868
3.914149	6.464388	7.696584
3.220272	6.405487	7.516608
4.412773	4.888612	2.822687
3.927071	4.602984	8.496743
4.428493	3.210416	5.012127
4.132134	6.934832	5.344009
5.297022	4.923845	7.464323
4.222227	6.334627	5.420891
3.631945	3.273863	7.959306
4.822693	4.336897	2.577289
3.407293	3.675662	4.034278
4.297300	4.055634	3.410947
5.475273	5.878368	5.644328
4.872295	5.372029	5.435715
4.751719	5.549007	2.823036
4.197656	6.320631	4.448945
5.532694	6.277316	5.670800
4.045239	3.865771	6.911529
2.685876	5.650671	3.125908
4.219526	3.341417	6.774783
3.356772	4.865748	8.329387
3.636917	3.512771	7.559663
3.065066	4.602802	7.322424
4.414105	4.994212	2.633207
4.024491	5.489329	3.252475
5.105308	5.799513	4.527222
2.986613	4.361910	8.264056
3.707449	5.947882	8.022908
4.240892	6.272049	8.419312
3.720490	4.792467	3.989847
3.735490	4.568435	8.840379
4.227947	4.702521	9.678671
3.851321	4.936531	8.895066
3.128296	4.409320	8.462409
3.183332	5.678348	5.762072
3.660971	5.172816	4.038081
4.351012	5.383380	8.766860
4.961423	5.044930	8.115277
2.485635	3.832231	7.119761
4.518718	6.359267	3.711032
3.076202	5.550221	4.806958
2.455531	3.924536	4.886171
4.709762	4.708727	2.186481
5.154119	5.173502	3.178672
5.103347	5.709860	3.336268
3.218808	5.304443	6.267358
5.211186	6.181510	3.839646
4.041726	4.704474	2.726003
4.816815	5.184904	8.812040
3.412223	3.640452	7.128162
4.428595	6.415263	6.089461
2.663618	4.375193	5.973878
3.905944	5.593389	3.206874
3.957451	3.844210	8.142534
4.111621	3.820961	4.046686
4.508392	6.617415	8.823458
3.660552	3.016059	9.005557
3.970468	5.270009	3.077512
3.641795	5.127837	8.409318
2.938838	4.419812	3.155873
4.564487	5.425725	3.683167
3.502384	3.733719	6.906373
3.444010	5.020601	3.261238
4.620516	6.725701	7.289298
4.860479	5.728490	6.099470
4.412390	6.035705	8.270268
4.120266	4.432153	9.124148
5.305180	3.758509	4.871239
5.537017	5.267434	6.000404
3.335914	5.653493	7.105653
3.612455	3.770577	4.031961
4.529695	6.232614	8.509414
4.041909	4.557964	9.131527
2.924452	4.239418	7.957546
4.619936	4.228740	8.480348
4.078608	4.259727	7.704374
3.972983	5.220675	2.954118
3.165334	4.612568	5.950340
4.458216	4.536431	4.004084
3.360382	5.432738	8.456620
2.919721	3.139041	5.844766
3.907011	7.209104	5.576893
4.625438	5.241749	8.661052
2.993833	4.481707	7.597245
4.899927	5.246176	8.326867
4.795639	5.117351	8.046531
4.705452	7.196776	5.958248
4.300352	6.757481	5.146890
5.609051	6.145655	7.064558
3.472786	4.594202	3.011720
3.959626	5.067918	2.971815
3.685915	4.408662	8.893978
4.133850	5.034192	8.309466
5.071097	7.087200	6.515817
4.623753	6.329473	4.699545
5.175968	4.735093	7.838094
3.641371	6.695531	4.735261
3.494783	3.154093	8.370752
4.226491	5.000326	3.559594
3.660630	5.805243	2.757833
3.058773	3.041528	5.505830
4.800140	4.127276	7.151101
3.821460	4.864777	8.599614
4.906215	6.725346	5.505442
4.368126	5.046409	8.969638
3.966578	4.149485	3.446095
4.044539	3.779531	7.383606
4.440176	3.640900	6.612846
3.621608	3.057734	8.024426
5.634742	4.163488	4.716154
3.032869	3.373749	5.245456
3.725669	5.398396	8.763637
4.707003	5.702021	8.256610
3.867589	4.867170	8.626247
5.905522	6.408251	7.242601
3.001561	6.126387	6.410076
5.414082	6.272423	4.450015
3.043347	5.082622	3.665350
4.138021	6.494631	3.821006
4.089594	4.905574	2.779205
3.624376	5.118192	2.956526
4.984976	4.970392	8.785495
4.615217	6.435481	6.200831
5.210052	5.211506	4.407515
2.977448	5.285180	6.161905
3.718172	4.583346	3.057838
4.314749	5.146462	8.872683
4.825926	6.096273	7.995696
4.495700	6.498835	7.716473
2.221124	3.535339	6.696114
4.228851	4.178835	3.482564
4.357070	4.443456	8.902453
2.620286	3.264489	5.506034
4.005067	5.492466	3.394425
3.896110	4.559689	9.790974
3.570717	4.501014	8.840982
3.230946	5.864694	6.117600
4.170839	4.699414	2.730122
3.331185	5.211451	6.530001
3.748044	5.444387	9.167716
3.157267	4.638804	8.608991
5.185981	5.499827	6.656659
3.636555	3.292705	5.592985
5.052078	5.106425	8.575105
4.898054	5.510305	3.773081
3.799054	4.364719	3.392805
3.195450	5.261732	8.493566
4.446085	4.901996	9.087095
3.503701	5.137078	4.889011
3.660476	5.337357	3.054108
3.974699	4.384872	8.217680
3.986854	4.658422	3.076760
3.645656	5.485696	9.141870
4.228179	4.561369	8.976475
3.909712	3.810457	8.486106
3.698509	5.947474	3.527952
3.616937	5.809313	8.021039
4.162551	3.486896	6.788959
4.582544	6.658830	6.521322
4.020257	5.085644	2.859378
4.946532	5.955513	7.658280
3.649547	4.063687	8.069736
4.527757	5.902017	7.969796
4.188168	4.220467	2.939355
4.316684	5.366186	8.761044
5.180033	5.571675	7.736327
3.287328	3.537248	7.641349
3.491666	4.891233	9.015280
4.321601	4.304814	3.112958
2.997886	5.858228	7.198788
4.923676	5.586992	8.157356
3.939286	5.202162	8.695977
4.341207	4.734188	6.372850
3.514679	4.121829	4.000138
2.840317	3.504755	7.317537
3.006638	4.443721	8.166345
5.535631	6.381455	5.258538
3.505010	4.650277	3.356643
3.804361	5.010840	9.125115
3.163764	2.869586	5.791412
4.779970	6.494673	6.903212
3.766774	5.516442	8.802808
4.743956	4.545941	3.160387
5.407580	4.596286	6.034083
3.868652	5.069785	9.235620
3.565011	5.502978	8.838082
3.678147	5.028817	8.912375
3.154071	5.636057	7.290818
4.509763	3.592500	4.623757
4.243183	5.572306	2.248632
4.135485	4.840332	2.685266
4.276950	4.920041	7.893800
2.712375	4.751308	3.455476
4.509333	4.590989	7.786197
3.641714	4.636442	3.373770
3.886462	5.292953	8.388583
3.231836	4.187421	3.304970
5.201859	4.575068	7.494530
3.789659	4.653929	3.234435
3.073259	3.359933	7.873633
4.274515	4.082801	4.762169
5.582964	5.324325	4.422886
3.113466	4.960035	8.980628
4.235302	4.875313	9.490913
4.263027	5.725256	2.885257
3.154277	6.214106	4.396720
5.215336	5.565676	7.800119
3.739741	3.328117	5.843952
5.059837	6.328974	4.816456
5.621556	7.037477	8.145168
3.395751	3.827369	8.957136
2.858758	5.615278	5.618578
3.761671	5.038341	8.596090
5.103490	6.516183	4.825079
2.802482	5.209182	5.682485
5.088869	5.488708	3.831049
4.408666	3.839871	4.308980
2.582088	4.018676	5.852148
4.894257	5.949101	6.755871
3.544740	3.830788	8.692345
4.543011	6.573103	7.425656
4.525750	5.738659	3.672818
4.022421	4.992563	8.792997
4.747533	4.136399	6.370926
4.446398	5.842855	3.519663
4.876904	6.639574	6.257357
4.174054	5.344406	3.108573
3.556448	3.490955	4.225110
4.481018	5.369276	2.715089
4.989435	6.450150	7.677763
4.949273	6.430078	5.701433
3.160697	4.046601	8.102402
3.282468	5.482494	2.962175
4.778929	4.215141	7.630025
3.825695	5.547797	3.745571
4.177415	4.706311	3.091574
3.509635	3.578082	7.532486
4.590482	5.332040	3.512701
4.748576	6.867053	4.324881
3.287323	2.563993	6.733572
4.122953	5.921411	2.992878
4.438426	5.125096	3.034892
4.476011	4.787437	3.028536
3.698585	6.446317	6.875261
3.562299	5.254334	9.409286
2.853332	6.108166	4.457922
4.060320	4.160818	3.399539
2.650102	4.610087	7.316620
3.123836	4.502969	8.412326
3.782132	3.670291	3.589729
5.125309	5.888334	6.017705
3.297581	3.144929	6.368397
3.748888	5.370546	4.627781
4.231385	5.476496	3.488726
4.403886	4.918401	4.695889
4.384645	5.549574	3.269161
3.831502	5.253501	8.663976
4.538921	3.807221	4.546489
4.628111	5.557670	8.452956
4.536484	5.713282	3.944791
3.906646	4.854369	3.216852
4.896657	4.284848	6.957679
3.638248	5.964520	3.272774
4.175665	5.067885	8.969507
3.147386	4.858555	8.408511
3.114731	3.524341	4.529642
3.336012	3.845643	7.471176
4.655153	5.206779	3.540033
3.808072	3.223019	4.377561
4.232467	5.124353	6.287561
3.295060	3.643505	3.458557
3.457868	5.082384	9.139424
2.949989	3.271428	7.294688
3.874588	4.794416	3.291451
3.234044	4.624430	3.651080
2.535177	3.824175	4.627657
4.814982	5.254978	8.202448
4.580981	5.322244	3.447085
3.064190	6.102031	7.338009
3.459466	3.419973	5.110261
3.137462	5.436849	6.355667
5.264945	4.340553	5.320113
5.702806	4.106487	6.353338
3.111064	3.163741	5.001420
3.447046	5.151304	7.861483
5.214899	5.589726	7.243502
3.526386	5.346520	3.024822
3.708429	4.579903	8.435472
3.944295	5.658773	8.361050
4.036192	3.898898	3.695225
3.939556	5.743782	3.640573
3.617265	6.748956	5.773741
4.528047	2.623518	5.179525
4.479915	6.188044	4.025287
5.090772	6.446816	7.253157
3.376618	3.495271	7.014606
3.189591	4.922328	8.831897
3.825366	4.973857	9.027761
2.712471	4.980087	8.033389
3.958032	3.550389	3.974529
4.144117	3.781094	4.234874
3.430252	4.793699	8.715461
3.757875	4.739779	3.522625
3.309417	4.684739	3.935330
3.898849	5.540354	3.804562
4.396102	6.345548	5.032490
3.461942	4.444010	3.538423
3.226824	6.143075	6.198538
2.805928	4.054636	7.228839
4.148853	4.451210	8.471512
4.673848	5.705568	8.078509
3.341518	3.948741	9.225096
3.793366	5.301507	3.709245
4.664095	5.141032	9.136726
4.504488	7.409019	6.969551
3.854380	6.482352	6.560260
4.462354	6.065520	7.026476
3.340457	3.503673	5.738443
4.339794	5.168139	4.284038
5.255599	5.318415	6.489106
3.554610	4.860311	9.113649
5.335729	6.514606	7.789106
5.301916	6.025059	4.648867
4.145608	6.103210	8.217588
2.800585	3.379549	5.865292
3.917884	5.464882	9.654937
3.872912	6.182048	3.613836
4.555748	4.475452	2.836168
4.683878	4.590685	7.030281
5.157166	5.399647	5.605990
3.689684	3.494940	5.341466
5.091578	6.402904	5.779565
4.197644	5.354065	9.104321
4.204902	4.065775	3.202054
4.978915	4.658814	6.640722
5.154511	4.463249	5.030634
3.823047	5.895742	3.218084
4.209412	4.772786	8.213524
3.992224	6.325242	3.653374
5.253966	6.491644	7.703022
4.153626	4.768643	8.095948
4.883856	6.267850	7.503964
4.782429	6.810247	7.253914
3.418062	5.574698	3.059845
2.760267	4.572807	4.636561
3.746947	4.418854	8.749199
2.685353	3.881921	4.191329
4.843831	3.905155	6.197883
3.807842	5.145944	3.645215
3.288743	4.161443	8.181213
4.474717	6.431667	3.366281
4.289475	5.404176	8.552967
4.853789	5.061789	9.110410
3.596978	3.181285	4.934337
3.915614	4.951369	2.953636
4.355041	5.002982	9.283322
3.380147	4.288483	7.451149
3.822208	4.864575	8.900593
4.465094	4.682660	3.613651
2.572824	4.145909	7.554325
3.426812	3.176760	7.209355
3.698393	3.654481	3.361372
3.946817	4.659419	8.353724
3.285885	5.010807	2.751598
2.803367	3.639684	8.737974
3.329283	3.697149	4.804514
4.449022	4.615069	2.899065
4.440073	3.648427	5.761952
5.513627	4.642712	4.968975
3.610971	4.832130	8.608633
4.283003	4.160358	4.939438
4.795837	5.365944	4.525282
3.643580	4.979408	3.205984
4.067919	5.651288	3.305343
3.605251	4.080255	3.645877
2.718557	4.683739	6.129671
3.663160	3.518241	7.263671
4.174168	4.532876	4.599089
4.168803	5.749501	3.115220
2.788626	4.693097	7.987455
3.285713	5.830044	3.841033
3.600265	5.776563	4.763926
4.299030	4.653456	3.018762
3.109531	4.925045	8.616163
4.683922	5.216282	8.864525
4.500761	4.046059	9.008777
2.879416	3.205039	6.042935
2.925794	3.974669	4.732648
4.706158	4.702059	7.698583
4.377978	4.600445	8.167539
5.164349	4.761691	7.398924
4.726250	6.652499	5.274131
3.778441	6.275233	3.548375
4.003581	6.265772	8.746532
4.649608	5.194983	3.207266
5.298439	5.623928	5.515071
3.185518	4.189637	4.560333
3.515804	4.323660	9.099581
3.830743	5.818583	4.393919
4.008435	6.311223	4.858008
3.574418	4.189692	3.209115
3.956823	5.087968	2.775659
3.329707	4.177768	8.808422
3.517792	5.284967	3.187804
3.880130	4.769839	2.683765
3.514786	4.958215	7.103488
3.750862	6.405203	7.694604
5.199410	5.942956	7.915712
2.942373	3.264748	4.112145
5.143632	6.091245	7.214801
4.243761	4.982185	2.718283
2.673830	5.576892	5.809301
3.742821	3.792879	8.794776
3.064053	5.123249	3.060763
4.597887	6.708142	3.619166
4.736487	4.897046	3.450944
3.221740	5.924722	5.996751
4.359656	6.062129	7.930021
4.534224	5.543689	3.271356
3.685859	5.235541	3.192980
4.918815	6.411032	7.138161
4.396461	4.562881	8.730234
2.776159	4.487362	6.969131
3.417109	5.086918	2.920430
2.931490	4.196699	4.321404
4.553263	5.273826	2.988153
3.861631	4.564002	9.264811
5.167047	5.651763	5.170127
2.812153	3.997433	5.520962
4.163644	3.806406	8.545007
3.645698	4.240177	2.846346
2.956179	3.655610	8.377018
4.471724	6.852831	7.543317
4.150645	5.772032	3.714183
3.036017	3.497682	6.868720
3.884372	5.009850	8.816547
4.377758	4.945690	3.382334
4.869508	5.412217	3.681064
4.121066	5.897048	7.674157
4.571222	5.260879	8.634409
3.939231	5.347378	8.378062
3.788982	5.764392	3.501200
3.019391	4.342920	4.862853
3.852264	3.272722	6.425405
3.584982	5.335725	8.712852
3.710086	3.954305	8.930878
3.870307	5.728416	8.058026
2.538695	5.464936	6.760680
4.671146	5.341185	5.280968
5.232381	6.948243	5.507512
2.959845	4.743896	3.201946
3.623730	5.137377	9.165662
4.764146	6.463721	4.671458
4.331969	5.978596	3.718104
3.505882	4.143025	3.231739
2.456872	4.644826	5.486858
3.688579	4.008942	8.120967
3.587799	3.777228	3.830303
4.875879	6.264879	6.402228
4.187147	5.316790	3.381084
4.606927	4.087557	9.173996
