5.242825	6.934876	4.938785
4.733724	4.394990	7.555262
3.750368	3.642577	7.637399
2.384725	4.156484	4.618267
4.553002	6.131738	8.512575
4.669662	5.341709	3.366798
4.071793	4.271638	7.829188
4.065899	4.204171	3.374305
3.893292	4.644428	9.304751
5.572577	5.409412	7.821349
3.808562	4.926888	9.862073
3.417755	4.572728	2.774830
4.404466	6.649154	5.691850
4.665447	6.097827	5.799007
3.271661	4.580592	4.234987
3.240694	3.950575	5.109088
3.943814	4.513613	2.422097
3.441563	6.114713	5.244971
3.969207	4.768648	2.579690
4.873460	5.797595	2.941612
3.723072	6.350666	5.469244
4.242810	4.605234	8.742942
3.809822	3.577488	5.017265
4.086155	3.974149	8.788743
3.538415	3.776357	3.798477
4.906131	4.600360	6.375009
3.649677	6.610469	6.486991
3.741963	4.535591	8.711244
3.793598	4.862140	2.453443
3.053068	3.969936	8.822443
4.197545	5.530120	8.683153
3.121542	3.056902	6.674627
4.900343	4.955557	5.928457
4.937948	4.624984	8.436052
4.996016	3.627100	3.909981
4.630927	7.279000	5.112941
3.531516	5.004472	8.688260
4.375793	5.477115	9.409556
3.276272	6.056396	8.127976
3.604680	3.858817	2.694660
3.118176	5.323046	8.363732
4.532741	4.487712	2.998225
4.094924	6.337374	4.709837
3.447692	4.173172	8.903184
3.928693	4.775032	9.221652
4.158043	5.528923	9.700959
3.088616	4.770398	3.475287
3.996411	4.676337	3.412049
4.352890	3.693599	5.529987
3.820408	5.738873	2.593058
3.791215	4.836623	3.136015
4.584148	5.973754	8.462473
3.503843	4.330320	4.255513
3.149515	5.764283	5.181008
4.111424	5.599063	3.355072
2.555709	5.149421	3.714111
3.287428	3.595529	7.584141
2.311933	3.539371	4.683390
3.932899	4.966119	9.377152
2.819012	4.116459	5.578760
4.661059	6.010130	9.021080
3.696139	5.990280	4.572346
4.266882	7.028703	6.047230
3.900151	3.714128	3.675302
4.283716	4.112511	3.589225
3.126468	4.253467	4.377431
4.903488	5.110152	6.945841
3.051885	3.972199	2.596052
5.318387	5.809574	6.962734
5.490463	5.656065	6.074594
3.925812	4.619879	3.938968
3.783724	2.728997	7.268248
4.045462	4.573734	3.222706
4.720618	5.132742	3.688502
3.460970	6.062166	3.616873
3.222293	4.966736	3.217382
4.299086	4.854633	3.072451
5.365172	6.529640	5.818534
2.833908	5.129463	7.636300
4.438348	5.371169	8.013829
3.593118	5.197982	8.769312
3.042011	3.840020	8.385029
2.685141	4.369273	2.719103
4.766430	6.583514	8.230053
3.376584	3.757597	7.604134
2.478494	3.027147	5.671354
3.557360	3.613717	6.321659
5.243315	5.468820	7.658758
2.752289	3.849930	7.943430
4.049762	4.835068	2.413727
4.326201	5.740460	8.558178
2.826661	3.806687	6.267129
3.821354	6.613758	6.869217
4.515034	6.771503	6.338693
3.632885	4.161407	8.807684
4.353366	4.928897	3.022663
5.041167	5.102339	8.805724
3.758482	3.573360	3.185909
5.080001	3.532136	4.659695
4.415283	4.619829	7.594384
5.049431	4.874462	6.917196
4.884083	5.119067	3.381720
3.154205	4.761369	4.517823
3.107012	5.975919	5.679057
4.531399	4.655798	3.739101
2.922466	3.038198	5.630789
5.735732	5.907674	7.714449
2.735104	5.074672	8.944994
5.685755	5.388213	7.826602
4.931328	4.140239	8.174304
4.172956	5.864404	7.619402
3.099934	4.303835	2.437642
3.379184	4.409519	7.540789
5.202803	5.834218	4.688655
3.879759	3.198989	5.437802
3.873271	4.606430	2.953406
3.764390	4.620512	3.092183
3.615724	5.432620	1.792915
3.659217	5.219976	4.790273
3.811413	5.349028	3.095038
4.506958	5.421203	8.299960
4.147843	4.672441	9.739125
4.587208	4.910994	4.484690
3.260860	4.764308	8.305403
4.085395	4.982602	8.916223
5.364462	6.473070	7.133755
2.867704	3.407229	3.681865
4.284156	4.101334	8.260076
4.966863	5.445067	3.509000
5.044086	6.563954	3.875610
3.089310	4.231024	6.172880
2.672469	4.848117	5.954904
4.729577	7.489695	7.103223
4.245444	4.213397	3.241111
3.565037	5.805249	4.536977
4.497799	3.741714	3.698344
5.703993	5.259250	3.608961
4.803807	3.794772	6.788692
4.727759	5.866984	9.330932
3.530112	5.138581	2.944827
3.620671	4.383382	8.838154
4.656440	5.230621	8.541795
4.346819	5.042353	3.170528
4.068934	5.128654	8.869622
4.119888	4.952126	9.324448
4.065518	3.739465	3.969890
4.837620	5.006267	8.657504
1.808076	3.885781	3.574631
5.032049	6.316417	6.867277
2.474333	3.394727	7.226079
3.238506	4.919250	4.983223
5.201013	6.303373	4.749881
4.326475	6.476209	8.306868
3.155968	5.399049	4.237303
3.864527	4.946869	3.106549
4.300900	5.560775	8.542891
4.907352	6.070711	4.239916
3.877955	4.894106	2.984837
4.883880	6.132444	5.804313
3.948354	5.164581	8.435941
3.287366	3.360106	8.856113
2.433126	3.539213	5.862328
4.139379	5.572337	2.762840
4.343988	5.275786	2.757379
4.033755	3.875645	8.613368
4.314462	4.535034	9.538199
3.957688	5.398461	5.588984
4.188435	2.771956	8.366740
4.217563	4.906950	8.639837
3.933603	6.053618	7.506370
4.706247	6.066426	7.328897
4.952844	7.343905	6.849334
5.272641	5.604288	7.770359
4.680851	5.963403	7.515891
4.448864	5.868358	2.879606
2.959645	5.165751	3.962657
4.089391	3.361419	5.887776
4.457163	6.313824	4.465589
3.998312	4.716397	9.151038
4.669046	4.780904	8.688679
4.065037	6.460138	6.845628
3.506322	4.480491	7.648588
3.076730	4.113372	4.208923
5.211722	5.927192	6.279131
2.906472	2.992504	5.190400
2.543313	5.331035	7.649941
4.107170	5.858644	8.436098
3.559078	3.740053	3.094961
5.320609	6.018907	8.698180
4.121915	4.940800	9.368543
3.758030	5.899265	8.818286
3.278646	3.029599	5.831625
4.098994	4.396824	8.634347
4.899580	5.576122	2.068080
4.520830	5.043418	3.285743
4.763437	5.200902	3.284825
4.341396	5.170997	2.412848
3.712623	5.722737	7.737937
5.000710	6.229773	5.769454
5.160336	5.959185	4.864095
5.419407	4.665925	5.255437
4.331523	5.427882	3.612827
4.042031	4.410692	9.480577
3.241032	4.995629	7.883390
5.169263	6.898236	7.069117
4.600793	4.559313	7.276787
3.071665	4.517359	4.519969
3.236614	5.388351	3.474828
5.068436	5.027740	8.951380
4.467847	4.513386	4.118140
4.190167	4.451646	3.123740
3.714064	5.330369	8.914159
4.383262	5.592422	3.232690
3.148912	3.130271	4.866847
4.198005	4.399858	8.576137
3.144278	3.805634	4.353058
4.921596	4.399258	5.853512
4.504470	4.664414	2.986688
4.079028	6.056138	8.613540
4.455570	4.973430	9.181486
2.715588	4.655227	6.052582
3.867466	4.798516	3.037471
4.287972	4.613824	8.689731
3.614594	5.077117	6.712980
4.310609	5.298896	3.640704
3.694947	3.917202	8.834662
3.810834	3.836836	3.358232
3.667858	4.789981	3.481657
3.950431	5.752384	6.032303
5.186624	6.202796	6.882504
4.796706	6.292900	4.112820
3.980439	4.651232	9.064023
3.724878	4.163690	9.066217
5.061502	5.307703	6.381078
3.579888	4.390676	4.992356
4.553407	4.127461	7.320060
3.168139	3.915473	6.024669
3.151152	3.252517	6.363356
3.719221	5.113783	8.307539
4.119010	5.283882	8.679049
4.928973	6.891005	4.302665
3.140106	4.757014	4.844490
4.042144	5.938836	4.469113
4.016128	6.811760	3.984703
2.298576	5.755843	5.786909
3.368005	5.322062	1.848006
4.221342	5.422488	2.533329
3.687596	4.929348	3.028980
2.322194	3.476031	4.703264
4.387126	4.618293	3.053158
3.502685	4.941503	4.004179
3.310011	3.727974	6.289851
3.419747	5.364166	2.664067
3.479055	2.768422	7.413928
4.119048	5.666077	3.070511
4.664128	4.579880	4.948076
3.405244	5.195949	3.531239
3.536382	5.168924	3.439917
5.400050	6.831172	5.739127
3.617803	4.947060	3.396911
3.312053	4.161381	8.443038
4.088394	3.875916	6.913150
4.011112	5.858095	8.662798
2.706279	4.866861	4.822764
3.739419	5.803507	5.091592
4.849305	6.108094	8.843766
5.455960	6.104985	6.186243
4.061790	3.352239	5.099303
3.554502	3.761537	5.887123
4.207720	4.181527	5.810645
4.393599	5.561574	7.706065
4.507475	3.727570	7.545391
3.097087	5.016950	9.180379
3.059137	3.812631	7.065506
4.527312	7.140545	8.103959
3.940153	5.944506	7.209998
4.003001	5.180303	3.916225
3.488148	4.684433	3.186316
4.432529	4.306279	8.675906
4.071741	6.386533	5.370782
4.517998	5.816433	8.670096
3.634064	4.475454	3.010548
5.170372	6.866170	7.095132
4.925806	5.485255	3.290708
4.470481	4.293791	7.261211
4.119334	3.964607	3.269428
4.430832	5.204139	4.786847
5.164439	4.965031	4.135348
4.338211	4.153368	8.002714
3.359251	5.185307	4.622463
2.827671	4.101592	7.244560
3.337929	5.174852	9.251875
2.816179	4.828092	8.032606
4.527226	5.157023	5.104273
3.501046	4.486686	7.483601
4.288039	3.580214	5.731612
3.649175	3.497558	8.249228
4.521008	4.377589	8.675523
5.385948	4.333158	4.388270
4.159050	3.832838	3.531035
4.700088	5.868008	8.205168
3.796559	4.811404	3.653072
4.857358	6.180706	9.478912
4.527075	3.846592	7.265211
3.048035	5.311158	3.422644
3.941922	5.646004	8.963868
4.393485	3.963286	5.200881
4.642454	4.324538	9.156199
3.901107	5.404082	2.973689
5.465204	6.050132	5.579122
4.249219	3.071266	4.797175
4.597596	6.885882	4.489478
4.597816	6.394257	7.490641
4.003376	4.595685	3.057508
4.873698	5.056854	4.582669
3.762708	6.147186	8.524172
2.912202	3.518209	5.813560
3.819672	5.890904	9.128987
4.345386	5.508541	3.989375
3.092126	3.758883	5.508394
4.528643	6.928028	7.454724
4.698290	4.890208	2.859808
4.052768	6.584419	4.188888
3.292037	5.486837	8.544015
5.151213	4.422784	6.478445
4.538936	5.934493	9.009883
3.811353	5.452088	6.930076
3.385155	4.673849	3.408372
4.778908	4.366374	7.235941
3.896130	6.341489	7.531823
2.787474	5.289791	6.132334
4.559168	4.316849	5.693848
2.984622	5.065232	7.268040
4.180225	4.584499	9.862962
4.571886	5.276466	8.682157
3.278942	4.798233	9.120881
5.515688	5.365803	6.315298
4.457830	5.357175	2.875542
4.548762	5.993608	8.397806
3.874096	5.174515	2.847931
2.400872	2.675414	6.601968
2.526334	3.799485	8.783194
3.915058	5.097464	3.072592
3.383383	5.205440	3.985119
4.291109	5.199561	8.936218
4.517100	4.337970	8.534045
3.381015	4.061883	8.147510
4.002062	5.846472	7.376681
3.667787	4.445328	8.087230
2.588417	3.330798	7.355765
4.055046	3.099014	5.726830
3.666828	3.310774	5.233661
3.055590	3.052849	8.467984
4.620017	7.087118	5.912795
3.777628	4.800824	2.763634
3.489941	3.507290	5.433326
3.810207	5.653780	8.296724
4.879449	6.144797	6.215931
4.352485	6.317368	3.423693
2.563125	4.721460	6.679526
4.782280	4.999662	8.869184
4.005704	4.708550	7.583285
5.044920	6.969588	4.908632
4.704348	5.904911	3.366128
3.241786	5.690457	9.349837
3.502278	7.215226	5.440374
3.350271	4.939578	2.610257
5.176808	6.291862	4.046226
2.965506	3.012491	3.632794
3.496808	4.034250	8.657628
5.002442	6.477521	4.666921
5.547059	6.781305	5.514437
4.198471	4.252956	7.386043
4.118247	4.250846	2.357020
4.897735	4.650989	8.665512
3.045031	4.476226	4.069777
3.740409	5.202368	9.391431
2.756734	6.084388	6.466288
4.349592	6.065202	8.128852
3.451560	6.316885	8.439750
4.200781	4.888838	3.961368
4.277261	4.315306	3.427190
3.745702	5.195016	7.608011
3.014156	4.757076	6.598946
2.920305	4.058528	5.167195
3.662364	5.375489	2.847801
3.513436	3.561265	7.490720
3.435987	4.801635	10.088808
4.605411	5.155712	3.109425
4.156239	5.476515	2.115524
5.268137	5.751186	3.521184
4.030967	3.699780	3.727913
5.480987	6.407241	4.751474
2.469129	4.295962	5.259156
4.301113	4.567360	3.491958
3.229431	4.804170	7.818944
3.791682	5.573294	7.214112
2.282328	3.849601	6.146534
4.184536	5.467490	1.810808
2.299115	3.801246	6.494303
3.844617	3.345322	8.082570
2.998561	3.520471	5.136877
5.371164	5.522653	7.321451
4.700984	4.382419	3.915047
4.118673	4.879419	3.728242
4.612919	6.720769	5.535266
5.423577	5.248742	4.185398
4.107386	5.582618	7.962478
4.152541	5.326209	7.599421
3.714979	3.542058	5.798605
2.445177	5.954756	6.619497
2.655051	4.516673	7.871208
4.458426	5.834503	8.487529
3.406447	3.858002	8.737996
4.789234	6.671381	5.686724
4.417031	4.789734	8.805930
2.673315	4.014941	7.890819
3.737078	4.560289	3.376833
4.796248	6.122094	8.056031
4.640069	6.307366	8.935087
3.649090	6.192247	6.218651
3.139399	4.728512	3.337165
5.380651	6.589965	5.932256
2.609445	6.511142	5.425763
4.630839	5.146762	5.562545
4.489040	4.805739	3.164364
3.604202	3.795469	4.351404
3.862972	4.768871	4.513070
4.035906	4.536964	8.809652
3.832685	3.424271	7.003028
3.211630	4.157949	3.156668
3.641356	6.234412	4.630186
3.466499	5.209377	8.829322
5.184949	7.236849	4.492659
4.936688	5.530876	3.708605
2.985142	4.603641	9.475155
5.000543	5.429851	8.125003
3.658946	4.936204	8.480874
4.581580	6.414838	8.783423
4.016192	5.194276	3.488049
4.442458	4.909645	2.689528
3.742470	4.989467	3.612742
4.523915	5.713855	4.138121
3.910753	5.208633	2.743096
2.732052	4.463426	8.373130
3.494135	5.292745	6.441460
3.551840	5.724483	9.001845
2.847408	5.552623	5.811020
4.406601	4.302875	8.157739
2.874740	3.476295	5.385883
5.049719	5.858949	7.800914
4.100231	4.047740	2.999543
4.025170	4.986464	3.135580
4.396140	4.619969	2.743433
4.330134	6.016484	4.248633
5.416967	5.657406	5.254342
4.591691	5.920347	3.351748
3.033894	3.411232	4.552553
4.070800	4.646341	2.576866
4.169558	4.270811	7.320548
4.666508	4.773196	5.703435
3.437462	3.163853	6.887611
4.328781	5.384847	8.712864
4.719558	4.803988	4.842265
3.576202	5.261372	4.302213
5.120798	6.287091	5.061145
3.328689	4.606980	3.813271
4.966343	6.399112	8.134740
3.118347	4.347234	7.557949
3.741568	4.136726	2.987369
3.249193	4.187189	3.115260
3.439131	5.118074	8.344826
4.757708	6.979960	4.473836
3.686445	5.293514	4.067768
4.715499	5.086165	8.114882
4.160935	4.494317	8.181170
3.749333	5.591364	3.268356
3.008994	3.643150	7.768904
4.753266	5.353219	3.742630
3.914103	3.446888	4.050008
4.623511	5.608518	7.864160
2.077855	3.291702	5.691402
4.557336	5.275820	7.114626
4.527229	4.176971	3.144864
3.343108	2.837383	7.839979
4.868985	5.375155	4.009083
5.214439	5.666001	4.090875
4.211504	5.746937	4.694661
3.580054	5.734784	9.366020
5.119119	3.923287	8.596317
4.518196	5.155892	3.202799
3.796810	6.877362	5.770329
3.221669	4.935942	7.762804
4.014979	3.936661	3.219839
4.626400	5.689979	9.370952
4.836118	3.847492	7.448939
3.953113	5.270080	3.128072
3.271679	5.026685	8.452765
4.884749	6.879545	8.153677
3.040749	4.943252	5.627345
