3.453075	5.401985	6.369510
5.254728	5.666095	4.817475
4.506222	4.943626	3.911338
3.258401	3.231093	4.700545
4.736065	4.373032	4.106521
3.205620	4.194062	3.743881
3.871799	4.412615	7.145075
3.814527	3.662894	4.453563
3.446258	5.000639	3.101038
4.895978	6.027406	7.006448
3.258089	4.423499	3.150057
3.682574	5.600221	9.261405
4.228827	6.752911	4.378648
4.778250	6.523423	3.176299
4.882263	6.004024	5.009808
4.760491	5.696728	3.747646
4.886042	4.825585	4.397371
4.126511	6.355359	3.940895
4.566120	5.209723	8.349485
3.376054	4.246584	9.529463
3.409260	5.869751	3.744738
4.228069	5.762684	2.763233
3.501981	4.998318	4.099136
3.743786	5.166691	8.971578
4.624427	4.757104	3.108995
4.436633	4.487368	6.437407
4.361251	4.216546	9.263703
3.624576	5.106917	9.158564
3.870518	5.221642	8.818097
4.450002	4.537854	7.522556
5.474372	6.060272	6.249294
3.245468	5.917174	5.959014
3.324153	4.974186	8.240502
3.450056	4.531401	4.224841
3.287374	3.205976	5.403190
3.901570	4.393527	3.389945
4.226888	4.801045	8.911697
4.160055	5.074282	8.735966
4.706033	4.837249	2.914058
3.529049	4.814797	2.887853
4.476785	4.362511	9.186439
4.862944	6.440067	8.875596
3.880949	5.372417	2.864132
3.327224	4.638155	9.405696
4.551381	4.763644	7.536612
3.030113	5.168960	9.056690
4.003486	5.574536	2.577900
3.275879	3.759051	4.865392
5.921554	5.134883	6.229428
5.348160	5.122728	7.973822
3.164040	3.865976	5.013932
3.431266	5.447798	2.952902
2.904037	4.219054	8.334707
3.431494	5.392226	4.853948
4.826983	5.633219	9.212594
3.898723	4.977949	8.715551
4.128770	5.030068	3.169231
3.750356	4.989648	3.461296
2.475705	4.533214	8.657511
4.124263	4.787824	3.157113
5.046906	6.058670	5.911509
4.690915	6.940489	4.575499
4.393433	4.680816	2.774247
4.294242	4.874487	2.907496
2.603759	4.505406	7.836129
4.722001	5.582959	8.503229
5.348801	5.954947	4.318909
3.705936	5.376090	3.224475
4.494777	4.352638	4.707806
5.165864	5.149399	4.235359
2.596675	3.879003	4.092933
3.188418	5.176034	8.762023
4.514468	4.384216	8.443541
3.106175	6.044267	5.330237
2.870962	4.010190	6.684249
1.993575	4.196560	6.435039
5.064408	6.170037	6.952910
3.555943	5.460233	5.078042
3.462365	4.397731	3.160611
3.262674	4.519148	6.396717
4.250803	6.252352	9.381940
2.781753	3.720565	6.068299
4.551959	4.358884	7.639146
4.547565	4.476374	4.780061
5.394057	7.146145	5.600692
2.830526	5.417720	6.546649
3.415679	5.692373	7.107430
4.873614	6.042378	3.900751
4.505070	5.018113	3.778680
3.275109	4.665662	9.715209
4.565965	4.426953	3.312566
4.114806	5.821280	8.804389
5.021313	5.076320	2.813110
4.310685	6.598244	4.239270
3.480440	5.053158	8.485359
5.455232	6.744257	4.115829
2.591789	5.007581	4.148935
4.308033	4.710665	3.213150
3.191216	5.834216	4.539808
5.139856	6.651724	7.035677
5.125944	6.644381	5.075413
4.410200	5.452633	3.129441
3.131323	3.548271	8.157818
3.772738	3.713896	9.438311
3.350280	4.934658	4.642740
4.396905	6.100859	3.964946
4.136227	5.219930	8.831117
3.975966	4.862396	8.355715
4.603128	2.947306	7.187962
3.200631	4.184059	6.949480
4.282867	3.490247	8.712015
4.700526	7.200797	6.316497
3.705046	3.657227	7.461135
4.574997	5.449518	8.971184
3.148999	4.496608	8.266138
5.277867	5.370168	4.019060
3.847536	4.897907	8.807058
3.619901	4.566661	8.617620
3.361135	3.471034	4.307043
3.801474	4.545304	5.638739
3.397410	4.772234	3.345266
4.838324	4.437855	8.751816
3.976289	5.131472	3.019170
3.485077	4.611655	2.321321
5.638068	6.471264	7.337919
4.214418	5.443481	8.859375
5.057416	4.542213	8.107950
3.299268	4.356320	8.131927
3.802818	4.866476	8.947147
3.161117	4.496431	6.200550
4.383713	4.534434	8.827783
3.789809	4.717843	9.147243
4.929274	5.426177	5.584267
3.402550	2.811810	6.281955
4.045539	5.269256	3.903704
4.712276	4.619165	3.112355
3.244247	5.061366	8.870503
4.705703	6.498329	4.911642
4.278066	4.944774	3.489556
3.989178	3.843940	3.381209
3.148605	2.881233	7.677122
2.765859	4.005826	6.500208
3.393187	5.936188	3.917222
4.749136	6.547503	5.566763
4.311393	5.329454	2.937085
3.422652	4.304880	8.564609
4.154850	4.977839	8.357966
3.322516	5.039132	3.110083
4.293445	5.343776	3.299720
3.288324	4.332171	4.461138
3.267390	4.271452	5.368253
3.244144	3.661851	8.120299
5.672664	6.905709	6.539640
3.568081	4.962833	8.815013
3.571096	6.973026	6.295769
4.707050	5.261663	6.465522
4.783104	4.785804	6.859063
3.368703	5.171974	2.913750
4.735996	3.774217	4.124307
5.359764	5.967730	4.963572
3.586895	6.449344	8.653252
2.608754	4.648351	7.508335
4.363668	6.316563	8.697318
4.037563	6.502553	3.163963
3.395640	3.478710	7.822754
3.711983	5.688243	8.938343
5.731880	6.487398	7.374085
3.513293	3.576109	5.566560
3.922424	5.970174	8.511032
4.437570	5.323222	8.869301
3.396978	6.216356	2.911566
2.956407	5.020145	7.651630
2.966563	4.628612	7.439444
4.660523	4.229560	7.019413
3.827915	5.386592	3.809013
4.006699	4.871818	9.362836
3.430342	5.807873	2.638152
3.837136	4.736016	9.297146
2.812476	5.532764	3.655835
3.230235	3.578089	8.923750
3.395682	6.702686	8.584893
4.145171	6.486185	4.658237
3.653451	3.438519	7.719690
5.874884	5.408097	5.677490
4.216371	6.418895	7.927132
5.722513	5.834766	8.448882
2.862751	3.412345	6.094922
4.718334	5.321489	2.756695
3.137390	3.047633	3.834850
3.890724	5.467917	1.961395
4.302268	6.557465	6.142081
3.948827	5.236492	2.526380
4.361759	3.897658	7.267157
3.908957	3.691283	3.864088
3.689491	5.750799	3.520598
4.314042	4.127570	5.028951
3.555942	4.348868	3.980931
4.761662	5.305783	2.918332
4.645828	5.459862	3.180315
4.477404	7.086283	5.089362
3.470983	5.222201	2.815102
3.580443	5.300731	2.792573
4.557156	7.490494	5.858367
4.745133	7.228690	8.407210
4.222041	5.504032	9.175091
2.739390	5.194535	4.700250
3.725464	5.570615	9.272538
3.260431	3.813912	8.373238
3.465743	4.550687	3.532686
3.699387	3.279384	9.103139
2.917973	6.213393	4.103896
3.414608	5.551119	4.212774
3.646225	5.025842	4.226819
4.239393	6.679530	4.800991
5.276982	6.190715	6.274508
3.987058	4.720863	9.232869
3.787040	5.638036	8.209323
4.576550	4.514314	2.631173
4.362667	4.277475	3.273836
3.898538	5.027010	9.030096
4.130777	5.686522	8.468536
3.918560	3.627494	5.835610
3.540374	5.494154	2.848518
3.145438	4.419562	8.663436
4.295388	4.884436	9.539295
2.834185	3.687565	7.896995
3.793559	3.601195	7.850072
3.927130	4.259563	2.983159
3.661161	6.578060	7.286133
3.206708	3.745460	7.948743
2.615168	3.795663	6.389636
4.507731	5.861405	6.159418
3.518671	4.047809	7.800811
5.020542	3.808796	4.073139
4.113299	2.965038	7.586632
3.893456	5.636572	3.350538
5.105974	6.845118	4.279342
3.850798	6.368237	4.793213
4.092639	5.258505	8.808644
4.630336	5.655378	8.402573
4.212403	4.861590	3.597226
2.467998	3.745757	7.778925
4.280121	4.764641	2.707767
3.869311	3.168439	5.533388
4.266277	5.531908	2.972477
3.904537	4.166715	3.846162
4.100942	4.826515	10.090048
2.817922	4.197947	4.512359
3.872443	5.257793	8.666852
3.697628	3.362249	6.476333
2.444319	3.920947	5.054839
4.592665	4.270669	6.179850
3.889345	5.541803	8.656210
3.097813	3.938755	3.853197
3.363159	4.580212	8.648133
2.538898	4.744820	4.453925
3.732467	3.711646	8.239844
3.263291	3.034016	5.130125
4.167238	2.839128	6.988319
4.302319	5.209818	9.530478
4.424767	4.929067	7.751224
3.995910	5.862016	9.124314
5.219804	5.446155	3.444710
3.627664	6.591291	4.307559
2.842140	5.242312	2.956259
4.137453	5.501435	2.790458
4.342297	4.695628	10.152653
3.572471	6.441744	6.912440
2.370300	4.858347	6.946242
3.715845	5.668977	8.633370
3.211580	5.112937	8.507576
3.762170	5.180602	3.198876
4.569860	3.151647	6.475742
4.542621	3.744792	7.675637
3.332257	5.069227	7.813388
4.681381	4.812247	3.192411
5.538866	5.743813	7.241107
4.631723	5.219943	8.235655
3.967688	4.571945	3.761034
3.672128	4.509627	8.649093
4.392226	5.808335	7.625858
4.681228	5.473667	3.318552
3.220130	4.021173	4.351322
3.651209	4.139545	2.597516
4.287232	3.764224	3.610907
4.245298	3.827542	7.818661
2.806222	5.624837	5.767495
4.341229	5.090462	8.897592
3.813543	4.211802	7.008672
3.219480	5.720112	8.527096
3.260410	3.144361	7.634237
5.185069	6.814426	3.756147
4.190919	4.920842	3.074459
5.057825	6.509811	4.825849
3.899570	5.305836	3.216768
3.997507	6.172828	3.640940
3.928989	6.646750	8.282640
3.999223	3.252538	6.022569
5.104127	5.684999	4.019763
4.727084	4.330502	3.925506
2.943834	6.050008	5.484730
4.338970	5.545486	4.421485
3.921621	4.120110	8.549474
3.756448	3.771879	7.646621
3.914074	4.896357	2.307013
4.751932	4.437695	3.966348
4.703622	6.733077	3.888445
3.613072	4.531071	2.743290
4.216807	5.468135	3.007813
4.647844	4.752340	2.478887
3.568772	4.631371	3.190946
4.637231	6.084781	4.795488
4.736047	5.062702	8.650241
2.876450	4.999622	7.062773
4.589684	4.417130	5.768034
4.252035	4.396374	8.079934
3.767796	4.749994	3.799971
2.590680	5.607531	7.144729
3.237591	5.550634	3.412517
3.893267	4.933445	2.202855
4.168687	5.257441	7.796094
4.892564	5.523195	7.995455
3.811153	5.135824	3.246761
3.116123	4.084759	4.281485
5.524340	6.192521	7.486077
5.565429	6.166193	5.468798
5.426127	6.618131	6.041527
3.998039	3.941276	3.678587
5.366104	6.858468	6.009979
3.507798	6.752320	6.452039
3.524552	5.192680	3.167103
4.029581	4.276195	3.105435
3.795697	4.690074	9.423873
4.445656	7.169773	7.355849
3.421346	5.416623	3.009292
4.019293	5.477745	8.198669
4.368151	6.646106	8.045273
5.129637	4.437178	5.793893
3.318731	4.476197	4.628706
3.984115	4.362780	3.747863
3.519636	3.715787	3.658601
4.623330	4.132503	7.904335
3.844613	5.364327	8.313308
2.852856	4.408266	8.180050
2.528209	3.527586	5.296164
4.292209	4.647917	8.597642
3.159503	6.041522	5.235287
4.580968	3.960470	9.446015
3.586214	5.072090	7.574460
3.996547	5.235482	3.173205
4.001882	5.177773	9.074489
3.813173	6.818165	7.533418
4.295351	6.830850	5.293190
4.068235	5.624780	3.779043
5.265055	6.772283	7.978002
4.597015	5.500533	3.008662
4.475472	4.435569	2.977052
2.925286	3.164258	6.479739
3.514945	4.136818	8.364099
4.450627	4.705929	3.636068
4.475499	5.942681	8.252393
3.868764	5.480356	2.716405
3.911207	3.953569	8.841890
2.395554	3.974357	6.672110
5.138619	5.537770	8.882228
1.863390	3.814886	5.696063
4.692848	7.032356	4.085155
3.839959	5.689430	9.163405
4.198955	4.424519	3.341264
4.783888	6.565370	4.414453
2.577031	5.632621	7.993236
4.609851	5.491878	2.617254
4.754990	4.946422	7.863762
4.346447	6.954833	5.928897
4.376642	6.419668	4.477477
3.537428	6.191370	3.286132
3.690969	6.873483	8.334844
4.759778	5.705248	8.107965
3.983315	6.424567	8.147727
5.229393	4.624130	2.536855
3.301335	3.286172	4.426499
4.597774	5.493547	8.888662
2.538456	2.425740	6.519165
3.298037	5.113012	3.573015
3.706788	4.823470	7.939950
4.393151	5.192459	8.795892
4.274015	4.566492	3.595634
4.267170	6.130691	7.955401
4.667892	7.626642	6.240538
4.133164	5.418609	7.477036
4.483215	4.272756	3.170039
5.040632	4.023311	6.345527
4.477667	6.378087	3.935946
4.543318	6.478576	7.859637
5.550921	4.893013	5.450317
3.295785	3.830321	7.638129
3.491146	6.848812	4.884257
3.906996	4.190721	7.865566
3.683652	4.674151	3.516939
3.943964	4.597867	3.117203
5.112346	4.835566	4.024840
3.475314	4.531763	8.506458
3.228423	4.028074	2.883190
2.498443	4.548552	7.460934
2.614181	5.130397	5.104468
4.048717	4.347454	3.174362
4.578902	5.509276	2.702065
2.774961	3.795636	3.463626
3.905793	3.669349	5.034936
5.263548	6.237137	7.345884
2.800785	3.187729	4.441225
2.392093	3.289240	5.591859
4.949173	4.596118	7.728481
3.018804	4.380246	6.911089
4.966199	4.511391	3.437168
4.234904	4.015463	3.623912
5.365616	4.936387	6.337011
3.382949	3.264799	4.462631
3.892176	5.369412	3.041422
3.943525	4.709200	2.644054
4.316789	4.126897	8.431955
5.838410	6.411347	3.838804
2.660423	4.496416	5.643606
3.912943	5.059337	8.827306
3.690036	6.302777	7.409262
2.879496	3.858607	4.136639
4.150967	5.005716	8.744791
4.789602	6.468471	6.674569
3.455781	3.235429	7.336801
3.648179	5.536935	7.236764
3.356248	5.714752	4.285464
5.305397	5.440242	4.432101
5.298709	4.934181	5.651633
4.843025	5.586003	8.781220
2.854278	2.582447	4.943197
3.214023	3.709884	6.811176
3.173513	5.097133	5.682498
3.156067	3.721092	5.293797
3.660365	5.135699	8.057328
3.118578	5.098106	5.964412
3.335131	5.685363	7.499638
5.120940	5.509563	5.348601
4.095218	3.636372	4.496126
3.075291	4.149035	5.196859
3.122570	5.027592	4.819028
4.220310	5.805728	2.720176
5.968198	5.228999	7.977581
5.296084	6.152698	6.646688
3.605584	4.568843	3.249754
2.738937	5.301251	3.483435
4.325195	5.626863	8.574318
4.598195	6.819578	6.008456
3.255645	6.240722	5.603618
3.670292	7.019107	8.721833
4.085737	3.510249	8.160137
3.919661	5.686808	9.219290
3.569761	4.107425	8.740578
4.038392	5.359356	3.212977
5.447804	5.210105	6.295376
3.893880	4.865933	8.019942
3.599139	3.584671	7.059811
4.665032	5.694184	4.634024
5.102138	6.308414	4.494840
4.614244	6.001612	6.712652
4.244117	4.223006	8.721953
5.141978	4.877255	5.323347
2.940668	6.489066	5.997986
4.630440	5.614692	8.219513
4.001326	3.787046	8.111785
3.947892	3.278245	5.323682
5.160582	5.959816	8.595635
5.939386	6.605621	6.142857
4.204536	4.265999	8.481127
3.900374	3.931333	4.269212
2.689974	4.759486	3.356633
4.464856	6.013911	5.962611
3.902452	3.269692	6.565877
3.279290	4.581863	3.402937
2.863049	4.365194	7.202204
2.665577	4.506889	3.974022
4.103366	3.976838	3.714467
3.906934	3.667053	8.043717
3.841862	5.259777	2.420760
4.301134	5.106567	5.994520
3.164442	3.618411	8.328535
5.040749	6.712641	5.924869
2.775902	4.372936	3.721061
4.703574	6.319677	3.742921
3.975912	5.107973	2.407013
3.293570	3.664616	4.726676
5.720967	5.983844	6.475687
4.599587	6.219920	4.323877
4.592613	5.715838	8.533843
4.436599	6.777776	6.875653
3.558386	4.008901	8.752158
5.253372	3.705671	5.556153
4.513669	5.312562	4.278424
2.626554	4.345937	5.765784
4.230523	3.823350	6.707464
4.032914	5.913931	8.605616
