4.682520	6.548814	9.079400
4.539480	6.604474	8.086478
3.988184	3.898811	6.876282
4.905537	6.599393	7.694647
3.722889	5.019265	9.227401
2.674429	3.176110	4.206894
4.260081	3.443813	5.905513
4.930202	6.795416	6.664001
3.313452	4.093738	4.275600
4.271778	5.773344	3.760732
3.415858	5.263930	2.939630
4.147889	4.896397	8.422899
4.145547	4.691050	3.971404
4.770538	4.336046	6.368276
2.731341	4.868835	8.612952
3.708305	5.261460	3.563852
4.130392	4.068151	4.339653
4.121142	5.310731	2.436397
3.576545	5.011017	9.374248
3.727270	6.054557	8.425581
3.861369	4.995520	3.439353
5.178598	6.438843	7.891870
5.863973	6.886826	6.336108
3.620036	5.111833	2.839473
3.964649	5.047719	9.281242
4.697722	6.826639	5.667804
2.875718	3.526443	4.177872
3.085176	3.234916	7.366007
4.310899	5.161653	8.736777
2.782363	4.112765	3.971748
5.147440	5.413531	7.277007
4.300496	4.235566	7.358542
2.254792	4.432066	7.775731
3.469292	4.568004	3.585874
2.915039	5.497679	5.935398
3.615903	4.997701	4.165185
2.240882	5.403112	6.272490
4.358962	4.677405	3.327588
5.405068	6.471873	7.706359
4.277941	5.686413	8.186451
4.202893	4.596192	8.763849
2.591771	4.123419	6.306099
4.934209	5.552230	7.346996
4.927528	4.471993	4.349860
3.670361	3.797342	6.763836
4.051491	4.968372	3.020968
5.313429	5.406928	4.500459
4.740166	4.327720	5.644875
3.793792	4.796017	8.379941
4.213448	6.404942	2.629750
4.797022	5.512557	3.864155
3.993592	5.216913	2.586573
4.321292	4.422172	3.943713
3.415087	4.318874	8.795978
3.802651	6.586600	7.388829
3.278861	5.431531	8.788420
4.763828	6.296601	5.555604
2.904090	4.668673	6.673034
4.224856	4.387785	8.868516
4.065262	6.514338	6.123448
3.543803	3.342165	5.101341
4.104110	4.458304	3.099722
4.975898	7.010262	5.468677
2.911813	3.876909	7.994222
5.321399	7.309574	6.449097
4.230558	4.159134	6.961729
4.569648	4.874118	3.049981
4.650399	6.074701	9.220978
3.679388	2.632008	6.079734
3.107306	5.937448	7.882823
4.859198	5.638854	4.552450
3.532812	4.531204	8.976918
3.775210	5.588194	8.250200
5.146412	4.168047	6.288904
3.357675	5.588545	8.902183
3.920942	3.094916	6.781381
5.329006	4.716169	4.564940
4.863494	4.996225	6.449751
3.991941	7.244556	5.913815
3.330091	4.573036	7.972057
4.604965	5.638849	3.342097
3.724344	4.681293	9.444971
3.302314	6.647683	8.589774
2.615985	3.780530	5.142413
4.420128	4.694204	3.600542
3.576298	3.961391	3.878233
4.299857	5.019515	3.196765
3.126836	5.269479	8.254502
4.085454	5.349691	9.263218
4.478464	5.097228	4.831231
4.064851	4.839083	8.385322
4.815531	5.814910	3.696744
3.390849	6.500218	5.643375
4.278275	3.950964	3.894987
4.157201	5.072384	8.208752
4.658416	4.126427	8.484039
3.717688	5.359385	8.029936
3.171008	4.396634	3.586699
3.038627	4.512959	9.391020
3.554054	6.476134	6.082594
5.261504	6.337942	3.893501
3.548915	5.736999	4.450379
4.463255	5.533458	2.429610
4.736284	4.419596	4.770002
3.058687	5.218908	5.018063
5.108327	6.173463	3.973998
4.276616	5.328116	7.839060
3.071184	3.729714	7.310665
4.791200	7.517886	4.715490
3.165993	5.911873	3.347545
3.085860	3.601888	3.514601
4.679123	4.676592	3.612000
3.551940	4.946903	8.504525
3.400898	4.781997	3.757976
4.854889	4.746262	8.917706
5.307245	6.031557	7.773622
2.830435	3.614961	6.820910
4.045649	3.994229	8.137963
5.661864	4.592581	5.059851
4.552889	4.495362	8.745267
4.859205	6.676136	4.217386
5.762774	6.376035	5.157775
5.168486	6.122964	4.802321
4.427690	5.955858	8.708709
5.172790	5.945606	3.665843
3.105568	4.195077	6.999459
4.802492	5.344306	2.989096
4.300047	6.674862	3.899410
5.290565	5.560221	8.522779
4.340910	5.232311	3.373235
3.881468	4.055625	3.350451
4.243689	4.784632	7.903281
4.226164	4.753800	9.415722
4.309847	3.985386	3.612761
3.986569	5.666765	3.419071
2.635100	4.333666	8.409369
4.073292	5.639496	2.528548
3.515505	3.832460	7.094788
4.106073	5.261538	8.722983
3.617889	5.603534	3.061336
4.477460	4.919681	6.559051
2.626497	5.193425	4.799459
4.512311	6.644528	6.141504
4.391667	6.898432	6.855508
2.725501	4.092882	2.954336
2.448794	3.589096	5.652598
3.063723	6.044224	4.747811
3.966120	4.932642	3.539977
2.528725	4.016625	7.846449
4.201226	4.750840	8.843726
3.502117	5.397138	8.550841
3.159410	4.946489	2.527625
4.894810	4.964940	6.672486
4.364602	4.610065	8.889023
3.722288	5.515671	6.311530
3.806997	3.956965	7.849099
4.247701	4.469086	2.356675
5.695668	7.346213	4.424783
4.551922	5.754866	8.480021
4.333850	5.486861	8.757819
4.030454	6.139295	6.248292
3.526488	5.375488	7.228467
3.606134	5.924057	8.931057
3.158203	5.393448	6.780477
4.456047	5.628362	3.790672
5.053157	5.536427	4.476821
4.703991	7.005148	6.640432
4.299646	5.202361	2.447167
4.030867	3.469305	4.217413
5.298546	5.159612	7.200484
4.751695	4.763637	3.238852
3.803007	5.655704	8.044144
3.768343	4.932728	3.156589
3.672099	5.064768	2.999274
3.799421	6.346651	7.709739
4.686324	4.381658	2.802248
3.453873	6.088171	8.063887
3.856524	3.955354	3.549637
4.467675	4.609870	8.816095
5.006368	6.058538	6.051216
2.942462	3.536547	4.725106
3.200441	6.295469	7.898697
2.385545	3.947780	6.639062
4.400839	3.913715	7.513824
3.446132	4.783217	8.740222
5.050339	4.701199	6.920920
3.629264	3.694650	4.100977
4.506616	3.612120	8.387163
3.179929	4.129643	3.340074
4.151025	5.307022	3.379423
3.303274	5.946590	8.117650
3.309731	4.311308	8.567366
4.175831	3.775889	3.822623
4.097698	4.507238	2.967482
5.294977	4.997617	6.494112
3.162468	5.175046	4.051563
2.858581	6.296007	5.640518
3.756140	2.669160	6.426080
3.173451	5.214467	4.244109
3.975245	5.020581	2.702634
4.015037	5.498898	2.992634
4.188744	4.643602	3.361022
4.959156	5.342053	6.345808
3.810975	5.606316	7.860541
4.659375	6.304136	7.689242
5.110909	5.642696	8.385430
5.165545	6.722559	6.041716
3.370135	5.539187	3.078159
5.051006	5.137321	7.669554
3.726729	3.295792	5.066292
4.219604	3.804278	5.414032
4.292928	4.900813	9.134524
5.048795	6.684192	7.477918
4.147156	6.815274	4.683738
4.394295	4.810229	9.092463
4.395335	6.263707	7.899755
2.920996	4.260145	4.309815
4.382183	4.886111	3.774979
4.052277	5.473083	5.383113
3.056599	4.117362	7.568382
3.638217	3.421274	6.415407
3.043226	3.836459	8.697507
4.798421	6.757284	4.654100
3.907327	4.762116	3.755493
3.228027	5.541758	3.424663
3.966001	4.769270	8.546964
3.116715	3.170158	5.754541
4.725007	6.659033	4.919698
4.446917	5.203898	9.207237
4.250788	5.477033	3.494091
5.014310	5.671640	3.334750
4.065625	5.040212	8.086197
2.700220	3.977589	8.263045
3.191248	5.164086	2.763758
3.937703	4.643061	3.631951
3.799641	6.225769	2.760149
4.087348	4.914825	9.152242
3.764172	3.982494	6.314290
4.212798	4.679019	3.513879
5.490972	6.439620	6.701647
4.817465	4.496814	4.226956
2.783413	6.804445	6.736416
2.637279	4.344400	5.894234
3.215392	4.565884	9.102386
5.229303	5.533951	6.602657
2.653616	4.357264	7.220634
3.902131	4.784801	3.194180
2.926387	5.957604	6.393890
3.452075	4.895104	8.565777
3.989072	5.911630	7.145715
4.305093	4.591122	8.669024
3.592412	5.402946	4.432343
4.967918	4.656149	7.238379
5.174694	5.873055	5.541013
3.440484	4.464129	3.333838
3.416452	4.996935	2.968405
4.776338	4.909134	3.635396
2.284290	4.890441	6.848045
3.716532	6.561718	5.518950
4.206105	4.950044	8.696297
4.905981	4.772212	5.307559
4.136937	5.032024	8.733617
5.249210	5.405771	3.482265
2.978626	5.016429	7.534561
3.931042	4.536204	3.556635
4.379282	5.375797	3.484563
4.622932	4.873052	3.902400
2.736892	4.418343	5.653686
5.122536	3.821717	5.279271
3.296508	4.983783	8.449014
4.519386	5.912739	3.814649
4.922349	5.625862	7.639861
5.100890	4.748931	6.595883
4.977572	4.588218	8.163582
3.690269	3.827500	8.676979
2.848953	3.524837	7.191048
4.179396	4.331685	3.299640
3.531836	4.262163	8.732522
4.818981	4.776547	6.038235
2.104235	3.765526	6.455340
4.867221	4.302409	3.831715
3.683150	4.233745	3.651238
4.822773	5.954500	8.441580
4.208075	4.140653	7.941131
3.951288	4.761748	2.320513
4.379122	4.571525	2.945353
4.254918	4.344671	8.567292
3.403099	4.597225	7.963900
4.419056	5.892898	8.878237
4.805949	5.820046	4.870562
2.815140	4.300047	6.771651
4.003568	4.722358	3.069390
2.530792	3.592964	7.422493
3.821638	3.940933	7.009486
3.782027	5.441981	3.358939
3.988618	3.464927	6.843406
3.634135	4.154300	8.522367
4.232353	4.168889	8.255295
3.567672	5.086882	8.799706
3.967811	6.161743	3.921904
4.003300	3.344505	4.648478
4.769504	5.622189	6.328836
3.504222	3.731763	8.275228
3.452983	4.391297	3.735031
4.096049	4.713278	8.420627
4.362986	4.701543	2.346966
4.262786	4.567382	8.439530
3.648254	4.348582	3.214321
3.414541	5.061907	2.837966
4.016675	4.429839	10.030735
3.073944	3.292509	5.189713
3.204044	3.066225	5.942129
3.092898	5.934882	4.332583
4.996838	6.210143	8.517111
3.098076	4.420841	6.229279
2.805017	3.983808	4.575296
4.693608	6.068016	3.638278
4.456000	5.564845	7.904650
4.443778	5.164320	3.153145
3.544568	4.796311	2.207039
3.647108	5.572551	2.746208
4.051829	4.548184	2.605446
3.668262	4.124729	8.320257
3.628852	2.999619	6.432064
3.697674	5.189179	4.408943
3.940303	3.727444	6.699824
3.119681	5.201559	4.009256
5.103995	5.557380	3.569895
4.372982	5.206893	8.384644
2.800418	4.939052	5.630930
4.164389	3.986457	3.671936
4.982680	6.023323	7.931462
2.861487	5.023957	6.344152
3.753910	5.142865	3.032421
3.376332	3.936645	4.602720
4.360507	5.197588	3.074259
3.686445	4.607476	8.466610
3.689366	4.721593	8.203954
2.328414	5.229586	6.299991
3.538488	5.965918	7.231312
2.531641	4.708572	4.991215
3.418521	5.063292	8.649843
3.806299	5.303610	2.996351
2.639682	5.156333	8.735625
3.761537	4.270971	7.418616
4.024996	4.062464	8.299313
4.397972	4.913189	9.005003
3.382444	3.731599	9.328124
4.246564	4.056551	8.675559
4.055080	5.897561	8.001304
2.567527	4.447031	8.909959
3.787851	5.335880	9.656741
4.668623	3.855056	3.847724
4.408317	5.588922	7.681746
3.839145	6.241647	5.909627
4.186969	6.474819	8.815469
5.427446	6.220909	7.637038
3.594225	4.041476	3.557251
4.161554	5.370466	2.579204
4.288727	5.203379	8.277966
3.862696	4.417178	2.807791
4.486519	3.992851	4.945762
5.143974	7.114682	6.619352
3.478814	6.353258	7.968405
3.774297	5.750812	4.344347
3.668753	4.888191	8.634690
3.483201	4.601309	7.374967
4.090092	5.944949	3.459039
4.144974	6.315533	4.124470
4.402971	6.269841	7.674175
5.271456	5.484652	4.928324
4.957061	5.223163	4.321289
4.306203	3.774061	4.939287
5.209557	5.427350	4.576416
2.928987	3.216149	5.889286
4.161724	3.232579	3.487976
4.286093	4.625739	2.864559
4.689953	5.978185	4.928049
4.863731	6.143289	8.159197
3.825543	6.037360	4.115227
3.758857	3.779192	8.455583
4.549886	5.487030	8.885688
4.125014	4.172463	4.947096
4.302995	3.376469	7.462016
5.344059	6.046301	3.572734
4.104772	4.076597	5.337252
2.639530	5.046834	3.256590
4.694481	4.667995	8.604578
4.135975	4.193305	9.324251
5.506287	7.022336	5.924330
4.801316	4.120374	3.273440
4.059198	5.779821	7.332110
4.743155	6.252328	3.879809
3.348622	5.817194	5.763442
3.324629	3.487794	6.204501
2.738873	2.633491	5.238526
3.524181	5.566641	3.151066
3.031852	5.190947	6.503992
4.049003	4.379011	9.102942
4.384750	5.636940	3.344712
4.460011	4.993276	4.540855
3.941355	4.980976	3.228494
4.098052	5.954579	9.402446
4.411208	5.146488	3.579293
4.729493	5.062040	8.313371
4.581620	5.367471	2.682645
2.876565	4.177668	8.405446
4.044523	6.162417	8.070039
3.174562	4.215512	8.379405
3.584705	5.265368	3.391231
4.005754	5.630511	4.003978
4.673841	5.870246	3.077628
3.765933	6.264768	7.076199
2.325080	4.057361	4.839337
3.404014	4.607856	3.521455
4.264501	5.424717	8.939777
3.182317	4.779693	8.698868
3.639604	5.711270	8.762778
3.270449	5.208367	3.789129
4.239590	3.746031	4.543528
4.974294	3.272352	6.609944
3.459417	3.195917	6.459386
4.755370	6.703453	4.950521
4.463546	5.521787	8.307661
3.170663	2.701677	5.277469
4.157977	3.905005	8.725938
3.113594	3.408718	5.755308
2.700463	5.074587	3.801982
4.507972	5.728687	4.191172
5.047253	5.809001	4.517991
3.851542	5.187755	8.441309
4.115748	6.142313	8.245191
3.371140	5.679043	4.300229
2.701633	4.088823	4.828358
4.859681	5.392050	5.234529
2.824159	4.269065	5.114746
3.517322	4.346164	3.780828
3.795681	4.571951	9.265561
3.580700	6.354721	4.100369
3.210667	3.731655	3.426111
5.042366	6.070524	3.475384
4.024263	5.502965	8.558697
4.626434	5.870146	2.897704
4.253522	3.423759	7.964978
3.947676	5.954773	4.814566
4.670295	4.855292	4.248138
2.508492	5.213561	4.748231
3.600777	3.413476	5.805815
5.122107	5.543183	6.665412
4.069912	6.954955	5.042902
3.667938	5.902246	4.135180
4.122206	4.911691	9.049741
2.016017	3.411646	5.747734
2.586932	5.392190	5.518962
5.166937	6.874028	6.142311
4.273517	3.238563	3.698714
4.495789	6.600984	6.058412
4.787676	6.159852	7.687647
3.878294	4.204236	8.722977
2.868568	5.340924	8.706056
4.338808	4.762580	8.306323
3.942692	5.482484	3.539791
3.259620	4.263682	3.796169
5.877664	5.426517	6.507537
4.904409	4.987425	8.261093
4.691196	6.801131	6.352723
2.793569	3.786047	8.389820
3.446356	3.231729	4.436773
4.970245	4.371004	6.232341
3.292277	3.233974	6.214457
5.152252	6.279401	7.737343
4.111871	5.891427	7.301016
3.494706	6.206099	7.374983
3.345584	6.024498	3.683208
5.246388	6.127655	5.764115
5.379711	4.797461	4.421223
4.525363	5.759080	3.182159
2.741628	4.644479	7.368827
3.851300	3.381408	4.105860
3.660147	3.087493	6.645923
3.562075	3.912419	6.996750
2.866133	4.405711	7.728417
4.035527	5.027986	3.138097
4.274595	5.381523	3.595426
4.664675	4.472446	8.199619
2.962301	3.567413	7.073370
3.029669	4.136405	3.103532
3.453376	5.121357	2.955966
4.298718	4.303131	8.543369
4.571913	5.199738	2.305486
4.101993	5.095037	3.585768
3.813920	5.521103	2.932732
3.421435	4.192857	3.568123
4.181238	5.844033	8.356398
4.187813	5.995773	3.331191
4.792496	4.464568	3.161798
4.155899	5.284255	8.417109
4.491916	5.251834	2.368142
4.455541	5.965379	8.492253
4.276544	4.801100	2.678246
