4.098767	4.380771	8.610190
3.323384	4.911263	3.555353
4.344449	5.333323	3.188603
4.612414	5.459162	8.918874
5.009278	6.036575	3.986740
4.797351	5.581606	8.706552
4.750516	4.667927	6.566092
2.819151	4.330580	7.503097
2.990380	4.368288	6.882900
5.158168	6.394032	6.136503
5.444285	5.169334	4.326128
5.798569	6.915176	6.597103
4.364538	5.671959	3.422338
4.751775	5.490244	3.076683
3.726438	4.933258	8.784983
3.744397	3.852150	4.938436
4.700686	5.278489	3.721511
4.450707	6.393438	5.257167
3.725991	4.683697	8.883473
4.512651	7.088730	3.832523
5.613890	5.257968	5.640613
4.024227	5.023163	9.282015
4.412965	5.189478	8.592724
5.664745	4.895634	7.760695
4.918294	5.205286	8.018651
3.510974	5.077293	3.078291
3.013185	2.958554	6.981501
4.842766	5.746608	2.892844
4.044095	4.784990	3.007867
3.719139	4.949580	2.936305
4.221458	4.349031	3.046530
4.874062	4.983554	7.634651
4.142313	4.697636	9.540235
4.232460	5.869834	3.624664
3.408363	4.627470	8.313907
4.522967	5.357942	8.938483
4.125892	4.687331	9.088008
4.857887	6.555795	4.863475
3.970448	5.074266	3.038455
4.813306	4.873600	4.913589
4.557806	4.257918	3.943443
3.277609	6.263005	3.476397
2.909219	6.404738	4.888143
5.388467	3.587961	5.808602
5.005587	6.527413	7.031764
2.016297	4.223657	5.738966
2.610122	6.024431	4.836755
4.174553	4.789385	4.314299
3.218863	5.570945	7.186552
2.484115	4.597182	4.295740
2.627141	3.353116	4.483696
4.559333	4.326332	3.388198
4.454102	5.535700	5.739383
3.445899	4.493834	3.353940
4.376041	6.503874	6.461018
5.369965	6.126291	3.933355
3.946204	5.042896	9.327849
4.820702	7.085677	5.659565
5.707107	6.603842	5.835282
4.237781	6.493532	9.787293
4.359126	5.556170	9.242009
4.038127	3.911151	4.352870
4.197158	7.272412	5.867667
4.575467	5.702146	9.184818
2.767834	5.516844	4.985691
2.754648	3.145037	3.231593
3.446809	6.108103	3.409710
3.757120	4.673931	8.243056
3.239162	3.441187	8.734235
3.121609	4.804167	7.152139
4.092653	5.250479	2.703385
3.047515	5.785005	4.246908
4.415559	5.342415	2.923120
2.460315	4.183761	4.878621
4.070621	4.424395	2.711136
3.440208	3.012057	4.436800
3.582593	3.852101	3.777657
2.246113	5.053669	3.767016
3.805127	5.718583	3.044337
3.821728	5.294689	8.133897
3.739512	5.711503	2.386071
4.377399	4.449096	8.768216
4.421841	4.443430	7.710389
5.825319	5.864002	4.897846
4.109030	3.979539	6.934063
4.605309	6.946397	7.062007
2.456480	4.406880	8.710530
4.635626	5.774876	7.951267
3.462750	5.843864	4.225603
3.801225	5.081649	2.769054
3.156816	5.516903	8.695039
4.260564	6.000330	7.002383
3.559844	5.829206	4.439006
4.434582	4.930061	4.214449
5.111743	5.739691	3.940679
3.582566	4.359581	8.743103
4.690529	4.872932	8.807128
4.172470	4.217047	6.916390
3.930787	3.235490	4.499165
3.148545	5.509419	6.757705
3.682430	4.739983	8.566602
3.822160	3.780720	4.246072
5.015835	4.998305	2.631029
3.276926	5.410594	5.753213
3.800719	3.661961	6.655157
4.090935	4.818681	8.793066
4.502901	6.909200	7.919316
1.674174	4.752928	5.181947
3.430175	4.589186	8.422964
3.991251	4.618025	2.286872
4.055680	5.616573	8.314341
4.205508	5.156755	9.531478
4.886604	3.799359	8.653081
4.390168	5.474489	9.291848
4.108003	5.314810	9.214852
4.177401	6.322457	5.074454
3.816944	6.480808	6.982961
3.781116	5.117479	3.979428
4.245483	5.084599	8.597849
3.159740	3.678910	7.709975
2.894152	3.852733	4.166440
4.824933	5.061783	8.897289
4.940697	4.326696	8.388795
3.731204	5.319660	9.279381
4.871610	4.477692	7.763348
3.829124	4.660124	9.045392
4.936742	5.099083	9.004501
4.767779	4.709675	3.090630
3.363040	3.824609	7.160466
5.124792	5.609336	8.569992
4.699798	6.395087	3.726784
2.378970	4.719373	3.446428
4.061171	5.281950	9.004234
4.650523	6.247672	7.959959
3.451662	4.539356	9.403631
4.201108	4.963327	3.454561
4.777082	4.758749	8.098839
4.876418	6.037030	5.774308
4.361489	5.826689	8.559754
2.975954	4.871904	3.817349
4.731009	4.818831	8.975192
3.731190	6.239108	5.267199
2.270239	3.354161	6.170219
3.299534	3.784286	3.658392
4.988426	6.190979	5.747283
4.002426	4.375778	3.513426
4.539353	4.501063	3.681542
3.746596	6.503228	8.005580
3.129111	3.848421	6.822925
3.843390	4.654048	3.120033
3.026723	4.535126	8.364997
3.692377	5.625231	2.768105
5.852230	6.034748	6.054911
4.044192	4.981622	8.688159
2.825770	2.903001	7.359266
3.134864	5.536589	9.110077
4.647998	5.260852	4.472078
3.287478	5.499044	8.850192
3.158773	3.737676	7.734818
4.004899	6.443819	7.817719
4.183215	4.928069	2.897733
5.505503	4.079109	5.231689
4.059893	5.060603	8.246393
3.711239	4.757496	3.810164
5.206908	5.608951	3.766402
3.439750	6.255516	7.087481
3.335783	4.713889	3.724558
4.412986	6.051708	7.816023
2.506938	3.940806	6.519373
1.869063	3.861253	6.607557
4.122274	4.582373	9.185024
3.608290	3.469494	9.047661
4.677501	6.366863	8.674897
4.134337	4.722088	3.763256
3.834431	5.129876	4.220745
4.407878	5.971222	3.770221
4.725708	6.225791	3.585755
4.719227	3.948496	3.501473
5.221878	5.045896	5.969231
3.978644	5.814684	6.450813
4.100468	4.626067	9.576342
4.637000	5.353851	3.403757
3.205669	3.286955	5.052255
4.128050	5.093745	3.916267
4.934232	5.700342	3.542502
4.791714	5.201687	3.720109
3.487891	5.219934	2.358621
3.797456	3.946029	8.421036
3.695884	5.033413	2.889602
3.138356	3.748311	7.702094
3.547631	4.475605	2.689832
3.996242	4.888447	8.705188
4.454972	4.044764	3.268247
2.636557	4.474081	8.888277
3.402353	5.124551	2.635287
4.124740	5.153337	9.079542
4.552353	5.426382	2.644920
4.490176	6.627523	7.023200
3.493524	3.071944	4.872125
4.232434	4.505808	3.491225
2.954022	4.962646	5.888441
2.509598	5.247171	3.974913
3.256634	5.087230	2.700791
4.254335	4.035720	6.492882
4.228760	5.669533	9.166478
3.797360	4.209559	8.440119
3.280179	4.948875	2.521516
4.254870	5.721598	7.003067
4.288677	6.010555	9.330105
3.354838	4.224711	3.227598
4.483417	6.502168	7.377113
3.853805	5.890209	8.663398
4.033327	6.568479	5.559006
3.152188	4.510291	8.948482
5.166877	5.982524	6.604383
3.726936	3.421264	3.795524
3.884755	6.487867	7.378254
3.856478	5.889698	8.535804
2.283422	4.590945	5.498949
5.216330	6.161991	5.480476
3.923406	5.379089	9.680160
5.359153	6.194098	5.019722
5.235519	6.346013	4.824557
3.798754	4.968663	8.393253
3.951967	5.163751	3.254745
4.332085	5.184563	4.084610
4.816655	5.277465	7.111363
3.169944	5.274069	4.768762
3.450205	6.295253	8.950313
3.665329	5.770190	8.119316
4.407326	7.188087	6.953715
5.342051	5.408891	7.871969
4.168943	6.019129	5.924978
3.529908	5.871575	3.534041
4.386961	5.655341	4.002300
4.683350	6.724592	4.321588
2.606294	4.234127	4.593680
4.114966	5.145364	8.762293
4.412071	2.813170	7.344577
4.830249	5.895786	3.851264
2.739026	3.968370	4.874973
4.371185	6.172551	8.780611
4.330038	4.641204	8.473102
4.305392	5.379105	7.970505
3.581090	4.629808	7.801829
3.616088	3.936646	5.550404
3.762655	5.838138	4.720338
3.360593	4.561700	4.379456
3.844242	4.702872	3.346017
3.342583	6.368487	7.704058
3.236402	3.730418	5.110235
3.991477	5.499909	9.072718
2.903475	5.542692	3.456346
4.635736	3.637930	4.051281
3.869124	4.801797	7.942517
3.767689	6.394525	8.347042
4.445423	4.787981	8.777794
3.646505	5.413237	3.074041
3.253347	5.043986	7.468683
2.999855	3.235566	5.301383
5.141299	4.491368	6.472155
4.529973	5.145486	4.340337
2.878222	3.446715	6.989339
3.773627	6.305963	3.995254
4.318865	5.695748	3.448766
4.070039	4.031150	8.860872
3.667717	4.253478	9.294531
3.159003	5.253467	4.722752
2.591706	4.167261	7.093989
3.296237	3.983821	5.224240
3.131329	4.156375	7.392847
3.910235	4.533648	9.001577
4.594886	5.646208	8.119752
4.973985	6.378011	6.696419
4.760436	6.693476	3.989256
4.477216	3.966513	8.584214
4.029098	4.799213	3.924392
4.463848	5.126746	3.072165
3.708993	6.646004	5.271911
4.850770	5.965842	4.508381
4.686450	4.834968	8.886136
4.644280	6.009642	3.528260
3.517696	3.808624	4.679885
4.292695	6.285017	6.942607
3.142321	3.613204	3.881038
4.720589	4.228680	5.160112
5.779511	7.032829	5.502660
4.769267	4.084184	4.183950
4.137932	3.655680	3.484165
5.748140	5.530992	6.891586
3.849634	5.148457	2.555321
3.456031	4.046178	6.137572
5.193390	4.859955	6.641644
3.495820	4.984005	9.283216
4.443801	5.271322	6.439929
4.917754	6.998998	4.648593
3.847348	2.692516	6.042375
3.369351	4.581759	3.417123
4.566573	5.440356	2.468048
3.137442	5.374591	5.796829
3.266547	4.241129	3.143513
4.157116	5.619668	8.789490
3.691247	4.473854	3.142014
4.927515	5.161461	8.315408
4.256506	4.448486	8.066597
3.534455	3.199798	6.749324
4.546051	6.777326	5.436429
2.717272	5.568975	3.385123
3.663121	3.652451	7.833791
3.019984	3.164068	7.992802
4.142468	6.398931	8.080362
4.358514	6.406519	7.879596
4.317860	7.084031	7.446958
3.834667	4.863812	2.668129
4.239276	4.360948	7.851860
4.309579	5.336848	3.403012
3.121497	4.812644	3.841942
3.599700	5.565271	3.068246
3.648200	3.143095	5.100491
4.058803	5.320967	8.606802
5.057243	6.588288	6.896502
4.917003	4.481634	6.484503
3.507509	4.385193	6.079777
4.113540	5.461104	3.131365
4.255724	3.602978	5.965401
3.006693	5.087908	7.490557
2.744516	5.560767	3.350774
4.305104	4.471416	8.261968
4.778962	5.066431	5.136366
3.206917	6.518476	7.557104
4.051912	6.330305	4.592527
3.540406	5.361003	7.634347
3.269614	4.563140	8.939607
4.411076	5.137488	9.083979
3.280496	6.130959	6.117295
4.289790	3.718057	7.297926
4.300488	4.129320	7.935441
4.243949	5.419680	2.835559
4.480746	4.816337	2.869593
3.238810	5.104943	8.340551
4.913519	5.125788	4.701006
3.665296	4.531711	2.995384
3.459841	3.179651	4.602754
5.021530	4.614273	8.096227
4.859374	4.256484	7.483379
4.580995	6.258197	6.284820
4.803133	4.261770	3.758274
3.363549	5.592268	3.104299
4.874855	5.982076	4.753759
3.844359	3.464237	4.974188
2.667023	3.130550	6.163102
4.497752	5.078899	9.583723
3.448029	4.701054	2.800990
3.895872	4.060172	8.002582
4.614540	6.722252	6.809758
4.214535	4.186229	3.535055
3.180730	3.949658	7.622606
3.459246	4.432294	8.147971
3.992950	4.151377	3.324051
3.195224	4.251862	7.066579
2.690866	5.185867	4.787923
3.765369	4.103979	8.402177
4.189178	5.189603	2.523148
4.079949	5.225426	9.372170
4.759619	4.042403	6.243161
4.550292	6.163131	7.798112
4.156542	4.900678	3.202677
4.762370	6.267180	4.674705
4.450128	5.437075	3.811961
4.976860	5.570440	4.909654
4.509969	4.197194	9.267122
4.696173	4.861369	8.039441
3.303468	4.891933	7.681775
3.836912	4.182035	8.440694
3.500623	3.286945	5.995632
3.907712	3.886533	7.859967
3.640912	4.168114	3.348962
3.257670	6.341079	8.501089
3.775909	5.395682	3.389987
2.973152	4.952669	3.546854
4.411814	4.479311	8.746287
3.814782	3.729457	5.743313
3.674507	3.582475	5.447407
3.305471	4.425635	3.927680
5.400982	5.529900	6.930272
3.563641	3.892283	8.411346
4.140287	4.849544	2.859997
3.042429	2.744263	6.229655
4.188331	6.399418	9.027407
3.490575	5.435969	9.201707
3.177782	3.599269	3.630464
3.969291	3.489778	3.856849
2.933535	4.099852	9.515693
5.193546	5.875600	7.438125
4.094217	5.209875	3.023728
3.922671	5.616887	8.737749
4.479161	6.997069	8.031529
2.682503	3.913678	7.018608
5.666914	6.661562	5.778985
2.862693	5.684588	6.774302
3.920086	5.385850	3.093376
3.787899	7.345390	6.728811
4.637392	4.794376	2.923198
4.467819	4.341861	8.394774
4.756193	6.594697	4.719875
3.834397	3.452234	4.853160
2.981660	3.219394	6.079445
3.922469	4.317320	3.052283
4.962677	7.439496	6.075940
3.129130	4.220215	8.096859
3.125332	4.885449	3.133979
4.008009	5.867082	6.855809
4.824128	4.844299	4.340332
5.241557	6.300956	7.070446
4.071710	3.567884	7.230483
3.221725	4.032544	7.465178
3.468761	3.896360	4.606219
3.232089	5.494958	3.177388
4.084276	3.733148	4.239215
2.874807	4.429202	5.902308
4.794859	3.832341	8.172228
2.991328	4.061327	6.506346
2.429780	3.927643	4.005246
4.669278	5.639774	8.679119
2.794874	4.531652	4.023678
4.552258	5.616596	3.315421
3.407748	5.371183	4.922619
4.598640	4.727431	8.058141
4.729163	4.880720	3.623026
5.382526	5.672488	4.079811
2.840726	5.417451	7.132946
3.389285	5.544672	8.816316
4.604572	5.477378	4.650693
3.089652	4.820603	2.906055
4.073487	4.225576	3.910056
3.265117	4.032273	4.372423
2.377738	4.636890	4.172991
2.916512	3.274777	5.306892
2.902346	4.163973	8.681011
4.904466	5.481360	2.966376
4.147380	4.347382	3.406875
4.101870	4.889425	3.078326
3.700509	5.666231	7.664685
4.624805	3.695770	4.596440
3.324333	4.507811	5.659489
2.577470	5.497682	6.396919
2.833293	4.466943	5.413392
4.463963	5.913726	8.095855
3.627553	3.874864	4.754071
3.538781	4.278629	8.733726
3.265255	5.235528	6.821807
4.228302	5.613046	4.135916
4.665874	7.002266	4.948639
5.748386	5.153886	8.093576
4.526686	5.793579	8.491613
5.975374	5.661230	7.492347
3.748730	4.762380	8.786609
4.424285	5.651940	3.127450
4.735740	4.987847	8.140280
3.124540	4.747410	9.231354
4.123745	4.486132	2.319442
3.459301	5.949739	3.636272
2.940325	3.290944	5.434390
2.933996	4.737950	9.001945
5.868866	6.249422	6.664408
3.168075	6.244589	7.123464
4.594657	5.488378	2.640459
2.677574	4.630817	3.179636
5.220557	6.124580	3.038223
4.854066	6.726083	7.160648
2.929124	5.163810	8.619357
5.203082	7.321542	6.481378
4.050462	3.895505	3.433443
4.795056	3.934088	4.617846
5.000263	6.595124	6.888013
4.430354	4.366731	6.363843
3.611794	2.724146	6.780108
2.993816	3.854252	7.625929
3.060634	5.352115	8.962837
4.722935	5.708675	8.721642
5.658363	5.743334	4.959708
4.747437	7.135500	7.579701
3.481034	5.611441	3.474285
3.753521	4.933826	3.699888
3.992541	4.939708	2.519765
4.345073	4.501780	2.353106
3.019188	3.263792	6.745080
4.351071	3.212373	6.280504
4.754726	6.273984	8.160458
3.782118	5.009469	8.969432
4.986280	5.233966	4.438328
2.951478	4.363831	7.362979
3.623668	4.968044	4.175569
3.024576	5.662744	6.233068
4.029337	3.417869	5.170939
4.390074	5.693097	3.026403
2.474159	3.786056	7.740465
4.496216	3.790127	6.667088
5.049878	4.782573	7.445055
3.301767	4.239035	8.606595
