4.266472	4.202963	6.758681
6.278954	5.390513	7.423847
3.961425	5.640353	8.980341
3.984323	4.785715	2.759532
2.413936	5.634573	3.956326
5.197620	6.283183	7.164193
2.767811	4.634086	7.518481
3.652079	3.907238	8.183031
2.805946	3.805699	3.494366
3.189683	3.865797	5.546436
3.909148	5.547757	3.162163
4.001759	4.734799	2.539246
2.926380	5.735160	5.373986
4.298676	5.341729	3.271148
4.489997	5.153075	8.438944
3.214758	4.488103	5.098288
4.032392	5.199074	9.213753
4.282018	4.927963	2.611912
4.705514	7.156481	4.785034
3.741235	3.414249	8.521716
3.704316	3.988887	7.627898
2.939841	5.386818	5.950448
3.921526	4.151579	3.002997
5.021370	5.815616	4.374246
4.076088	4.715882	3.420801
4.057917	5.107725	2.308918
5.397328	7.737039	5.520886
3.986923	4.521828	9.323149
5.312491	5.013470	6.698546
4.217955	5.321280	3.556842
5.482825	4.278700	4.870131
4.135004	6.148080	8.209958
3.396107	3.999059	7.134638
3.610164	6.061805	2.759648
4.240859	3.990142	8.842970
3.576641	4.999372	2.890851
2.883806	2.808223	6.158852
4.484970	5.049374	8.912256
3.501697	3.972857	7.839300
4.571744	4.876596	7.327571
3.326052	3.922154	9.548258
2.580459	3.709080	6.459949
3.945536	6.164994	3.405341
3.647110	4.826185	6.961702
3.955009	5.947292	5.409609
4.836292	3.654829	4.315345
4.315098	5.244068	3.094254
4.364870	5.051157	8.838271
4.875869	5.356381	8.319763
4.106747	6.438456	4.438459
3.955711	3.923264	5.237058
3.999086	4.801224	3.292533
3.046510	4.082060	7.038356
3.171723	3.765066	4.062052
4.599578	4.303591	8.162325
4.381756	5.321936	8.846020
5.158095	5.912194	7.636535
3.937768	4.164206	3.415525
3.785833	5.538371	8.211139
4.185504	5.390257	9.277459
4.222218	4.621725	3.129578
4.347483	5.238474	2.979129
3.632550	5.222178	8.625279
4.709127	4.774348	2.847988
2.764507	4.566912	5.647016
3.874531	4.110829	3.851392
4.360060	5.507489	8.263763
4.364430	6.279041	7.614358
5.372398	6.304291	4.673869
2.851127	5.740857	8.059770
3.181887	3.506876	4.148991
2.898428	5.404834	3.740861
4.211257	4.530052	9.073310
2.639808	3.026993	4.045693
4.651081	5.045977	2.728272
5.075336	6.394678	7.360252
2.985655	3.252043	7.916722
5.199567	6.104826	3.762098
4.028606	5.980544	7.825731
3.747087	6.235111	5.443257
2.937692	4.268930	4.877688
2.566356	5.208362	4.363141
5.424392	6.527422	5.700569
3.296323	5.216569	2.681736
4.350474	5.678648	9.009762
5.083794	5.828920	8.697867
3.259343	5.541824	4.234798
3.964476	5.109376	3.449322
4.484638	6.323166	8.127711
4.338260	3.900686	8.999869
4.167018	5.466796	3.562897
4.449914	6.601142	6.144832
3.972458	4.308378	3.079628
4.733757	6.067704	3.409030
4.215231	4.839163	9.422769
3.640861	5.425587	7.227933
4.088705	4.913257	9.532094
4.484647	5.622955	8.885232
4.095080	5.532718	8.708100
4.391061	6.018545	6.551552
3.913715	4.047265	7.793684
3.551004	5.025646	2.899118
3.457633	5.452455	7.809941
5.452414	7.120108	5.904775
4.240147	3.941428	5.183493
5.662439	5.968746	5.369207
4.035349	5.628658	6.827006
4.524512	6.134675	8.038639
5.140048	6.746943	3.371277
3.305777	2.944766	3.646511
3.997729	6.127915	3.234841
3.142527	5.599222	8.907292
3.391453	3.378498	5.254858
3.967608	4.855256	8.748002
4.855979	6.466611	5.728761
4.394131	5.182519	3.501147
5.371967	7.301794	6.129829
3.903658	4.963491	3.507252
2.908636	3.690509	8.688593
4.554690	6.497351	4.318641
4.560884	3.971864	4.436170
2.663262	6.645005	6.009652
4.003855	3.794489	3.360307
3.115627	4.205796	3.598639
4.042223	6.060671	3.407423
3.310184	2.775667	4.825869
3.547134	3.737711	8.460609
3.544420	4.513332	8.547719
3.732877	6.265797	5.221142
4.921572	3.465633	6.246465
3.988450	4.797488	3.228369
3.856959	5.218936	3.020698
3.888035	5.945038	3.676872
2.655828	3.893941	7.460282
3.340740	3.447405	8.074102
2.699032	3.682095	7.935109
2.812943	2.807667	5.944747
5.253609	6.244083	5.324195
2.970648	5.355745	8.440830
5.075504	5.950683	4.137166
4.454648	5.121353	9.095767
4.592366	3.076367	6.905505
3.417786	5.835929	2.769771
4.637907	4.125444	6.238657
3.499702	5.787696	3.520628
4.782369	4.752844	8.709097
4.670298	6.489869	3.923173
5.182346	5.496861	5.636036
4.286617	6.119663	8.652438
5.112413	5.824400	8.250166
3.608425	5.145886	3.074880
3.999821	4.759454	8.404667
3.342320	6.302249	4.383163
4.007479	5.227542	3.703504
3.383572	4.367113	3.972874
2.846801	3.835899	5.202956
4.233428	4.800016	3.050804
2.903721	4.025774	8.320616
3.039122	2.486942	5.717235
4.574735	4.571405	9.085160
2.949142	3.585456	7.025202
4.696005	4.950142	9.329635
4.517154	4.754893	3.026418
4.001488	3.596647	5.859452
4.976406	5.433906	4.885323
4.046868	4.777561	2.924851
3.959727	4.009515	9.097602
4.325818	4.257949	3.217242
3.801783	3.446403	7.915087
4.850256	5.458178	8.694594
4.931578	6.142475	8.511434
2.558570	3.793561	7.779587
3.684580	4.819262	9.214109
4.435949	5.106574	8.539483
3.891385	4.219654	8.408053
4.200068	4.552870	3.669661
4.048797	7.098143	5.975186
4.792047	6.588558	6.741935
4.150728	5.007535	2.310117
3.640545	5.671915	8.757216
4.211574	4.573983	2.920202
3.818613	6.335114	4.546081
4.338137	5.080339	8.442593
4.153484	4.102106	8.399779
4.020014	4.815284	9.134351
3.382178	4.732434	2.409713
4.485451	4.197020	7.722035
3.102329	4.561689	3.757920
3.986232	4.361659	3.369827
3.615931	3.974784	4.548619
5.459554	6.016047	3.092760
5.033306	5.591531	7.019858
4.057717	4.293798	3.191140
3.447566	3.244449	6.011025
3.621044	4.723610	3.140990
3.846053	3.781870	4.326425
4.309543	4.454221	6.085395
4.337725	5.154269	8.623128
4.296275	4.835727	8.662340
2.642841	4.577475	7.025203
4.465603	4.297524	5.724931
4.412162	6.187128	5.774911
3.863209	3.397968	8.176921
2.948999	4.504843	3.453044
2.285318	5.341836	4.683459
3.446518	5.378289	8.426917
3.800841	4.955501	8.802928
3.975235	4.282394	3.199319
5.179409	6.280378	7.239425
2.578915	5.330791	3.685788
3.303792	4.294980	8.569929
4.832819	5.226423	7.149393
4.899195	4.853214	8.718601
2.999401	4.181288	8.993593
4.712970	5.963167	2.481715
3.063187	3.007046	6.218994
4.012290	7.167890	3.313473
4.274617	5.483612	2.433426
3.226871	3.393275	7.521830
4.372662	4.824334	8.654601
4.278281	5.132597	8.670234
4.248982	4.517700	8.484711
3.748360	4.319422	3.719986
3.419789	4.654347	8.780686
4.850611	5.326368	4.420673
3.331793	5.602022	7.005697
4.966211	6.104512	7.461425
3.781291	4.979961	8.194428
3.846170	6.413262	4.427378
3.162566	5.974135	4.024369
3.730864	6.112619	7.448860
5.210362	7.046101	4.159991
3.524529	3.629642	3.178543
2.899498	3.215463	6.680591
4.563958	3.959630	6.552624
4.254025	4.028286	3.670168
3.580966	5.856741	3.702518
3.744498	5.858637	3.221298
3.464132	6.612146	7.596447
4.571545	4.826596	3.051043
3.450576	5.088741	3.310691
3.566487	3.323528	8.269892
4.439472	5.318837	3.131176
3.895655	4.710239	9.162031
3.564333	5.155804	8.767787
4.566891	4.446055	2.407506
3.591210	4.600953	8.900022
3.320693	5.941210	2.984200
3.175570	3.967294	7.493531
4.712055	5.443619	8.738536
2.806113	4.423491	7.717289
5.025253	4.409318	5.768109
3.339957	6.069234	7.870501
3.850611	5.323808	6.788060
2.799777	3.313186	8.968042
4.427427	5.114597	7.958371
2.805012	3.932920	6.799721
3.166999	4.144105	5.238286
3.789515	5.478716	3.551574
5.182506	5.982412	3.246340
3.163532	4.783688	7.323094
4.022446	4.267380	8.633216
4.414524	5.405192	9.112296
4.353997	5.165957	3.143686
3.377431	4.498849	8.395445
3.844656	5.554571	8.960125
3.827690	4.201406	7.793230
4.207004	7.158580	5.127873
3.275649	5.621482	6.920589
4.343944	3.978714	4.715809
2.911931	3.937223	4.091941
4.458481	6.605421	6.734329
5.215795	6.208500	5.409654
5.551730	6.878317	4.976540
2.849320	4.819326	3.516713
3.667658	4.549590	8.971222
3.273682	3.922117	7.010800
4.846690	4.896564	7.799547
3.891471	5.422071	8.449977
5.053184	6.160788	7.464188
5.298757	4.494215	7.805925
4.214133	4.668568	8.203402
3.413119	3.424991	5.251772
3.551761	5.525628	6.195989
4.161581	4.671343	7.691653
4.713260	5.029068	8.438109
2.616444	4.858657	5.878812
4.539544	4.286713	3.346389
4.395307	4.752555	3.661626
4.216077	6.156567	8.508894
3.729645	4.094980	8.067713
3.786325	4.377910	8.553524
3.971338	4.581926	9.122907
4.073620	5.614450	8.555179
3.786334	6.648157	6.038027
2.198240	4.276046	8.246826
4.141113	4.630335	8.668303
2.934081	3.867214	5.308306
4.320700	3.790298	7.962434
4.932473	5.918022	4.006824
3.298633	2.959298	7.068260
4.602951	4.346030	4.354300
3.152266	3.468964	5.015738
4.367987	3.484465	6.289332
3.671521	3.763690	3.027626
3.264452	4.868635	7.021420
4.197183	5.180516	2.773576
3.497440	3.246682	5.678529
5.202543	5.390557	3.479134
4.234783	4.626032	8.217160
3.714274	4.969611	7.801754
2.724866	3.413773	5.350124
3.614576	6.561926	3.934647
4.251358	5.371443	8.394493
3.203361	6.377485	7.215723
4.429093	5.425659	3.069193
5.621388	5.333254	3.999556
3.363289	5.340685	8.714795
2.421648	4.050652	5.851446
5.066811	5.685258	8.569894
4.757564	6.011403	4.073912
3.747268	4.606150	2.986173
4.333577	5.301378	8.364038
3.262379	3.540570	6.569397
3.802857	6.120953	8.476475
4.119543	5.319435	2.440297
4.156114	5.547818	2.839322
4.425053	5.695664	7.815702
2.670772	3.681427	6.012895
3.088640	4.211436	3.359821
3.885079	5.488474	2.662469
5.134378	4.333775	5.041731
3.870477	6.438104	3.907315
4.850762	6.532536	5.211165
4.071887	4.549689	2.519001
3.223028	4.921702	5.315826
4.546839	5.172748	2.978741
3.969098	4.095836	3.384909
3.140095	6.130022	6.819701
2.521609	2.667207	4.766772
3.788049	5.871623	6.493968
4.060786	6.476454	3.944495
2.750706	4.849374	6.419736
4.377450	5.413818	7.537501
4.114724	4.359357	4.544961
5.348520	6.360305	5.237121
4.058768	5.809140	8.585789
5.282227	4.804349	7.208087
3.064752	4.233239	8.382822
4.324224	3.125337	4.592621
4.592397	6.658548	4.215930
4.361647	5.158544	3.787392
4.187115	4.291850	5.178909
4.617754	4.879460	3.333166
5.179636	5.593565	7.841214
3.995637	4.253649	9.513958
4.368561	4.248532	3.256732
4.524408	3.859310	8.097853
4.093041	4.640566	3.433974
4.778379	6.167670	5.964940
6.068454	6.518059	6.439942
2.635280	4.863439	7.188189
3.417483	5.201353	9.436176
3.727671	4.857193	4.341708
4.733659	3.616400	5.090547
4.943882	4.765274	8.787301
4.303768	6.671458	7.854365
4.769714	5.651285	4.298980
3.663625	5.125205	8.646379
4.003436	5.123051	3.513964
3.837392	4.971032	8.676164
4.393585	4.801713	8.778498
6.344203	5.569496	6.719255
4.284577	4.295925	7.169159
2.903370	6.436998	6.016607
4.525883	4.698923	3.242557
3.263505	5.064692	3.107939
3.766103	5.422400	2.887824
4.612195	6.142359	3.425317
4.686608	5.511403	3.728581
4.972380	6.679639	6.397155
4.124218	4.087383	8.390640
3.803413	4.673962	3.148438
4.836551	7.281731	7.839596
2.800620	3.597657	6.821281
3.752778	4.442692	3.838954
4.057988	6.267249	6.853630
4.643272	4.257305	4.553604
2.413371	4.497762	8.022627
5.564086	6.841088	4.730060
5.524456	5.842301	7.980504
5.301938	5.598308	3.089257
3.702785	5.360923	8.588357
3.212500	5.929872	5.352544
1.963125	4.932315	6.318074
3.474990	6.233158	8.029778
4.064465	4.703959	9.599101
5.242487	6.593831	4.644451
4.620234	7.061048	4.663653
2.988703	5.524423	5.068744
3.226014	2.542977	7.216767
4.813752	4.300954	9.091675
2.992522	3.823263	4.535365
5.261846	4.961588	5.236657
4.120746	4.215870	3.655133
3.129247	4.806636	3.168586
5.115883	5.210783	2.938397
4.302304	4.855659	8.273784
5.042089	5.771020	6.367132
4.714655	4.498548	7.428213
5.684278	6.996245	5.003167
4.088863	5.233182	3.036549
4.334029	5.187910	3.255950
3.794366	5.340785	2.452226
4.212178	5.170742	3.143154
4.595074	5.722208	8.881683
4.586116	4.983113	3.453660
3.549177	5.024641	9.660639
2.497842	4.503019	5.105979
3.227383	5.266770	6.947818
2.482532	4.651298	5.341644
4.959612	4.566962	8.719023
4.477986	5.395286	3.197524
4.247080	3.231893	5.876981
5.138087	4.773146	2.232962
4.992975	7.293523	5.661989
4.030321	5.267440	9.622600
2.487406	2.916053	5.554460
5.061465	5.721814	5.814129
3.919020	4.472337	7.824774
4.819479	3.371402	4.086645
3.518891	5.533319	3.589099
3.931847	5.112289	3.250518
4.457009	6.807554	4.879812
3.059784	5.542616	2.706536
3.785696	4.720396	2.683077
4.665379	5.260326	8.882486
3.982217	5.665456	7.161495
3.546026	5.567127	8.852399
4.914130	5.365435	7.740634
4.387179	4.597969	3.184919
3.220875	3.772724	4.233595
4.358586	4.447489	7.384991
2.995484	4.078690	8.629564
4.687265	3.569828	6.051793
4.972734	6.670126	7.406772
3.320577	3.934379	8.547367
4.327756	4.479523	8.840525
4.162900	4.737125	8.738363
3.778895	3.525394	4.137962
3.685919	3.756127	8.262052
3.695226	4.396430	3.193102
4.136618	4.568519	8.984023
3.275556	4.790049	8.389478
5.196568	4.469992	4.093018
3.531236	6.136592	3.863769
3.860793	4.887835	2.579386
3.715119	7.051263	7.281497
3.894041	5.461096	8.620743
5.451215	4.866587	5.994593
3.722362	3.514101	4.897566
5.910864	5.436461	5.665677
3.905920	6.210334	4.565789
4.090937	4.302905	3.787961
3.830584	4.788715	3.113913
2.703761	4.031280	4.999880
3.566099	4.948641	7.388642
3.456771	4.632459	3.090263
4.322575	4.979856	5.550148
3.956900	5.392760	3.233042
4.214320	5.854388	8.837061
3.347033	3.588319	7.923667
2.597886	4.242295	4.874719
3.199362	5.027299	3.893957
3.644603	5.606909	8.309005
3.389499	4.735769	3.243206
4.112184	3.557405	6.478040
3.166215	3.328559	7.604992
4.015157	6.205437	8.846195
3.193054	3.715021	6.396994
5.894266	5.451546	6.056229
4.432924	5.526490	8.179641
3.821262	4.380642	4.465274
4.490670	6.201443	7.324264
4.189010	6.221492	6.045604
5.276592	7.466633	5.545918
4.313180	5.767260	3.068289
3.790154	6.301846	6.886100
5.097451	5.959704	4.900509
3.044073	3.762066	3.575317
5.646995	4.730011	4.489233
3.645425	3.178727	8.349603
3.818502	4.211165	2.677582
5.152366	4.926943	7.850259
5.423031	6.394564	6.732061
3.417421	4.515567	3.235842
4.232138	4.919142	3.625297
3.816329	7.030070	7.266247
3.731661	4.869605	3.508565
3.247862	5.187740	4.346573
