3.389770	2.593049	6.351249
2.890856	5.403295	5.223338
3.234691	4.127667	8.568723
2.865220	5.082853	4.779552
3.829306	5.381142	9.036060
3.955150	4.356642	8.002259
4.389202	5.413191	9.123882
4.935704	7.262109	7.029550
4.012955	4.878275	8.508061
4.202178	6.994988	5.082171
5.556131	6.409140	4.977661
3.153873	5.001199	4.272940
3.857812	5.491833	6.536075
3.989784	4.701506	3.347927
4.124365	5.538205	8.825745
2.639810	3.527963	6.524515
4.463467	5.221836	9.221294
5.479879	5.811713	5.413962
3.344396	3.190733	5.505839
3.574278	5.912655	7.394752
3.024675	2.635208	6.877563
3.112707	4.756661	9.351781
4.944995	3.974746	6.592042
2.680791	3.336638	5.786675
4.052972	5.340303	8.369900
3.949556	5.543120	7.463934
5.508976	5.606435	3.673663
3.636799	6.499686	6.331316
4.840106	5.918983	7.847688
4.060499	5.229855	3.315211
5.613454	5.654793	4.614939
5.389485	6.251645	8.308629
4.539642	4.865351	2.595923
3.697977	4.960072	3.033205
4.124235	4.300698	7.924962
3.154458	4.905049	4.344213
3.049250	5.118258	3.126013
2.423113	4.509582	7.499547
4.477690	5.004504	8.222091
3.906463	5.223539	8.334405
5.283402	5.418923	6.531825
5.027503	5.891773	3.511631
3.810499	6.780260	7.219992
5.268642	5.495759	7.383437
4.037158	3.432981	4.956986
3.722192	6.100344	7.875970
4.591043	6.067645	3.202999
4.383362	3.142550	3.236369
4.173771	6.935657	5.102408
4.081534	4.378408	2.768831
3.988997	5.452851	8.291035
4.335413	5.413563	3.314911
2.650827	4.724269	5.422927
4.044832	4.770999	3.590807
3.401185	4.051769	7.729671
4.541857	4.481194	5.089092
3.979258	4.450365	3.037272
3.047986	3.128012	6.191377
2.176534	3.971913	8.277081
4.652911	3.272168	6.903444
3.542630	3.391340	4.982558
4.773959	6.225522	3.451384
3.424750	3.459545	7.670117
3.986230	5.623816	9.248159
4.638453	4.568402	2.807049
5.280052	3.740492	5.101832
3.666823	5.412098	9.006322
3.930206	4.718505	9.546415
4.320872	6.687259	8.879571
5.986183	6.364145	5.360668
5.554947	5.855209	8.691708
2.961616	4.375953	5.298572
4.086670	4.124361	8.508346
3.867954	5.156649	7.801299
4.528677	4.676846	9.074154
3.808138	4.948412	3.691751
2.593593	4.359788	6.051286
3.320563	3.337328	4.428483
3.608524	4.471370	3.245969
3.716151	3.444747	3.561578
5.802404	4.893077	6.654275
3.374114	5.649809	4.476717
4.101522	4.545334	3.599127
4.524008	4.341533	2.721062
3.615047	3.768168	7.832025
4.645677	4.326035	9.324180
2.822420	4.656701	4.007863
4.111809	5.455221	2.959619
3.747785	6.264093	9.219202
3.599296	4.348759	3.525072
3.342016	3.741690	7.434292
4.117750	5.424095	9.047036
2.738157	3.656391	7.488919
3.386594	4.153919	5.240196
4.496072	5.138725	2.753248
3.913757	4.438583	8.505149
4.848207	5.008996	2.601525
3.265206	3.972925	8.417672
4.046037	5.946871	3.091246
4.305139	6.009271	7.903527
3.730235	5.824409	8.157477
3.154342	4.328968	8.364355
4.415169	4.776299	2.921823
5.325167	4.065694	4.348821
5.806962	6.262187	4.702079
4.300515	4.321160	8.439017
4.432369	4.497592	5.834570
4.685749	6.074175	6.312520
3.977880	4.524353	8.632003
5.128210	6.031187	7.855970
2.935437	5.165251	8.845793
4.288075	4.646818	8.474240
3.131209	5.453241	3.820710
2.399110	4.428476	8.850731
4.445038	7.273406	6.769401
4.265563	3.507128	4.842113
4.853290	4.412217	6.502480
3.059724	4.788292	5.388808
3.849538	5.260830	3.330146
2.512314	4.320385	5.777086
4.439069	5.140372	9.353387
3.112890	5.377915	3.472831
5.045758	4.637604	6.210675
4.040253	3.644771	7.395693
3.956585	4.593712	9.147286
3.085788	3.931974	7.957532
4.889953	4.183720	6.130227
3.647463	6.239755	4.577627
3.789855	5.323765	3.190280
2.985970	3.886013	8.273375
2.821013	5.123841	8.597362
2.815730	4.687367	4.624511
5.096044	6.534870	3.388172
3.666977	4.308617	7.627708
3.064360	5.375721	8.556135
4.002042	3.255742	7.001449
2.565199	3.810400	3.645686
4.733565	3.702326	4.945961
4.108461	4.777536	3.892738
3.564094	5.945197	3.949859
4.570262	6.991331	8.440967
3.282485	3.685170	7.628037
2.793570	4.645671	8.551466
4.715221	3.924255	3.928772
2.776970	4.941950	8.973567
3.345034	5.700153	8.634695
5.123678	5.412658	3.860033
4.343153	4.395127	4.391890
2.958373	4.822399	3.321102
4.670249	5.006100	2.937251
4.161590	4.957260	8.765227
5.439963	5.471840	5.437440
4.948554	5.139014	5.448530
2.880890	4.194948	6.710482
4.480043	6.512749	8.143469
3.904276	5.775885	3.490387
5.010826	5.649355	7.679696
3.667650	5.112531	2.760359
3.941930	3.775597	7.427599
4.122266	3.325357	4.918419
4.570281	5.897810	8.363984
4.511578	4.557046	2.941433
4.863049	5.589845	3.445941
5.057033	6.090203	3.724383
4.947407	3.381200	5.552240
3.694070	4.639708	2.873293
5.039261	6.169447	5.469866
3.762707	4.953857	3.867972
3.269553	6.019722	8.350959
4.399406	4.802565	4.016854
4.310617	4.505686	3.325489
4.036838	5.575386	5.668728
4.301508	5.254488	4.725691
3.172476	3.127245	4.236573
5.524683	6.340751	5.167775
4.257013	5.208435	3.400918
5.105375	4.310269	5.818156
4.979985	4.240159	6.937081
3.826262	5.073406	4.004895
3.936080	4.006419	8.249649
3.545181	5.126485	2.642450
4.737422	4.310933	8.050676
3.664318	5.292890	2.927680
3.906872	5.945665	4.796931
3.829470	6.413196	7.337702
3.737909	3.411615	6.881635
3.796294	4.108198	3.702131
3.410107	4.243936	3.006751
3.428764	5.328291	9.193580
5.357117	6.159755	5.461305
5.247213	5.040429	6.723221
4.505449	6.851714	4.264609
4.390186	5.682507	9.099460
3.615282	5.679549	6.239718
3.799854	3.035259	5.341165
3.990896	4.610071	8.990278
2.913563	5.514010	7.144582
2.874457	3.928570	6.795108
3.189950	6.188346	5.130888
3.427076	4.247068	3.323797
3.687096	3.972187	8.588048
3.513738	4.470009	2.965503
4.736082	7.123321	4.306720
2.635416	3.235396	6.296632
3.653017	5.692547	5.132630
3.373665	5.453675	7.473385
3.922408	4.893805	3.162298
4.809791	6.442988	4.256180
4.264828	5.861197	3.142726
3.430121	3.946794	8.722038
4.246521	3.365465	5.609711
5.090886	5.190522	5.485717
3.713983	7.056612	6.438547
3.559855	3.261854	6.688675
4.182328	4.937861	2.636390
3.344384	5.572231	2.900231
4.785280	6.716176	7.086671
4.112395	6.919241	6.784454
4.115057	4.743988	7.970784
2.987265	4.385676	3.781937
3.951882	5.267523	3.288992
4.555285	5.277306	3.373579
4.152996	4.927081	2.976074
3.350517	4.725140	8.045524
3.253486	3.779123	8.122670
3.054075	4.484847	8.926860
3.572626	4.977485	3.406771
4.606915	5.278411	4.665082
2.672935	4.225880	4.048923
4.313767	5.682979	3.241017
3.780794	5.045129	2.734860
3.763658	6.228879	6.747819
3.826537	4.273238	3.089282
4.737225	6.203446	3.890858
3.318049	4.100715	3.494995
4.453604	4.053850	2.679796
3.840558	5.130688	9.034648
4.295405	3.844321	5.718729
4.560788	5.507839	3.333300
4.322852	4.357613	2.869484
5.610353	6.006502	8.564627
3.511313	4.676078	2.651783
4.690897	6.050396	9.123334
4.278784	5.939555	2.836916
3.829447	5.298284	3.015076
2.360389	3.138771	6.410904
4.602954	6.641546	5.188680
3.189154	3.321477	4.584369
5.167128	4.912502	7.390551
4.120086	3.982608	6.115280
2.261648	3.242532	5.824245
3.423315	5.027386	5.547124
3.351746	4.315844	8.276225
4.013309	4.877086	9.227785
2.912291	3.087093	4.801149
5.560994	5.481952	7.669915
3.778708	5.864283	5.726994
3.771293	5.488804	4.230182
4.218682	6.359852	6.440230
2.858633	5.956429	7.016583
3.249453	6.025839	3.498444
3.693187	3.547419	7.845653
4.724334	7.244168	6.050142
4.272247	5.705689	8.191689
4.237043	4.984996	3.273453
4.233917	4.699071	8.846134
4.561114	6.275585	5.975700
3.690346	3.630994	8.878861
3.306335	3.207825	4.773232
4.479753	4.489239	5.222502
2.502352	5.860331	5.971113
2.957797	4.098111	8.767796
3.993531	4.944727	3.274514
4.266868	4.297800	2.477284
4.367562	4.309747	4.897251
2.516337	3.755567	4.934752
4.876535	7.463001	7.572150
4.500683	5.274231	8.957026
2.583156	3.991011	5.523893
5.028686	5.133350	8.749173
4.214234	5.624940	2.512690
4.291190	5.395194	3.203764
4.178177	5.636446	8.050779
3.878845	5.287328	3.826295
3.861303	4.153674	8.266522
3.044433	5.266093	4.583879
4.323893	4.876279	9.549374
3.829592	5.267931	3.637105
4.854884	4.678348	3.590683
3.802254	4.454692	8.879036
3.941290	6.666272	6.637944
3.929949	5.299141	2.866349
4.201185	4.377850	8.289686
3.688168	5.797716	7.153642
3.754011	4.197870	3.256044
4.730977	3.076574	7.178534
2.946430	2.840614	7.803340
4.142684	5.315934	3.391032
3.643725	5.346713	8.426652
3.791844	3.507911	4.923483
3.526170	5.783699	8.266889
3.869394	6.205835	4.385659
4.338952	5.223086	8.567606
5.593273	6.367550	5.640081
4.591657	6.460304	5.055365
5.174170	5.772699	8.555472
4.814754	7.373271	5.096147
3.214028	4.248410	2.954960
4.722291	3.521368	4.241792
3.470164	5.015969	8.854429
3.698977	3.063550	8.211231
4.300811	5.344993	8.779028
3.639319	5.218687	8.697503
4.638021	4.993722	2.889962
3.312499	5.610996	7.801469
3.333072	3.707621	7.389462
3.626498	5.415636	9.599190
3.079766	5.624133	3.215067
3.611604	4.377294	8.079752
3.619689	5.488301	2.899852
4.981475	6.733326	7.550669
4.053143	4.443805	8.391732
3.988764	5.826959	7.905742
4.595464	6.467430	5.093051
3.588330	4.163854	8.329835
4.860150	4.015870	7.178499
4.239364	5.773375	3.894662
2.977466	3.500059	4.745673
4.564769	5.729834	3.002205
4.418534	4.239783	8.184412
4.051669	5.456371	3.164959
2.596472	5.307822	7.173616
2.736725	4.328376	5.555323
5.128108	4.948911	4.761428
2.330987	4.382235	4.804432
4.059633	3.916030	3.547873
4.259447	5.014100	3.553142
3.911991	5.384660	9.174951
4.189497	3.885277	5.536692
5.116058	4.526502	5.871250
3.828793	4.551656	2.418253
4.188067	5.719311	2.951990
4.308455	4.880613	8.762954
4.449649	3.594713	7.912007
5.328591	6.078712	7.607862
4.429216	5.005884	8.910449
4.206618	6.322066	5.542663
3.705250	4.339004	9.184101
2.950735	3.953839	4.500064
4.030785	5.320502	2.934940
4.151375	6.292753	3.578000
3.714120	6.444970	4.380576
4.380557	4.412562	3.643148
4.601451	6.702605	6.703395
3.373969	4.736108	3.528746
3.114499	3.532025	5.299259
4.220945	5.819041	8.464935
5.145476	6.046832	4.730126
3.796731	4.765383	3.312153
4.075848	4.789596	8.630255
4.889241	5.579785	5.061064
4.679404	6.055416	9.257560
4.244458	4.706894	2.960061
4.282355	5.104006	9.198577
5.296500	4.489110	7.856956
3.645343	5.253524	3.377833
4.022630	5.543717	9.126300
3.268001	3.761250	5.578067
3.413206	6.640277	8.027634
4.579616	4.170423	8.596086
4.311579	5.038545	9.245340
3.585839	4.415294	9.024440
4.269285	5.278822	3.292043
3.219498	5.007959	9.270281
4.218165	5.099672	4.454306
3.581380	3.310083	6.735394
5.337844	5.691357	7.714821
4.671020	5.630377	9.277632
5.398786	6.845244	5.937285
4.068584	6.343341	8.523419
4.259762	6.670876	4.785301
3.338566	4.790306	3.075725
4.220031	4.669655	9.201394
3.773961	4.916469	8.817006
4.449208	3.996856	4.546404
3.723425	6.023347	8.295912
3.339050	4.734412	6.403623
3.264365	4.825210	3.496372
2.018932	5.128967	7.452651
2.902741	4.258465	4.273971
2.683922	4.495693	6.521537
3.276934	4.802401	8.140765
4.071079	4.818886	8.586061
4.644309	3.993026	8.865788
4.518590	6.743839	5.261556
3.507954	5.625166	3.349358
3.551762	5.512973	3.887564
4.015501	5.124553	4.657316
3.019206	4.618985	3.890872
5.598846	5.538641	3.769322
4.289529	4.041253	8.325676
3.299280	3.794595	7.145942
5.374293	5.306244	8.658867
3.862056	5.741612	2.999591
2.831084	5.053620	3.292270
3.676651	5.079554	3.559089
3.077244	3.572667	7.712897
4.900618	4.757015	7.546859
2.457761	4.031141	3.600408
4.253680	6.735309	4.324950
4.258739	5.500518	4.412992
3.852821	4.808804	8.982758
5.130058	6.047790	5.935828
5.129989	5.798962	3.724831
2.921904	4.423865	7.892606
3.575980	5.052384	9.031638
2.217634	5.009344	6.197290
4.700470	4.869907	2.782333
3.568980	5.458189	5.986016
4.388795	6.843992	3.684136
4.131052	4.580772	9.204785
4.665919	5.921933	3.302481
4.345926	6.957455	6.932539
2.498379	4.500052	5.659720
5.388713	5.429507	3.286912
5.385642	7.182224	6.648350
3.231468	3.459855	7.093821
5.486051	4.648528	8.409796
3.140822	3.234841	4.153972
3.837313	4.228441	7.246609
3.709272	5.589337	4.209264
4.212004	5.792558	8.073618
4.579090	4.468277	8.393555
4.051849	5.065863	8.876326
4.815064	6.807514	6.250928
5.805673	5.704308	4.934161
4.359474	5.179886	3.394224
3.625488	3.995898	4.337799
5.461379	6.765982	6.356731
3.658605	5.831889	8.329256
4.643068	6.526924	3.606675
3.899117	6.546423	5.014602
2.672285	3.981516	3.858839
4.005996	3.097973	6.871522
2.647028	4.001991	5.220375
3.659407	4.583799	3.164686
2.647649	4.479773	4.442245
4.361024	6.875987	6.237536
3.869851	5.201314	3.083804
4.183498	5.477858	4.675023
3.490866	4.104048	4.093494
4.067465	5.276300	9.054509
5.518186	6.925239	6.657217
3.551855	5.478142	3.147652
4.364262	4.660053	5.699467
3.606883	4.685518	8.471955
4.603697	6.741057	7.776210
3.383153	4.299971	3.701102
4.710849	6.234061	6.189952
2.543844	3.964886	5.012057
4.281858	5.241369	9.552725
3.481887	4.670731	9.062326
4.388563	5.122213	9.637022
2.701348	3.363780	6.307119
4.016805	6.317954	8.303979
4.659618	5.903477	7.100859
5.126504	5.631690	7.705891
4.238852	5.608627	5.462300
3.314214	4.551123	3.759159
3.490738	4.233280	2.908730
4.219771	6.167078	3.993000
4.048996	4.921936	2.684706
5.109885	5.446319	8.331212
4.003149	4.090605	3.242785
4.193212	4.699046	2.752393
3.928650	3.668244	3.169733
5.340891	6.130068	7.804268
4.282600	5.340609	8.362867
4.487614	5.918830	8.860606
4.209382	5.478410	2.569256
3.359544	6.352028	4.758451
4.141934	5.309096	2.816128
3.871934	5.389254	4.145667
2.764478	3.449768	4.636833
4.316232	4.088590	8.384482
4.981986	5.946206	3.089166
4.439004	4.195454	7.892237
2.782120	3.217845	6.194689
4.916132	5.692758	6.009905
4.309409	4.423269	2.128403
4.559222	4.095610	7.754428
5.082097	5.131341	9.398262
4.130764	5.620616	3.427397
3.167948	5.604056	6.626896
5.564875	4.781675	6.697118
4.433177	5.433447	2.200930
3.662439	4.762196	8.777103
2.589213	2.423492	5.908832
3.253339	3.529538	6.088287
5.451903	5.353191	3.209930
