4.672053	4.745983	2.749243
4.581651	5.513628	5.942724
3.662482	5.642886	4.196576
3.956765	4.197717	3.644106
3.644835	4.984384	9.424361
4.812097	3.795548	6.848917
4.834528	4.832523	4.834604
3.213931	3.561468	3.503137
3.560642	3.304874	6.406214
2.606495	3.077189	3.805653
4.737408	5.910037	3.352526
3.739811	5.087574	2.930126
3.641049	4.798483	2.939660
3.751338	4.078255	8.501716
3.445554	5.524453	8.417013
4.117687	6.693878	4.279371
3.237461	5.229520	5.339684
3.704952	4.021024	8.050048
4.146371	6.316432	9.543400
4.253680	6.073491	8.195312
3.729772	3.921508	3.468145
3.736390	5.073740	3.072516
3.691904	6.105172	6.100194
5.003311	6.497751	7.190528
4.140445	4.877961	3.094364
4.376038	5.310903	3.285618
4.847684	5.926144	4.277278
3.822504	5.506440	8.639163
3.752883	3.014478	6.584785
4.753117	4.195414	3.887718
3.395390	6.157053	8.241755
2.289274	3.889808	6.133637
3.331726	3.537274	3.444218
2.431755	4.102657	8.503381
4.160300	5.882281	2.575289
4.014144	6.360443	5.196388
3.354349	4.292656	8.109110
4.955409	6.436379	5.023218
2.784924	3.818195	5.241306
4.457425	4.654113	3.410465
4.159450	4.597968	3.406290
4.568087	6.815019	4.427764
4.765068	5.465860	2.856513
2.622591	4.346333	6.791440
4.111737	4.942146	9.093633
3.393562	4.578784	5.979784
4.826990	6.031809	8.116812
3.605363	5.230690	2.589287
5.102112	4.562119	4.648890
3.762526	5.351385	8.775366
2.872094	4.010793	7.544780
4.409183	5.000955	3.003080
4.573770	5.298694	5.753783
3.435139	3.992028	4.075135
3.867551	5.461541	3.655354
4.369401	5.371189	9.329667
4.571657	4.807568	8.878920
3.318296	3.486376	4.541075
4.149723	4.443777	8.106290
4.915185	5.911189	4.944145
4.246211	5.927515	3.182261
4.378141	4.877631	9.459031
4.229681	5.656001	3.956108
4.964431	5.402107	6.168616
3.445587	3.689894	3.789227
4.851293	4.988358	4.998623
4.261152	6.608292	4.706794
3.606617	5.355996	2.905399
3.625480	4.765118	8.880614
4.975169	4.684580	9.659523
3.397155	4.769045	3.744454
3.551000	2.856309	5.195322
2.733201	3.736149	7.918885
3.788284	4.844636	3.547527
2.704852	4.965624	7.724248
3.560218	4.952894	8.205716
3.816221	3.769838	4.986617
3.355136	3.130408	6.931278
3.927560	5.736421	3.805038
2.195813	4.399359	7.385517
3.729361	6.318478	3.792583
5.329695	4.813463	7.540327
3.869297	5.821245	3.601216
3.272734	3.330329	6.611831
4.507430	3.430422	8.945316
2.297826	4.404454	4.550814
4.117806	5.523758	3.022689
2.549377	4.579275	4.612584
4.019045	4.912799	3.117737
3.785629	4.881632	8.631318
3.952027	4.339957	2.821591
5.210241	5.348840	3.609901
3.778447	5.836716	6.835559
3.674590	5.699062	7.845643
3.294571	5.468465	4.635059
5.591768	6.061105	5.640050
5.354565	5.262682	3.730778
4.291078	4.099975	4.332345
4.402380	6.841120	6.490754
2.949880	5.618160	6.369146
3.758130	5.509325	9.643433
4.229449	4.624239	9.028913
4.571411	6.200035	4.046184
5.001513	6.420336	3.808906
3.786366	4.830365	2.360235
3.864119	5.403166	8.943279
3.992122	5.443989	9.728523
4.753989	4.392658	3.944310
3.452319	5.732883	3.286253
2.809225	3.633883	5.995058
3.777792	5.764701	5.157931
5.278150	4.001425	5.931590
2.640304	4.188404	8.459215
3.278543	4.044863	7.953195
5.464714	4.902622	3.932127
4.609749	6.542935	5.146883
5.246691	5.569918	8.678156
3.274398	4.737465	8.874437
3.950677	6.121748	3.697450
3.900805	5.026707	3.531729
3.712591	4.272353	8.646097
5.524287	6.345939	5.536104
3.817993	5.246851	8.707303
3.038629	4.899336	8.152134
3.641632	6.054914	4.345938
3.688746	4.941639	2.450899
4.404076	5.391299	7.855547
4.605827	5.138917	4.698295
3.233196	4.439809	7.822137
3.642048	4.000828	8.126747
4.819080	4.546016	9.375442
3.150578	4.007517	8.427539
3.364903	3.756609	3.167654
3.597684	5.616228	4.090178
3.629753	5.560961	3.365505
4.264799	3.785935	5.375551
4.313733	4.367457	3.690438
4.811089	5.206587	7.698374
4.080509	4.968499	8.461341
4.330440	6.172316	7.516538
4.726908	6.586793	7.035411
4.184279	5.874580	2.950438
3.742160	4.897551	9.917767
4.488217	5.059272	9.196385
4.489128	6.755549	6.750275
3.253186	4.826509	7.498984
4.098598	4.705501	9.690149
3.042770	2.966665	5.376308
4.455336	4.954109	3.519690
3.436475	6.063653	7.417221
2.831666	4.389253	7.939436
4.902806	4.641824	2.746662
3.727153	5.674132	3.115464
3.988066	5.033931	3.344258
5.423630	6.399609	4.651122
4.209166	3.913331	7.462197
4.686933	6.675889	4.449356
3.772881	4.148858	9.197393
3.268194	4.363117	3.033833
4.056585	4.502940	9.465186
3.083073	3.843048	7.072237
2.668295	3.422005	4.289969
4.591064	7.177529	5.544509
3.951473	6.112564	3.498908
4.243315	4.792421	8.547449
4.438419	2.989331	4.546510
4.061024	3.763170	5.265110
2.680544	3.289577	7.541589
5.499530	6.255919	6.172525
4.102548	5.344483	3.668942
3.865198	4.757334	3.101256
4.421185	5.937469	3.478420
2.638855	4.484296	5.987537
2.821209	4.408948	6.548582
2.690484	3.806729	5.612019
4.632116	3.364371	5.918350
2.625408	3.546640	7.385248
4.359410	5.504145	3.108041
3.661739	4.048366	2.266548
3.201516	3.466828	8.713874
4.215644	4.309857	8.895349
3.598954	4.824205	3.205189
4.868420	5.789136	7.244844
5.507496	5.436141	8.090049
3.581845	5.101029	3.235308
3.930179	5.767646	5.900752
4.477057	5.601161	2.796089
3.339326	6.248353	5.600329
3.383169	4.255865	5.324388
4.118927	3.957388	4.377517
4.077136	6.274965	6.276819
4.644411	3.755029	6.029719
2.580339	3.410808	4.017083
4.996024	4.859349	4.433061
5.363410	6.172887	3.788074
5.238409	6.799594	6.149055
2.882506	5.756370	6.391470
4.597025	4.863451	4.182783
3.328896	4.224756	3.784870
5.519176	5.409605	3.943984
4.233343	5.287207	3.867622
5.271312	6.877981	7.579437
2.736865	4.401046	4.294044
3.330436	4.421230	8.862574
3.328746	5.110988	7.303507
3.943147	6.219878	8.342912
3.172933	4.602857	8.596958
3.513710	2.793493	4.371514
4.123563	4.890544	2.957256
4.862720	5.830270	3.840462
2.862296	5.494556	4.185624
4.008314	4.176710	9.164124
5.354848	5.203138	8.660699
4.469295	6.504032	4.757230
4.749552	5.045507	8.218055
5.580892	6.275509	3.907396
5.292781	5.063519	6.832849
3.781127	4.118022	3.182723
4.548815	4.935303	3.576918
4.427063	4.341346	3.613082
3.707179	5.564022	8.267678
3.893233	5.647337	4.745782
3.045040	3.992365	3.786020
5.301434	7.343047	5.912633
4.040554	5.384973	3.177626
4.153261	5.284402	8.488524
4.058522	4.883715	8.796367
2.620758	5.199827	5.809782
2.716487	3.759714	6.906161
3.495334	5.683096	8.861212
3.722653	4.717424	3.127832
3.135456	3.335632	7.256659
3.981932	3.880131	6.495353
3.743858	6.155000	8.810844
4.267949	3.962277	5.894803
2.556291	4.776400	7.898851
4.943527	6.207704	3.679363
4.004499	5.533927	2.975410
3.843904	6.423015	5.308009
3.651289	4.962678	9.199261
3.833860	4.145292	10.120757
2.995383	4.711663	5.484773
3.214528	4.489584	5.491631
3.294010	5.418152	6.864829
4.349375	4.435154	8.737739
4.717705	4.286650	2.820367
4.109341	5.452996	8.945178
4.706132	6.498321	7.633983
3.921666	6.150752	7.760332
4.225275	3.336721	6.043739
2.912507	3.934410	4.079540
3.732035	4.823276	9.471351
4.970055	4.659726	3.666453
4.257463	6.154743	8.521607
3.793906	5.880969	8.981283
3.994394	4.657602	9.518106
3.345088	4.332125	7.329819
3.585134	3.052090	4.718839
3.243656	4.808067	3.818315
3.772300	4.870793	3.433065
4.846307	4.310168	8.078619
3.921418	6.338872	5.302134
2.998577	2.845056	7.911512
4.095993	5.123624	8.753559
3.043456	3.664384	7.759774
4.635800	5.286040	8.213069
3.134649	5.331947	3.388918
3.419929	2.952069	6.194335
4.248068	6.074906	3.311512
3.920512	5.981972	5.586002
3.882105	5.391859	2.160696
4.033711	4.597296	8.489850
3.970934	5.798519	8.746462
5.134343	5.425145	7.983075
4.607012	7.448517	6.671992
2.997308	4.514117	4.538071
3.822350	4.182481	8.872876
3.862012	5.625538	8.608001
4.193827	3.802188	3.395667
3.472339	4.976740	3.212660
4.633649	6.868835	3.551533
3.889819	4.772014	3.482446
4.268294	4.475360	3.116904
3.877810	5.343304	7.524965
3.376746	3.453065	4.976164
3.509093	5.515212	8.577771
5.243280	5.764835	7.544517
4.993593	4.609592	7.672031
4.286719	5.087766	3.643842
4.037642	6.120321	5.458046
2.972219	4.226999	6.363156
4.203446	5.174403	3.286621
3.468772	6.146292	6.585413
5.023035	6.375383	8.469555
3.202207	4.035378	3.072699
3.773757	4.100082	3.390359
3.570823	4.539961	2.895430
4.532351	7.190414	7.512026
4.244455	4.942072	8.665772
2.894550	5.140083	5.027991
5.023884	5.120010	8.245049
4.594940	5.124949	3.164836
3.155708	3.530069	3.378272
4.020682	3.697503	8.099652
3.742991	4.920538	2.728476
3.759797	4.661190	8.854723
2.786542	4.459772	3.426925
4.604628	6.770578	6.570745
3.564811	5.526814	8.278774
4.843271	4.648329	9.049372
3.795886	3.758208	7.007007
4.423060	4.223229	5.304374
5.746137	6.149461	5.183758
3.886944	4.888769	9.676287
3.625674	4.983107	3.080869
5.262769	5.942073	7.349055
3.852320	4.897859	8.823583
2.551980	5.786611	7.828442
4.703021	6.971726	6.215231
4.379405	4.292833	4.640001
3.554880	3.841688	3.832709
4.831787	6.215900	7.928147
3.804760	6.486883	5.110905
2.912394	4.250585	7.608283
5.198132	6.281787	5.812713
3.297660	4.851581	7.457700
3.098231	6.288825	5.951890
3.628187	5.834880	8.558346
3.767375	4.050362	4.046596
2.545811	3.705277	6.770409
4.553043	5.717229	8.405254
5.272670	4.052368	4.380919
5.022035	6.541047	5.106888
3.058799	6.890710	6.855013
3.313220	4.262495	2.471795
4.902043	4.135046	7.126654
3.269806	4.515141	10.050147
5.565994	5.870927	4.088811
3.407608	5.360694	9.393679
4.039253	4.481661	3.380043
4.672669	3.395498	5.897544
4.429617	4.549417	2.503672
4.454062	3.485510	6.521939
5.130715	5.342864	4.942557
3.671419	6.165583	4.118031
3.108792	2.992283	4.930973
4.084081	3.877345	7.856412
4.511594	5.873840	2.932950
4.507298	5.033606	3.184610
3.460767	4.264286	9.021723
3.457981	4.533042	4.679077
3.352392	5.134917	7.995134
6.218872	6.495740	5.411142
3.226833	2.768707	4.866878
3.103903	2.954472	4.367520
2.931955	4.285375	6.973937
4.095419	5.083264	3.199265
3.757854	5.160761	6.978335
4.480857	4.696370	8.539848
3.534150	3.591882	6.784336
3.872441	4.361912	2.845512
4.817667	5.064162	9.307646
4.476664	6.167241	5.381976
5.342284	4.244559	5.649603
2.418604	4.772752	3.799383
4.709472	4.483358	4.911541
4.130045	3.792998	7.458340
4.464344	5.389862	3.657459
4.075947	4.189959	4.141057
2.386175	5.054630	4.477630
3.983866	4.868957	9.331253
4.244332	4.937517	2.684297
5.259485	6.598818	4.920186
4.400496	3.586726	5.115988
3.459072	6.313404	8.894654
2.666146	3.926154	6.650603
5.310472	4.128431	5.971281
5.044119	4.282999	3.331890
4.157015	4.151715	8.450505
3.196240	3.735345	8.064380
3.883674	5.318112	9.226944
3.445073	4.085439	5.137050
4.045660	6.963828	7.345322
3.653238	3.925142	8.174714
4.713169	4.205260	7.755622
4.987069	5.671360	4.489437
4.293562	5.618874	3.940623
2.181910	3.870141	4.413358
5.069275	5.011085	6.878351
2.805566	5.293410	6.862463
3.349504	4.005668	3.630811
5.582837	5.623697	6.733665
5.214433	5.998477	5.360516
2.959271	5.261984	8.236073
5.571046	5.233330	8.015855
5.469922	6.725134	4.776341
3.358012	2.665674	5.287072
4.281879	5.214638	3.355142
4.119729	3.428146	7.661578
5.004144	4.772838	8.086917
3.174001	5.351438	9.405773
4.028518	5.665288	3.354484
4.133923	4.854077	8.688146
2.889729	4.000976	7.243226
3.480402	4.304908	3.690863
2.332190	3.653782	6.041035
3.447279	2.786480	6.998963
4.231031	5.042230	2.639722
4.935639	5.187007	7.421988
4.702160	5.957239	5.120343
3.479620	3.869184	3.481733
3.672489	4.924669	3.483721
4.102141	6.585719	6.147055
2.496238	3.458158	5.275015
4.698580	3.789820	7.624535
4.934646	5.001006	6.786323
5.225154	5.869424	6.913640
4.517523	6.848814	6.230026
3.751878	6.149782	8.597277
4.740221	4.077347	4.583742
3.420225	5.119697	3.262929
3.292341	4.305641	2.456131
2.722360	4.071370	8.823929
4.737859	6.139376	6.460213
4.201954	5.786924	3.515433
4.590782	4.667236	2.992168
4.324902	6.186827	3.171227
2.798196	4.818140	5.386004
4.291858	6.340891	5.208734
4.454127	4.193361	7.776697
5.571976	5.782173	5.133856
3.554823	4.494909	3.112991
4.141615	6.060050	7.826375
3.512043	4.975774	9.178148
3.807827	5.626661	2.884046
4.871381	4.134047	6.180502
4.712429	5.420962	9.374768
4.400245	4.387781	8.036212
4.052593	3.330128	4.495081
5.181767	6.453132	7.726202
4.289713	6.772568	5.799398
4.602931	5.931348	4.193786
2.843379	4.105239	4.475737
4.117535	4.518555	8.177453
4.912696	5.628099	6.567935
3.453038	4.284085	2.701655
3.770803	4.806817	9.185959
3.463626	6.594130	4.789942
4.235752	5.206644	3.275916
4.282451	5.474522	8.934496
3.957804	5.125368	2.795039
4.338520	4.683496	7.627414
3.574049	5.876367	9.754534
4.102500	5.468801	1.799334
4.085197	5.788260	3.379390
4.034119	5.153217	3.108628
4.803612	4.431265	5.350339
4.359863	3.794646	7.056106
3.981458	4.884784	8.017218
3.332317	4.590736	8.304127
3.280311	4.241585	8.416817
4.833940	5.223826	3.358277
3.233099	3.914654	8.761640
3.078121	4.529134	5.009933
3.533184	4.927041	8.808280
3.586088	6.951030	7.336400
3.680269	6.376358	4.834322
3.949211	6.255560	4.625202
4.997964	4.782713	3.000616
4.444454	7.152984	3.847802
4.090469	6.623320	9.138170
3.128548	6.297208	3.939553
3.757427	4.894772	9.361772
4.709494	5.920909	8.432992
4.281505	3.880208	9.205479
4.786275	5.334060	8.282996
3.040765	5.393624	8.272098
5.181888	6.661564	7.475569
3.650300	3.935335	6.112837
3.727513	3.202646	7.110361
2.982671	3.721322	8.338322
4.680809	4.459266	3.194954
4.579996	5.650090	7.930986
3.818542	4.958129	9.057474
3.163746	3.782904	7.830300
4.078112	4.845319	8.481500
3.104549	3.742654	3.113333
3.197613	3.973875	3.126570
3.346313	4.137866	8.741968
3.586839	3.177497	4.868260
4.534525	6.007750	3.217933
2.446111	4.981299	4.422924
4.556657	4.077307	2.888736
2.701248	4.017982	5.878302
2.999846	6.242885	5.375601
3.723525	4.834264	2.907979
4.239330	4.817643	3.136705
3.862627	5.119809	8.066663
4.610253	6.021067	4.435607
3.325079	5.475711	7.612528
