4.544464	6.530940	5.085982
4.086018	5.682757	2.569413
4.585860	6.532180	6.085506
3.996120	4.131347	2.595555
4.824126	4.198413	8.975643
3.329660	4.341978	8.267841
3.815474	4.559495	2.354851
4.794062	4.678121	2.727469
2.552007	4.105797	5.845300
2.703752	4.478641	4.564297
2.586458	3.856319	7.449136
4.231762	4.609630	6.704169
3.444388	5.144617	3.516709
3.808016	5.483238	2.914191
4.198393	5.186962	3.101410
3.494606	4.217361	3.716591
3.777930	4.006211	4.352380
4.149177	6.224165	8.629563
4.562054	5.329263	9.402877
2.891598	3.330696	4.898490
3.767843	5.734053	9.294430
4.609050	4.750015	9.189805
3.429013	3.782400	4.174295
2.691532	6.391533	7.210662
2.098100	3.619196	5.355632
2.285038	3.372543	6.809445
3.552502	5.026029	8.308005
3.897982	5.529932	2.918203
3.656490	5.547939	6.713455
4.493142	5.967083	3.262934
2.950666	3.601841	7.079520
3.734924	5.775850	8.716247
5.357978	5.423196	8.244735
4.149459	3.998258	6.382019
4.359650	3.907218	8.754652
4.385804	5.531815	3.192805
4.408503	4.886294	3.243098
3.803315	4.780304	2.486267
4.992443	5.355618	5.563713
3.745663	3.234853	4.638277
4.283381	4.729589	9.365719
4.804157	4.033358	5.261749
3.652762	4.782077	5.530252
4.608693	6.838475	3.838625
3.665028	6.421148	5.404538
4.351009	3.719742	5.751196
4.262950	4.521020	8.890383
3.700125	2.824321	7.021975
3.538803	5.485921	3.817790
5.239663	4.841743	6.234808
4.172289	5.004216	3.055040
5.375811	5.276108	8.961653
3.618240	4.987065	3.313777
5.596355	6.457554	4.398236
4.349144	5.834342	9.414346
3.470898	4.394038	3.798624
5.487009	7.004306	6.683675
4.393679	6.126199	8.484736
3.929884	5.001747	3.682676
3.482225	5.659076	4.860666
4.381766	7.020627	3.984725
3.972626	3.723937	4.446084
4.578399	6.305106	7.318459
3.925891	4.593608	8.586974
4.998622	6.223086	4.981250
4.075511	4.162125	8.835066
4.503533	6.729795	4.755310
4.095296	4.712013	9.102851
3.122065	3.625825	8.196168
5.437532	6.025166	8.670494
4.592388	5.994494	3.604979
3.642644	3.841277	4.263061
3.374581	4.935833	2.770621
3.457300	2.964186	6.290606
3.530829	5.244733	7.168100
4.733069	5.694258	2.711284
4.044858	6.558621	9.317232
3.925767	5.033926	3.218348
3.596543	5.388731	5.412662
4.113051	6.171457	8.657741
3.585997	6.329155	7.467270
3.961969	5.549452	3.044531
4.221439	5.158801	2.463418
3.982574	4.750818	8.859117
4.639785	5.742886	9.150075
4.739148	4.806325	6.679071
4.084134	5.105740	2.747261
4.592024	5.136947	8.759647
4.326915	5.443672	8.705186
3.725239	4.573126	2.764314
4.971760	6.321224	3.957404
2.894350	5.099831	6.083726
4.926702	4.871573	4.181853
3.610319	5.896050	2.634418
5.274136	5.945133	6.460196
4.761841	4.284881	6.936063
3.478760	3.982122	9.088336
4.303270	5.081444	9.162559
3.865907	4.924297	8.312501
4.022093	3.265822	4.253055
4.100393	4.424111	3.010340
5.118744	5.753585	6.253719
4.841551	4.260157	3.150138
4.077896	5.728578	2.418482
4.971916	6.337752	6.868004
3.517575	4.891479	4.619297
3.409146	4.541124	9.125791
4.724813	5.595803	8.727889
4.580367	6.798855	3.873878
4.592294	4.752387	3.068973
3.475376	3.812973	3.951539
3.495142	6.125795	4.592921
3.504457	3.557654	6.271000
2.820041	5.765992	4.861608
4.082595	4.712581	3.206382
3.375759	5.341219	9.049189
3.070160	4.284632	4.299913
4.436231	5.334994	8.749194
4.458642	4.723492	9.407966
4.199428	7.112258	5.876237
3.773076	4.574876	8.586614
4.417169	7.346854	6.872803
5.097787	6.003735	6.325752
4.616263	5.483658	3.216176
3.696752	5.217197	9.389499
3.763963	4.730708	3.199794
4.717296	5.647899	9.457513
4.107997	4.482846	3.521153
2.687762	3.935718	3.713688
4.368162	5.886416	7.671815
3.068574	3.559974	6.740273
3.979992	4.535075	3.027177
4.016140	4.910928	8.644073
5.015821	4.793831	3.990443
4.272094	4.708150	8.970457
2.816559	4.915994	5.240979
3.850279	5.569482	3.139975
5.397801	7.596440	3.889182
3.978965	5.190565	2.468311
3.504894	4.246108	6.507019
2.457578	4.312690	6.439710
3.038243	4.557157	7.120777
3.831018	3.507414	4.615578
4.921590	5.081323	3.214416
4.214228	4.056961	8.513598
4.874833	5.188422	8.818653
4.266242	3.923620	5.346172
4.791133	5.471669	6.554295
2.280120	3.403982	5.754211
5.104844	4.188591	6.062597
4.674224	4.108168	8.906588
3.883883	5.660609	8.730427
3.025345	3.538233	5.301367
5.539347	6.814563	6.117633
5.060562	7.371120	5.989521
4.167907	5.170914	2.729728
3.641514	6.042071	5.722412
5.293653	6.591852	5.662174
3.244718	4.004266	7.732603
3.363055	4.313832	8.888596
4.881863	3.196444	6.735262
2.427231	3.459658	7.113742
3.154079	5.603062	7.129447
4.318597	6.208938	6.349199
5.149085	4.721304	7.358226
3.097661	5.556129	3.367291
5.043064	5.919467	3.555087
3.671340	5.601716	4.534552
3.470194	4.085358	3.509749
3.591806	4.439898	2.462734
5.351423	5.598494	4.682054
4.389276	6.499577	7.811354
2.913502	4.216816	7.897959
2.065152	5.847711	4.580395
3.341713	4.861385	8.179909
3.909994	5.127826	7.648677
4.621358	5.874746	8.160423
3.678767	4.448455	8.077859
5.462522	6.174904	4.441317
2.884002	5.461532	5.976649
4.238369	5.174143	3.189784
3.083403	3.986903	3.368662
3.382295	6.492854	5.385943
3.658966	5.930856	7.815783
4.647240	5.563692	6.874936
4.227024	4.764078	9.221848
4.347589	5.419983	2.882923
3.333242	5.251699	7.351981
4.521190	5.168481	7.782194
4.005945	5.645722	3.437658
4.941487	3.979322	6.317670
2.674397	5.663265	5.833131
4.413896	4.424789	7.996190
4.661401	6.970473	5.842429
3.956349	6.612625	3.982913
4.488615	6.215428	8.572545
2.013080	3.430454	4.775858
5.451807	6.325025	8.204962
3.490431	4.747296	7.348558
4.189570	4.149043	3.088849
3.170766	5.918673	5.965654
3.138113	4.625086	7.945748
4.057062	4.732671	3.711498
5.456417	5.429981	7.965831
4.266269	4.107817	8.559343
5.420349	6.199021	7.203032
4.421121	6.088151	8.839733
4.684812	6.928901	8.509274
2.804129	3.865395	3.680644
4.674122	5.848993	4.162451
3.154813	5.249763	2.429882
4.306024	6.271532	7.552593
4.102085	4.256736	4.939919
3.335711	5.670140	6.252735
4.724413	6.141643	6.491179
4.303463	3.938694	4.466656
5.421680	5.304332	6.133350
3.727792	4.788781	3.108325
3.040754	4.806803	2.768106
4.695909	5.220452	5.446601
4.442441	4.609581	8.705828
5.112000	6.502480	4.315046
2.897155	4.558811	2.770640
3.887251	4.665733	4.062615
4.731706	5.514977	9.164281
3.883310	4.951094	9.505791
3.768870	3.530486	7.768939
3.301323	5.307339	8.878256
3.548591	6.106202	5.471614
3.794230	3.172222	3.987250
3.384189	5.363316	3.354941
4.197924	5.452207	3.242856
3.709656	4.973900	4.531681
2.408250	3.973307	5.147282
4.795954	5.700863	7.187760
4.091075	5.200280	2.584320
3.120078	3.997416	4.795843
5.132452	6.451823	3.472905
3.893166	5.023259	9.085181
3.800431	3.619147	7.434958
4.357036	4.542565	3.193843
4.245931	4.553313	3.396699
3.419918	5.667544	3.416967
3.311342	3.016713	5.998043
3.033321	3.566011	5.436469
5.157256	5.645576	3.580843
4.443115	7.006400	5.634645
3.101138	4.480757	3.696608
2.423375	4.491445	6.898012
3.909670	4.019780	7.568617
4.431558	4.475695	3.125305
5.101953	5.715794	5.370014
3.129690	4.321339	7.964087
4.922364	6.588325	4.401831
3.318203	5.965600	3.234014
3.901751	4.628561	3.208858
3.476425	4.824385	3.310501
3.926652	5.190279	8.957687
3.274738	5.369121	3.410124
3.886659	5.167193	3.983734
3.298651	4.654980	9.204953
4.640225	6.421942	8.385405
4.075564	5.135292	8.855966
4.815915	5.623431	4.292174
4.201195	4.725148	8.913369
3.798423	4.416819	3.621539
4.356289	4.098312	3.931282
5.445514	5.761391	7.465747
4.045592	5.371853	3.472161
3.414218	5.728705	5.730146
3.103615	5.859756	6.294772
3.899264	3.922798	4.162002
2.835619	3.543753	7.571330
3.867905	4.033518	9.115148
4.619918	5.410006	8.925779
2.257631	5.243041	8.323389
5.045713	5.921872	7.219231
4.466092	5.231547	2.260738
4.707639	5.663603	3.600911
4.435928	4.714407	3.587865
4.895639	5.711840	3.603999
3.246392	5.131558	7.756438
3.697384	4.409053	3.726952
4.687240	4.901315	7.381631
3.852062	5.244926	9.006689
4.817300	4.313343	8.244681
2.881068	4.457480	4.780215
4.308605	4.386960	8.834025
3.166835	2.482466	6.435822
3.201115	4.615755	7.741509
2.289228	3.918391	6.925144
4.920862	6.012134	4.283502
3.828529	6.457030	5.863104
4.616327	4.698770	3.529603
4.877201	5.655660	4.020625
4.531687	6.830894	5.904007
4.194462	3.375764	6.049220
3.870744	4.059448	8.656863
5.464806	5.290880	5.669599
5.527685	6.757211	6.057468
2.740784	3.706193	8.412531
4.514460	6.479781	5.669817
4.585423	5.404572	7.696944
4.767264	6.138843	7.633550
3.910953	4.752736	2.819352
3.679107	4.790320	3.385114
4.312230	6.903540	7.720216
4.587239	4.717647	7.869728
4.093743	4.995551	3.324370
5.044975	6.031923	6.387306
3.935145	5.874994	4.354034
5.536495	4.294837	5.009046
2.852772	3.765360	5.946298
4.466152	6.071607	4.944749
5.004095	4.832276	5.344541
3.070474	5.143788	3.867602
3.849768	4.678289	3.473337
3.011562	4.876760	2.558026
3.695443	4.814133	3.856837
5.046788	3.873563	6.669400
3.059448	4.698336	5.585698
3.882091	4.226961	8.494141
5.174998	6.354930	5.857312
4.059596	3.280926	4.391475
4.069104	5.167669	9.194209
3.690794	3.440223	7.962030
2.636381	3.972839	8.326530
2.831776	6.253746	7.157868
5.002607	5.743903	3.358847
4.564038	4.216658	3.293555
5.120617	3.524169	6.386499
3.803485	3.199823	7.972161
3.985166	4.781602	2.732763
4.146598	7.010823	7.278357
4.964898	5.422744	7.870855
3.859646	5.585526	8.323380
4.241272	5.718097	7.181461
2.505331	4.504846	3.851651
3.404358	5.884169	7.139277
5.506215	6.758336	6.676283
3.551109	4.940822	8.763031
4.068464	4.172600	8.808919
4.450339	5.417105	2.983885
3.391274	3.085102	5.037959
4.784365	5.155012	6.759441
3.355942	4.737721	8.106375
3.213028	3.940690	8.121321
4.525120	3.599001	7.546101
4.141438	4.482125	3.122390
3.000555	5.842547	7.268975
2.800350	4.344257	6.574379
3.996069	5.093992	8.358193
3.531138	4.354436	9.805139
2.432861	3.825351	7.559707
4.251368	3.793522	7.551698
4.044167	5.449809	2.628386
4.497688	6.533441	6.042434
3.936954	4.725041	3.257733
2.980680	4.104748	3.711451
3.639748	3.635406	4.266038
3.910212	3.126251	8.161159
3.430911	3.876055	9.199253
5.018653	6.025800	4.811511
3.969492	4.891302	3.068860
3.508571	4.393847	8.701197
4.169493	4.219363	8.436347
3.298510	2.739080	5.321585
2.381729	4.150327	3.805108
4.163767	4.151971	2.856503
5.133401	5.792954	6.040876
2.815591	3.824597	6.749306
3.900689	4.462298	9.269970
4.565649	4.924965	7.719747
4.160296	5.063282	3.836785
4.303221	4.909185	8.461403
4.012822	3.548168	6.314929
5.322374	6.062387	6.078509
3.879778	3.827596	3.582470
4.256875	6.016008	3.085669
4.329144	4.912280	3.349459
4.290663	5.387266	9.642662
4.184771	5.041791	3.716405
2.470312	3.729371	6.864240
2.540202	4.305523	6.441561
3.455698	4.802542	3.014604
5.317167	5.215442	8.258930
4.989020	4.822631	3.836577
3.561350	3.482581	5.626474
3.907055	4.192972	8.629767
2.559743	3.569816	7.415116
3.776604	4.518817	8.965570
3.522783	3.145173	8.642198
3.276277	5.247559	7.567404
4.018417	3.884657	3.524039
5.663153	6.712761	5.941343
4.945941	5.700746	3.496323
4.298048	5.964086	8.438340
4.502975	4.234528	4.536932
4.891240	3.698404	5.198595
4.307339	5.338023	2.471317
3.241599	5.979121	3.150678
4.721684	6.963652	7.564480
3.281796	3.583068	8.691316
4.644215	6.040313	3.693838
4.825696	5.098958	8.028976
4.483510	4.830355	9.126296
3.246864	5.542606	8.898202
3.277954	4.901841	3.352108
5.000267	6.026693	4.136370
4.548651	4.554323	5.269789
4.389868	4.953519	8.766649
4.492193	4.960421	9.062847
3.642633	3.282274	7.904902
4.178529	4.694657	8.363572
3.653470	7.050188	3.960489
3.195696	4.038007	3.595746
4.812633	6.850115	6.044706
3.965100	3.477466	5.737062
3.698266	5.000409	9.404087
2.739672	4.471160	4.409600
3.850330	4.562668	8.668225
3.909008	4.338875	8.438098
5.087352	6.156915	9.044119
3.356212	4.679723	8.352134
3.880306	5.891786	4.757045
4.697514	5.580093	3.353551
4.312576	5.455529	8.164648
5.881960	4.694854	5.166796
4.135961	6.358221	7.998484
4.353521	4.260119	8.012962
3.997695	5.673343	2.752565
4.302600	3.550214	4.124818
3.544993	6.158226	8.947845
2.722352	4.564876	7.651568
2.168129	3.396935	5.390232
2.961077	4.104902	8.163684
4.316865	4.650271	8.781668
5.293094	4.097081	6.172724
2.904864	5.394727	3.835528
4.055467	5.158493	3.391036
4.498705	5.217190	8.067076
3.779124	5.107184	9.354405
4.803343	5.323416	3.853225
4.123513	4.150659	3.447039
4.027580	4.868563	3.005486
3.619956	6.190082	7.577331
3.157843	3.310579	3.503983
4.149314	5.535503	8.980069
4.351927	6.699625	8.204056
3.649641	3.882713	3.359439
4.906355	4.851703	4.180930
3.195757	4.534711	8.349776
3.988869	4.314595	4.027667
3.911615	5.977538	4.076658
4.313886	5.284203	3.512096
3.559201	4.953192	2.710407
3.678722	5.160278	3.130189
2.677972	5.314564	5.810228
4.819974	5.677591	8.457117
4.830366	3.971415	7.126975
3.570447	5.283073	8.566658
5.024398	4.783856	3.275994
4.029013	3.293771	4.507993
4.993799	6.444428	8.316937
5.460995	6.641485	6.528146
3.231814	4.769978	8.443428
3.697705	4.908643	8.901739
4.553254	5.399790	3.135452
5.333078	5.530634	5.171082
4.660723	6.877534	8.066454
3.188255	4.994861	9.275272
3.985179	5.754071	8.093622
2.865767	3.137899	6.313063
5.410392	4.266751	4.166783
3.954445	5.165261	8.349492
3.255148	4.168477	3.442331
3.066671	4.143396	6.510754
4.288070	3.523029	5.047884
3.764010	5.335583	8.635977
4.068140	5.159733	9.372068
3.430915	6.824404	4.107766
2.967096	4.059664	4.001402
3.441476	3.601446	7.271992
3.931723	5.108040	3.286459
4.055627	4.143915	3.183288
3.821385	5.068187	9.124295
4.390515	6.578395	6.825861
3.940630	6.411911	5.410411
3.591798	5.909569	8.082914
3.659338	3.596097	4.283179
3.446351	4.412180	3.131037
5.272416	5.050610	5.067835
2.505433	5.067915	8.007926
3.945642	5.975544	3.633006
3.192909	4.530694	6.190622
4.887320	4.069432	7.782575
4.262734	6.418282	3.734378
3.402438	4.041706	4.148558
3.872442	4.868128	8.784049
4.566155	5.252593	3.175497
