5.297868	4.938703	6.498623
3.089370	5.379412	4.781006
2.869886	3.352473	6.967937
2.614746	4.310101	5.412347
2.803611	3.384344	5.794451
3.287533	3.827337	3.460868
2.471558	4.301149	6.279994
4.803895	4.272485	4.994689
3.785163	4.213229	8.920167
2.554415	4.888867	6.975995
5.335814	5.363520	4.721955
3.147708	3.226709	5.487253
3.604944	5.480850	8.789997
3.781867	4.850917	8.980986
3.909561	4.693188	2.861363
3.652646	4.159874	8.310423
3.620013	4.350305	3.615770
4.227323	5.122421	8.952080
4.384759	6.562444	6.846596
4.713384	5.766771	7.659933
4.400699	4.937069	3.552636
4.284741	4.631120	8.631724
3.110160	5.153867	3.912047
4.020608	6.457927	4.604434
3.533627	4.628500	8.755582
3.612999	3.648308	7.761584
4.163855	4.983215	9.219316
4.287632	4.703915	2.513429
4.305210	6.002731	6.753630
3.243774	4.793658	3.613513
3.205541	5.441020	6.933320
5.256442	6.415349	7.506426
4.330855	3.736751	4.125231
4.607712	5.115041	3.607013
3.963624	4.914540	8.920818
4.763822	5.685367	8.688130
3.245856	3.230683	6.786481
3.848301	5.204886	2.773824
3.774460	3.813590	4.505328
4.360867	3.867858	5.148432
4.785842	4.273417	3.894000
3.648144	4.742635	3.576276
2.731389	4.952538	6.209996
4.111462	5.197767	2.847649
3.079878	3.737956	3.478990
4.865790	6.048206	3.689453
3.748295	4.409684	3.086798
2.949895	3.900038	6.014772
3.949996	5.635995	3.339909
3.724484	5.227269	9.079693
4.385360	5.089228	3.148284
3.221024	3.335681	6.040935
4.050584	4.909505	3.028225
4.114690	4.143667	8.986423
4.570630	6.662609	5.106455
3.617757	5.941083	8.448999
4.305497	6.467087	6.502609
5.219185	4.739883	8.598940
4.477502	7.140620	7.071861
2.864502	5.593779	5.059863
2.540874	4.297492	5.448270
4.327926	5.825517	8.388627
4.181967	5.208806	9.061661
3.182657	4.669263	7.815584
4.251030	4.128982	7.821771
3.113791	3.253709	4.921254
3.904064	4.324391	8.809836
3.697892	4.282017	8.102210
4.028071	3.905846	3.849467
4.050336	4.858802	2.715996
4.436754	5.395306	3.731376
4.780433	5.999497	4.214890
4.592557	6.332826	8.090384
2.850339	4.007141	3.662825
3.110449	3.775472	4.343671
5.279917	6.259063	5.112394
3.866972	4.663580	3.011883
4.743684	4.642264	7.417791
2.957050	4.999649	5.645067
4.535538	6.560640	4.533628
2.985419	3.587935	7.284828
3.796312	5.376654	8.110506
3.628388	5.391923	8.670577
3.422702	3.265828	5.182028
4.204999	6.286226	8.592303
4.391033	6.510635	7.432571
4.864946	5.328988	7.499986
3.671012	6.023591	7.738880
3.591096	5.648497	4.299651
3.743776	3.388986	5.013986
3.942046	4.224581	3.862568
4.691043	5.935613	3.553346
4.967396	6.647434	6.132418
3.021593	2.777159	7.684386
2.680069	4.181351	6.281165
3.747261	4.506855	8.768398
4.875262	4.871460	5.401353
4.380104	4.940382	3.392662
5.170016	5.890472	6.944155
2.977160	4.458592	3.104992
3.736334	5.763311	7.997023
4.207853	5.808796	8.882451
4.424535	5.955673	8.870947
2.633522	3.690112	6.051956
4.208673	4.492865	7.511486
4.065317	3.848270	8.029135
3.440910	5.471619	5.648779
4.153201	6.788934	6.158564
4.215259	6.336726	7.495263
4.434005	5.286205	4.122645
4.733426	5.126191	8.602221
3.330082	3.590099	7.174087
4.288658	5.192017	9.250715
3.657262	3.978878	8.532080
3.645638	5.456166	3.090465
3.921866	4.989954	8.557545
4.849856	4.337335	6.828568
4.283939	6.784498	5.905170
4.746094	4.608365	8.277378
4.717549	6.439363	4.139964
4.375301	6.592953	4.142796
3.202762	4.668140	4.452801
3.728453	3.461566	4.321235
3.335744	4.877959	3.292343
4.780872	6.087293	7.748868
4.904460	4.916428	6.611732
3.496676	5.246328	7.113055
3.844974	4.925316	8.939413
4.970961	5.923077	5.702251
4.260318	5.314275	3.273039
3.113363	3.612465	4.823708
2.713945	4.581213	8.200633
4.565159	5.535081	8.457676
3.917967	5.181913	2.536163
3.982706	5.827668	3.307569
3.788297	6.319593	5.644785
3.902667	4.640308	3.122312
2.826211	4.636382	3.859579
3.411541	3.810255	3.122021
2.851411	4.113061	7.548008
3.691480	6.050673	3.408931
3.643575	3.190076	5.917057
3.019614	4.373190	7.695195
3.785681	6.205108	4.245388
3.608978	3.056353	5.505599
4.392456	5.963782	8.593752
4.213889	4.890937	3.181208
4.022852	5.861381	3.706813
4.015395	5.230328	8.561553
2.922570	5.867745	6.040956
4.787509	4.816231	4.322459
3.674717	4.111032	3.547357
4.045394	6.739453	7.023399
3.486035	4.386853	3.908257
3.733133	4.407033	3.181408
4.474186	5.822978	7.711667
4.282498	4.560428	3.956378
3.808512	5.402415	5.437698
3.730134	6.021891	8.712750
3.826147	6.491005	6.818203
3.963580	5.202200	8.445850
3.517238	6.027141	6.938591
4.835892	4.767846	3.874506
4.200117	6.556194	5.174422
3.348944	5.642780	7.141978
4.878625	5.940767	7.396020
3.728322	4.603354	3.447617
2.998975	3.385396	4.418315
3.892988	5.243723	8.488933
3.800905	6.181494	7.399502
4.131837	3.768971	5.543705
3.988740	5.443712	8.687012
3.677227	4.609392	3.161186
3.927794	4.833342	8.874954
4.719857	6.536258	6.868619
4.551950	4.529881	8.401486
4.652751	5.006395	7.983127
3.644559	3.653030	7.975864
3.783726	4.974688	3.166771
3.018638	4.020825	4.803057
4.042870	3.917327	8.647522
5.144134	5.685409	7.016038
4.075739	5.078212	9.370446
4.530220	7.033839	4.834538
4.109293	6.548632	4.305955
4.776886	5.082243	6.575640
4.236264	5.329461	2.956412
4.516629	6.470422	6.919601
4.130680	4.919869	3.079214
4.107226	5.219363	9.383907
4.365368	4.895168	8.700474
4.991057	5.665673	6.322224
3.638837	4.420316	8.655592
4.032787	4.638142	8.525112
3.657064	4.094770	8.298601
3.125681	5.593616	7.314334
4.224555	5.178680	8.926113
5.417738	6.414259	5.731338
3.813022	5.145601	3.387158
4.519681	5.499696	3.018097
3.238330	4.451615	3.046627
3.695085	5.017268	8.435828
4.128469	6.542096	8.211910
4.778889	4.534867	4.146568
4.203651	5.346202	3.024510
3.304262	5.072704	3.899722
2.954798	3.338127	6.769580
5.308682	5.866421	6.736725
4.751676	3.984534	5.965757
2.277666	3.716162	4.771282
4.027673	3.145074	5.221373
3.652681	5.002529	2.989309
4.144796	5.293981	9.598647
4.206633	5.181202	8.899129
4.078011	5.139319	8.872396
3.636565	6.225309	4.770073
4.427008	5.654846	3.256177
2.604327	4.133140	6.876430
4.445213	4.174790	5.885250
4.320871	6.345791	4.101097
3.945983	6.611048	4.306766
5.708916	5.909073	7.617313
3.214340	3.630891	4.407065
4.167095	5.158322	3.147706
4.401282	4.697322	9.639770
4.499046	4.397611	7.946485
3.558060	5.755429	7.629447
5.254904	5.265068	3.609528
3.730976	4.969871	8.961825
3.369195	6.386503	6.549301
4.646910	5.522640	3.048969
3.034219	3.334316	6.712833
2.509736	4.561447	5.658503
3.910057	6.144605	7.458277
4.061396	5.764612	3.705704
5.000399	5.859434	8.432303
3.016454	4.251363	7.412898
5.686190	5.060495	5.156147
3.217704	5.504855	5.872758
4.364590	4.217227	6.121194
3.711668	5.367337	2.688960
3.263551	4.651250	8.470245
4.940619	6.314243	6.309518
4.116920	5.988820	5.070661
4.751002	6.919863	5.583451
4.868162	5.300249	3.909779
4.183426	3.434795	6.388460
4.742481	4.918180	8.664203
5.072531	6.214022	4.750728
4.740033	6.313185	7.931845
3.823732	3.873005	8.461218
5.238324	5.426803	6.824181
2.622458	3.411636	5.614661
3.971299	3.903112	4.486763
3.213233	5.499637	6.649426
3.972264	4.463733	9.063422
4.222862	5.526748	3.227047
3.740620	5.450915	8.405960
3.078185	5.076858	4.304466
2.649203	3.212882	5.536650
4.962248	5.125673	4.651215
2.731387	4.590369	7.263753
4.757987	6.094790	8.288534
3.778498	5.370871	3.054507
2.930576	5.323003	3.185018
4.557419	5.422398	8.532970
5.754974	6.685957	4.648575
3.200157	4.672400	3.076472
3.710782	4.536414	9.388596
4.303804	5.086422	2.898745
3.532927	4.904204	3.229025
3.990155	4.141999	7.615888
4.432858	4.849014	8.391892
3.941276	4.456337	3.327073
4.716159	7.227988	5.874786
3.729855	4.989852	8.969669
3.071454	4.257490	8.428745
4.785449	6.477891	6.619938
3.909234	6.154133	7.752968
2.863015	3.643916	8.155658
4.343198	7.224996	5.474484
3.884594	4.991586	3.054412
3.146241	5.141951	4.973833
4.024419	5.350245	8.513275
3.949682	5.488947	3.253358
3.399757	4.942764	8.461159
4.569657	5.060498	8.717881
3.715002	6.153650	4.911444
3.566095	6.076714	5.053961
3.245202	5.124324	8.015988
4.996419	4.017382	5.612988
4.586744	5.919708	8.628156
3.203567	5.484538	4.998713
3.006198	3.778782	6.691749
3.079494	3.357207	6.384246
3.701660	5.167206	9.076917
3.245555	5.062678	6.493284
4.033639	4.218491	8.758602
3.709846	4.349796	8.805139
5.556312	6.261570	5.609374
3.799012	3.751141	8.783925
5.219714	5.739938	4.609688
3.958121	5.534413	8.567575
3.437513	4.135762	3.685050
3.837769	5.070693	9.187486
3.722567	5.834857	3.388105
4.974215	6.901724	6.040223
4.332986	3.707661	7.241296
4.052857	5.518009	2.949524
3.406225	5.948240	7.356129
4.031555	4.208618	2.922100
4.297846	4.630146	8.834207
4.176896	3.691283	4.244981
4.487776	4.930007	8.161579
4.420148	4.256255	4.034828
4.743139	5.330367	4.419528
3.181734	4.026451	7.468751
3.491233	3.525252	7.717658
4.322842	5.161588	8.734037
4.581639	6.614241	7.180027
4.304232	4.481831	7.046644
3.340000	5.046746	2.886356
4.371803	5.703420	8.962421
3.177210	4.902033	3.780761
4.402345	5.171624	3.239692
3.846651	4.721733	3.076723
3.626138	5.436912	3.686740
4.849346	7.152542	4.560290
4.007706	4.882118	9.182129
4.901480	6.642773	5.462891
4.782354	5.212743	8.540336
4.113732	4.551970	2.866871
3.957443	4.645296	8.813442
3.368638	3.627306	4.363840
5.043443	6.170948	6.861558
3.516503	5.191304	3.583440
4.423045	3.975706	4.640432
3.842518	5.381320	8.830403
2.978482	3.741463	7.884655
5.055840	4.844509	7.256567
3.861729	3.060726	6.277956
4.870913	5.282103	4.213015
4.707836	5.039886	7.542201
4.297768	4.249558	9.043692
3.685475	4.915166	8.715042
4.538753	3.985015	4.726327
5.071280	6.027154	4.027785
2.856294	3.857065	4.931986
3.279192	3.613654	5.210556
3.040076	3.682087	8.473369
3.636616	4.277186	9.516693
3.938963	6.670180	6.142032
5.195899	5.877084	5.041087
3.686422	5.108118	3.140400
2.637222	4.205238	7.626282
3.917643	4.261757	3.448791
3.810890	3.243008	5.878585
4.048800	5.422108	8.607162
3.371641	3.437088	6.164596
3.751802	3.089127	7.022687
5.154887	5.049514	5.855248
4.446491	5.331209	8.340918
4.426714	3.794796	4.212294
4.431030	4.922241	7.933502
4.468958	4.979819	8.694249
5.648745	6.614400	6.636432
3.411412	3.892775	3.307482
3.857358	4.404282	2.794024
4.008097	5.761401	4.619740
4.127494	5.054621	2.927083
4.544741	4.069741	3.928306
4.842545	4.865025	6.563641
4.361584	5.159224	9.122092
4.865209	5.159387	5.826195
3.717529	4.866382	3.049187
4.166774	5.214992	9.073556
4.807995	6.078417	3.509504
3.690464	4.155068	7.913478
4.231733	5.346670	3.062158
4.450236	4.415773	8.300633
4.169158	5.102693	2.855679
3.951718	4.793897	8.567990
3.913643	5.261347	9.066549
3.818273	4.449322	3.569346
4.328513	5.726238	3.400518
3.482210	4.813739	8.877461
2.486405	3.659257	6.369401
3.986893	4.765270	9.040677
5.005510	5.688589	5.051311
4.015422	5.173463	3.119199
3.572403	3.790161	6.029025
4.955702	6.515320	7.653962
3.807369	5.697901	3.083777
3.853050	4.648696	3.153587
4.088077	4.194856	8.767252
3.970293	5.320026	2.944794
2.780122	4.704043	4.041405
4.677579	6.110964	8.631945
4.377775	6.909212	5.280080
4.856954	5.847587	4.092545
3.502757	4.474384	3.567522
3.715817	5.017636	3.087436
4.246566	4.694144	3.356888
3.067064	4.578706	7.901988
4.931011	5.177382	4.512945
3.092168	4.706766	8.091888
3.341567	5.078522	2.825669
3.763801	4.218040	8.187475
3.946508	4.746614	3.040327
3.373779	3.154042	6.776446
3.134485	5.417967	4.560359
4.244965	3.926303	5.421794
4.733886	6.949269	5.559814
4.580186	5.748249	2.753319
3.848881	4.844604	2.656682
4.227768	5.093703	3.053874
3.788496	5.064936	2.906534
3.713687	4.120133	3.335610
3.596155	4.559015	9.012508
5.122551	4.312276	3.448186
4.551639	5.339747	3.463851
4.014186	4.527712	3.219825
3.281032	3.200579	5.876722
4.231143	5.679278	3.143488
4.529403	6.280259	7.361240
3.336590	5.594345	8.317179
4.707138	6.376456	7.784115
4.321408	5.404828	3.240599
3.211737	4.580209	8.315586
3.432272	4.792559	6.036681
4.186461	3.899584	8.507887
4.182752	4.990400	2.863770
4.859812	4.932398	8.102310
2.927507	4.561131	5.100654
4.816828	5.931277	3.852313
4.328225	5.597244	3.512570
4.423019	5.715709	3.543142
5.375772	5.476978	7.372974
4.251136	5.462912	8.867537
4.147299	4.262792	4.143127
3.013226	4.096774	3.683518
3.200973	3.539558	8.267711
4.355825	5.296368	8.785540
3.994988	5.310945	3.146767
3.647649	5.347799	4.247704
5.284242	6.957095	5.286957
4.146889	4.775552	9.072259
4.583935	4.133983	7.457242
3.003982	6.139217	4.197036
2.678490	5.176171	6.102856
3.570938	6.173806	3.625374
4.233852	3.525965	7.596756
3.169423	4.322299	7.899377
3.408094	5.499521	8.292843
4.225841	5.977993	3.581889
4.466654	4.787384	4.073241
4.859734	4.719500	3.907525
3.966541	4.554645	8.678029
2.511532	3.858354	5.600391
3.595502	5.107152	9.122045
3.494084	4.572892	9.001433
3.331913	4.829883	7.344463
4.507214	3.415886	6.615955
2.909250	4.391083	7.084749
3.628821	5.688119	4.234342
3.247682	4.120020	3.360260
4.166645	6.651862	4.089960
4.588949	4.823655	3.120494
2.688407	5.105482	4.579268
5.555846	5.187556	5.514396
5.512606	5.949444	5.314018
4.340998	4.811046	2.927216
3.829340	5.217700	3.145715
4.877717	5.072710	8.315361
4.863543	5.686028	3.221383
5.064998	5.559395	3.205343
3.628203	4.582557	3.330894
4.542840	6.273430	3.746090
5.323654	5.343164	7.044229
3.692727	3.453926	7.520283
4.991762	6.461768	7.927551
3.619329	3.562502	4.139778
4.185711	5.223019	9.079818
4.052278	5.366742	3.402498
3.653518	4.924540	2.911006
3.925470	5.076935	3.104298
3.954032	5.664652	2.590629
5.039518	6.050587	7.876599
3.617351	4.465282	9.004564
4.217769	5.252457	8.642548
4.213372	5.024305	2.909865
4.912484	4.707594	8.119613
3.480979	4.135478	3.879721
4.069764	4.736260	3.018838
3.595971	4.350237	8.222156
4.236001	6.034189	8.471179
4.403524	4.991023	8.975279
2.567988	5.388298	5.175224
2.977289	3.757221	7.520424
4.914229	4.734374	5.543643
4.904748	5.648822	3.406394
3.991566	6.430473	3.768574
7.176992	2.197030	9.739219
6.257089	2.777691	4.522353
6.675673	2.008735	9.945882
5.275957	6.645717	8.893107
5.087145	7.913994	4.833816
3.111683	1.130147	3.161253
1.221853	7.826896	7.263561
6.821701	4.392245	9.756023
7.990974	8.492622	3.518265
7.927288	4.623188	7.052686
7.457038	7.112412	5.016554
2.934578	2.999453	5.318374
0.900091	3.964092	2.525592
2.117980	4.647811	9.416815
7.336029	7.589021	3.074442
2.812145	6.733394	8.939327
4.143646	1.548524	7.804044
6.377557	7.839983	7.648116
2.943609	5.891362	2.257187
0.943481	1.021061	8.424853
6.596644	1.692904	4.296375
3.729068	8.858468	4.565171
4.453063	3.127770	7.061835
4.503030	8.692065	2.217906
0.532354	7.015914	8.042618
2.531047	3.016341	7.618933
5.841081	3.804990	2.475073
1.123203	1.756646	2.387642
4.167685	5.483073	3.272846
4.207022	2.125125	4.529727
4.648666	5.842167	7.100890
1.963691	6.223492	3.094996
0.212088	8.244313	6.313482
2.059763	5.450630	6.455840
4.297810	1.224699	7.041996
6.925569	5.425349	8.030338
4.886971	3.375688	2.759730
7.559537	8.738074	6.209815
4.574508	1.153322	5.260832
6.315506	3.404130	2.965407
4.243136	8.605390	8.235877
6.148680	8.847316	5.418914
4.534967	8.952404	5.935569
7.986935	8.551658	6.260307
6.369360	2.570868	5.546905
4.205461	1.345262	8.212179
6.961851	7.122856	3.288106
2.048847	4.030103	8.951826
