3.590816	3.498708	3.898999
2.533215	4.913912	5.399021
3.267645	4.168704	4.421889
4.067950	6.235695	7.317561
3.581501	4.625932	3.055164
4.861005	4.020071	4.311247
4.827316	5.111189	7.734720
5.611659	6.395320	7.769018
4.180588	4.309706	3.367067
4.186899	5.744147	3.373487
2.740243	4.069912	3.548299
4.158158	6.084890	8.452964
3.777002	5.153506	2.963935
4.408771	5.403005	8.705641
3.031052	5.806420	4.746265
4.988443	5.711527	4.083167
4.579824	4.392014	7.942865
5.585228	6.725516	6.275405
4.362931	6.663251	7.274466
2.574914	5.001223	6.461647
3.642029	5.049488	2.883964
3.900377	4.892797	9.119079
4.560175	4.961904	8.880068
2.736738	4.146301	7.034669
4.653829	6.798959	6.445300
2.991630	3.650540	7.701680
4.552564	4.470737	9.164542
2.637455	3.541071	4.906650
3.070239	5.367343	3.494458
4.119318	3.422665	7.665574
4.686939	5.015369	8.949097
3.611250	3.161805	5.579237
5.148998	5.357929	8.240239
4.321682	6.463047	4.665135
3.540707	5.418103	4.563574
3.824318	5.118872	3.070049
5.169670	6.181702	5.313369
3.585387	4.960115	8.881379
3.591852	3.787280	8.059504
4.195434	6.187413	4.146429
3.947555	5.391503	2.851947
3.293253	3.326116	4.629517
3.845134	5.210269	9.151530
3.441602	6.080103	6.211011
3.849079	4.861936	3.051240
3.195940	4.188589	5.059626
4.130686	5.472684	8.868159
4.522028	5.430719	8.804385
4.134596	4.587946	8.885632
4.381696	5.584137	3.355984
3.959796	5.282958	3.018474
4.221512	5.752329	3.622444
4.181030	5.063845	3.935758
4.219392	4.850393	3.058255
3.798013	4.825078	3.015005
3.728292	4.127583	3.393239
4.474632	4.225100	3.253287
3.956154	4.042537	8.419191
2.535281	5.244733	5.169793
4.058581	3.934089	8.648933
2.819709	4.355265	5.776252
4.948660	5.016550	8.768190
4.603037	6.514297	4.021948
4.444214	5.195756	3.017490
3.476281	5.538850	7.911561
2.790271	3.127963	6.474629
5.393215	6.478886	5.548394
2.301901	3.644694	7.352028
4.220918	5.451263	8.746512
4.229872	5.153560	8.542697
4.275797	5.131615	9.034942
3.135123	4.183373	3.776038
4.561653	6.552337	4.523672
2.783049	3.999247	7.754246
4.595455	5.963747	8.028928
3.442998	6.336752	7.286754
3.626588	5.842482	4.386759
3.947773	4.688066	8.795378
3.176946	4.158380	7.946996
4.921762	6.709490	7.090070
3.498548	4.478185	8.940002
3.898532	5.023651	8.966631
4.952518	6.208305	7.887113
3.393941	5.291966	9.387105
3.748151	4.463895	8.871454
3.094897	5.860850	5.603231
5.348707	5.837621	5.917900
4.799305	5.284788	5.679660
3.794784	5.022466	8.796713
5.199980	6.595708	6.214050
3.096545	4.220312	8.746609
2.878724	4.259433	7.634561
4.116133	6.324859	7.759623
3.729442	3.892489	3.860336
5.158399	5.652250	9.018208
4.560890	5.624927	2.951427
5.016814	4.081161	7.794277
4.147512	5.185736	8.785433
3.656036	6.245840	7.113817
4.400753	5.003540	8.730395
2.882843	4.467093	4.370660
3.910292	5.430035	3.353755
3.179004	5.478927	7.771990
4.396009	5.060749	3.115729
3.517597	5.881413	4.515006
4.150953	5.059721	2.758493
4.375525	5.680404	8.848052
4.849504	5.716971	4.548377
3.709417	6.261378	5.886432
3.490141	3.885699	4.978164
4.605491	6.915074	5.561478
4.574779	6.259446	7.893421
3.232976	5.394920	3.796055
4.512000	6.788732	7.087710
3.411945	3.519466	7.662225
4.664008	4.115661	6.834484
3.517311	4.805685	2.995225
4.061719	6.644187	5.805236
2.975194	3.402912	7.989334
4.868081	5.080769	6.944549
4.393144	4.959877	3.279727
4.487314	6.055237	8.607879
3.526149	3.122894	4.932667
3.678196	3.313259	5.315946
3.904572	4.090805	3.117413
4.705064	4.569695	7.014226
5.501749	5.890484	6.687518
3.609692	5.159427	2.917125
2.896630	3.345209	5.986468
3.593021	4.595388	8.364806
3.537576	4.763306	8.318627
4.151726	6.137506	9.071578
3.736460	6.262547	6.240304
3.521465	3.958220	3.496105
3.631327	5.325851	2.840741
3.813844	3.307874	6.730842
2.885588	5.609285	7.243918
5.565230	6.097057	6.326816
4.487730	4.907426	8.685402
4.146109	4.946330	2.646932
4.219082	4.155835	7.627265
3.812299	6.138920	7.343121
4.437729	5.330599	2.864008
4.381494	4.732684	8.696642
4.158729	3.588442	4.465682
3.717635	4.637375	3.452479
4.159364	6.197368	5.002758
4.378721	5.027595	3.266383
3.850372	6.701014	6.984600
3.615680	4.294599	8.906431
4.219305	5.087462	3.172927
2.919150	3.404333	5.029270
3.787731	4.028375	3.479102
3.917693	4.969301	3.464179
3.669218	4.883220	8.004668
4.071806	6.324147	3.805662
3.450090	5.207513	8.731045
3.668010	5.775065	3.961341
5.167438	5.564726	3.972867
4.199602	5.775999	8.531885
3.470991	4.933016	3.091359
3.538910	4.814493	2.665477
3.940385	4.862735	3.874401
4.136587	4.793582	2.915082
3.792180	5.000795	2.748230
3.763267	6.334459	8.282756
5.469286	5.369450	6.361246
4.089541	5.876750	5.163574
3.484457	4.393637	8.810137
4.085161	5.494418	3.423036
3.075383	4.014473	8.602455
3.122106	3.882161	4.102474
4.445067	5.391642	8.376048
5.058462	6.442500	8.157690
2.850963	4.109495	5.115708
4.527005	4.958872	7.492537
4.588665	5.561734	8.745390
5.309381	4.962170	4.444811
3.518852	3.577932	8.086866
2.713441	3.945145	5.888125
4.606937	4.247181	6.971972
3.616702	5.269458	2.789023
3.928092	4.795187	2.889233
4.387718	5.170310	3.243770
4.751204	5.973092	8.671229
4.012765	4.481634	3.831600
4.799021	6.001669	3.855041
4.863264	4.466835	7.850220
3.263867	4.354235	3.213012
3.912260	4.819513	8.554521
4.410656	6.225252	5.360581
3.790786	4.929565	8.716072
3.848274	4.822513	3.410630
4.185607	4.848066	3.167329
3.830200	5.756339	3.800741
5.001186	5.607072	7.975336
2.547794	3.380656	7.833017
3.410832	5.884533	8.226785
4.339719	5.464260	8.792802
3.704475	4.870092	3.140758
4.417701	4.855016	8.838433
4.534091	4.808956	3.035756
4.302387	5.504611	3.663781
4.835604	4.314940	5.735533
3.799585	3.422563	5.547080
2.599551	4.500474	6.336943
4.891164	3.844408	5.970989
5.065041	4.605812	6.732041
3.387755	4.417176	8.812309
3.703429	5.272776	3.127235
3.455132	4.889124	7.356523
4.005466	5.022852	9.057146
5.496238	5.741343	4.997597
3.713458	5.551089	2.940265
3.065393	4.085925	7.268574
3.215874	3.264300	6.441871
4.895788	4.877086	6.168004
4.338749	3.622357	8.299965
3.218347	5.385235	5.651376
3.163871	6.191000	6.116071
4.195934	4.734234	3.032440
2.846764	4.831453	4.385298
2.790774	5.118252	4.309730
4.756133	4.946609	8.092057
4.316889	5.886204	8.960747
4.265142	5.718065	3.792747
4.434124	5.337659	3.248739
4.578412	6.769194	4.792577
4.251368	5.714652	3.731332
3.154344	5.075196	8.066718
3.857723	4.342303	3.057658
4.835539	5.353831	8.560854
3.271499	3.566523	7.501454
3.445518	6.072875	7.004551
3.848001	5.267194	3.181932
4.647582	6.812874	6.491039
3.914033	3.600704	3.948031
4.142930	5.079996	8.586186
4.668417	4.563435	3.745214
2.989409	4.555624	3.240675
3.209262	4.141540	3.429746
3.124394	3.792794	4.536787
3.377537	3.257940	7.581490
3.393968	3.520429	3.964968
4.345444	4.993795	3.132533
4.277471	5.291673	9.462624
3.190523	4.854011	8.464412
4.547231	5.055417	7.995195
2.964038	4.371531	8.245344
4.589323	4.555426	4.117113
3.732182	5.129877	3.323135
4.015050	4.951153	9.070130
3.452099	4.442563	3.379007
4.940553	5.232418	8.211352
4.269150	4.682773	3.246563
3.576748	4.041129	8.402737
4.050527	5.319793	3.167006
4.700222	4.459263	7.782848
4.195885	4.868836	3.164055
4.363691	4.327174	3.937423
3.886888	6.724541	5.244478
4.814610	5.349862	4.213510
5.354584	5.636694	7.134921
5.015345	6.296767	3.940494
4.383041	4.729135	2.875602
4.402342	5.951893	8.420613
3.155931	4.831436	8.706149
3.920417	5.119595	2.681127
2.818148	4.752475	8.112724
4.588668	6.592268	5.255688
2.811713	4.343190	5.673516
4.453602	4.515192	4.602374
5.047478	5.287819	4.645056
3.388283	5.316295	6.569104
3.838606	5.005923	2.685472
2.904461	3.846639	6.260726
4.132754	6.609487	4.456522
2.711887	3.561737	7.327080
3.942104	4.861075	2.950403
3.007162	4.172422	4.585098
4.454271	6.147775	4.405828
3.718432	5.155215	2.568162
4.677278	5.087765	3.873014
4.175958	5.768064	2.737085
3.695667	4.924753	7.959768
3.721079	4.093745	8.248359
3.866105	4.459466	8.780023
3.033759	6.012905	5.636348
4.137396	4.834531	9.327364
3.548953	5.007494	3.080037
3.542796	4.019211	3.777830
3.957170	5.030731	8.594495
4.871276	4.760943	6.331809
5.090424	5.975777	7.266642
4.491230	3.796692	5.760568
4.005197	4.278609	8.370789
3.332601	3.486751	3.636833
4.071672	4.801466	2.992261
3.232691	5.083406	7.757232
3.790347	4.743569	8.828322
4.188738	5.298503	9.011708
3.860152	3.673461	7.371390
3.386654	5.609657	6.781103
4.015785	5.208951	3.062065
3.621305	3.453228	2.911025
4.702084	5.206436	4.625489
4.734991	6.029221	3.623409
3.090246	5.559543	5.849000
2.679748	4.376654	5.630605
3.957916	4.565265	8.778388
2.972898	3.326174	5.267200
3.948174	4.999996	8.924790
3.670575	3.665983	4.862519
5.359162	6.459180	7.315528
3.052847	4.641256	2.992862
3.129373	5.267020	6.158026
5.016497	5.108134	8.519621
5.297460	5.204541	7.221089
4.371182	5.757365	8.470776
3.020268	3.603621	5.804916
3.001179	4.870869	4.864667
3.507739	4.138381	8.270643
4.050824	5.057370	8.800183
2.853903	4.627345	7.336887
4.257123	4.053512	4.905033
3.733092	5.195540	3.215762
4.344633	4.611194	8.577306
4.044842	4.330413	2.849620
4.188717	6.201251	3.880507
3.962821	4.252437	5.281656
4.310151	5.795402	3.548483
4.236539	4.381145	2.964584
3.727666	4.914514	9.168436
4.421704	6.833167	5.773194
4.645277	4.974495	3.344249
5.004243	6.851589	5.268062
3.923886	5.241209	3.424572
3.225806	5.519996	3.678339
4.419225	4.493773	3.317431
4.211963	6.744253	7.958456
4.027001	5.838954	8.292957
3.622550	4.529509	9.184434
4.042298	4.830875	2.937475
3.438542	4.935884	9.674913
4.817749	6.162711	6.736743
5.218667	6.414773	6.377990
2.527798	3.709416	6.305271
4.542399	3.569636	4.737281
3.150803	3.490720	6.552216
4.521744	3.560863	6.209331
4.714750	7.244414	5.170798
4.238396	3.968870	3.840854
5.406088	5.310383	5.027819
4.474714	3.354571	6.836781
3.975867	6.229346	3.969302
4.176597	5.559947	2.721326
2.874266	4.421690	6.706048
5.246977	6.440636	5.047978
4.453870	5.642985	3.036574
3.690565	3.297024	6.313415
4.110402	6.168468	5.217709
3.096294	3.903921	4.505216
2.471746	4.126534	3.357106
4.460882	4.593355	8.804624
4.609204	5.505969	3.417435
3.243753	3.233713	5.786949
3.854164	4.201106	8.894694
4.633065	5.968820	5.313880
4.036633	3.593346	5.066023
4.680939	5.598533	8.004746
4.575336	6.583210	7.097824
4.372736	4.180579	8.145253
4.643616	5.625632	8.194894
3.695329	4.569878	9.026404
4.390708	5.355080	2.847067
4.279748	5.514080	3.621118
4.618436	4.109903	4.265962
2.441849	4.099021	5.506859
4.232286	4.689081	2.960395
3.960408	3.788250	7.092717
4.650073	5.450245	3.728427
3.469889	2.957137	5.769023
4.789346	5.953556	3.780501
3.314305	6.095721	7.888135
4.444512	5.359082	8.984221
3.786648	5.277600	8.723569
4.211047	6.921317	6.515322
3.812635	5.458072	8.623726
5.337306	6.427288	6.517500
2.835701	5.070739	5.132810
3.032332	4.989908	8.261712
3.629808	4.313619	2.931239
2.734818	5.155578	6.315465
4.879311	5.669249	8.443678
3.499399	5.706250	8.989207
4.643914	3.548435	4.962246
4.333180	6.005420	8.113557
5.380019	6.027902	4.370111
5.217446	6.235934	5.661922
3.660743	4.292833	8.764291
4.891001	6.834269	6.427438
3.885324	4.583343	8.709360
2.771321	4.676118	6.840497
3.881130	4.955186	9.509226
3.420429	3.199480	6.841949
3.113505	3.598465	4.935561
2.673000	4.794120	4.993342
3.210382	4.362962	3.700789
5.046679	4.120846	4.828500
4.164180	4.730893	3.603994
3.059930	5.115912	8.094667
3.575049	5.107936	9.023454
5.000356	5.304960	4.855023
3.979827	5.405453	8.737228
3.923158	6.280985	4.521409
2.888470	5.167863	4.839781
4.188580	4.962451	2.677150
3.137238	5.027399	3.845876
2.843227	5.190079	6.217746
3.271891	5.342695	7.997742
5.177731	5.413497	4.643192
4.450068	6.203356	7.335256
2.747646	4.301331	4.480715
3.747539	3.506742	8.232727
3.025505	3.494507	7.688704
3.268162	6.067847	4.774203
5.171394	4.994298	8.305082
3.781458	4.948671	2.707443
3.545199	4.081822	8.430300
3.721301	4.919071	3.023158
3.976712	3.123460	6.520565
5.153701	6.122221	6.861140
4.376300	4.679438	8.492590
3.430188	5.749728	3.271887
4.453712	6.728767	7.302181
4.140650	4.154340	8.699784
3.949288	6.117364	8.552776
4.026983	4.390624	3.243840
4.214902	6.328833	5.899959
4.918920	4.585813	5.465787
3.707581	5.305277	9.519198
4.666067	4.215089	7.651900
3.854668	3.546958	7.157178
4.235604	4.028115	5.234521
4.133659	4.582388	9.726126
3.478686	4.900251	3.684288
5.188608	5.865210	4.556286
3.049861	3.637927	4.924403
5.165724	6.200935	4.863047
4.087666	6.120837	8.137813
2.969824	4.328985	3.663576
4.899140	3.894690	6.358657
3.889120	3.812439	8.548312
4.768795	5.561608	3.316469
3.768284	5.264699	3.306922
2.868807	3.214311	6.567684
3.820762	4.897046	2.950877
4.358617	6.413939	4.360575
4.335236	5.718230	8.775631
3.877057	5.196806	2.990139
3.820623	5.792780	8.605639
3.744397	5.387373	3.245256
3.569239	5.245394	8.470323
4.924843	4.918791	4.087128
4.556553	4.553252	3.689224
3.898114	6.203847	6.150555
3.866351	4.870357	3.797736
4.538444	7.059856	6.430334
5.027438	6.611552	6.230327
3.280506	4.620092	7.626182
4.302147	5.132663	8.520916
4.812406	5.811219	6.704616
3.742990	5.026895	3.266463
4.599609	4.967233	6.665949
4.506120	5.559099	2.798681
4.807215	6.242182	6.815294
4.053356	4.423471	3.115258
3.947966	4.864249	9.015627
3.017155	4.184407	6.368389
5.031220	6.333446	4.098152
4.569909	4.913177	8.487279
5.115367	4.678492	5.309285
3.579018	3.648621	4.556960
4.804360	6.513676	4.308938
3.326827	4.653547	3.530336
4.443251	4.931449	8.873531
3.622791	3.377808	6.915369
4.825875	6.296408	4.245085
3.332029	5.496012	4.697113
3.756540	6.176839	8.336931
3.223924	3.582526	5.483423
4.488627	5.213989	3.297141
4.513394	4.719465	6.853535
3.401412	5.890025	7.442179
5.721878	5.968646	6.485797
3.055526	4.024927	7.910578
3.989684	5.070188	9.092098
2.919675	4.846229	8.026194
2.726942	4.002980	4.388208
4.954134	6.050561	4.239373
2.812161	7.261202	8.969471
7.478893	3.949333	9.438107
1.480387	4.038896	8.949284
4.488776	8.287761	8.530109
3.697328	7.119635	8.094499
6.491975	1.823152	8.394312
7.936247	3.435171	8.190675
6.822168	7.082126	5.578490
2.903519	5.352606	2.856154
7.590928	6.446228	7.978288
2.925189	2.447767	9.087568
7.284117	8.468411	3.043773
6.217226	4.052169	7.624506
2.251383	7.740481	5.087772
6.211445	2.856296	8.637985
0.735878	5.472915	8.707434
3.915345	8.596235	4.304456
2.731276	4.740506	5.854903
2.920452	1.910603	9.672211
0.649628	3.702949	6.798347
6.998676	2.763603	9.042379
5.953772	7.143830	2.493091
5.153406	6.610549	5.507793
4.481098	5.499332	3.104750
0.012164	1.303909	3.184839
6.822193	7.881888	7.593991
5.047505	3.305716	6.583407
0.670103	3.294544	9.187353
3.620286	2.402180	9.666163
7.202629	1.148619	6.925288
1.457690	4.941952	5.816689
5.733247	5.206313	8.247618
1.775640	4.478247	7.581277
7.208436	1.623395	8.725174
2.491558	8.656404	3.191209
7.362123	2.893163	4.696559
4.281195	8.965791	4.805305
6.189421	4.881093	3.314824
1.442440	1.835781	6.358200
0.811741	4.877410	6.584019
7.078326	4.006553	8.461030
0.594952	1.399551	8.884463
7.083577	1.108265	4.878249
1.555604	2.437209	6.232747
2.953423	6.700202	9.470149
3.429194	5.455171	3.471661
3.824777	3.500220	5.346617
3.929306	8.480551	6.906050
0.074974	5.993340	3.872080
7.257799	7.469840	3.373928
