4.012132	4.213998	8.657963
3.260756	3.094455	6.599767
4.171741	5.587967	2.595121
4.359000	5.231117	2.734987
3.295944	4.685323	3.229141
3.625204	5.209935	8.750241
3.530691	4.413360	2.966728
4.201620	4.144758	4.209535
2.610932	4.853732	5.599548
4.150709	5.039885	2.676336
4.348407	5.056334	8.603913
4.936639	5.215410	4.621963
2.542987	3.786529	4.914267
3.793619	4.976642	3.238659
4.382657	5.828139	8.811210
4.821726	6.143580	8.011962
4.567974	6.029687	4.002823
4.568957	6.584482	6.116258
3.928574	4.797913	9.194113
4.289906	5.224040	3.265259
4.090686	4.909705	8.799020
4.424931	5.642206	8.572363
4.547828	5.275923	8.928211
3.064230	3.686111	7.298518
5.304699	5.678062	6.725678
5.214739	5.875108	8.038495
5.210357	4.977746	4.409952
3.791019	6.161299	7.561281
5.099314	6.541540	6.485650
2.854758	5.746072	5.893280
4.406135	4.876612	8.877632
3.207927	3.205475	7.431203
3.906189	5.549445	8.536878
3.408152	3.995154	4.721916
5.301091	6.321051	5.477106
3.821074	6.117850	8.392592
2.812992	4.713387	3.669374
3.526930	4.035602	8.501471
4.436716	5.727574	3.072759
3.349777	5.212106	8.919646
3.843616	4.415613	8.444824
3.694061	3.663943	8.482757
3.730246	4.763135	2.994540
4.542341	5.358220	8.163900
4.726720	4.878648	8.542849
4.022993	4.455484	2.736654
4.563012	4.883515	3.843831
3.329779	4.891767	2.574895
3.609521	6.066250	5.054096
3.818157	5.191072	3.089344
3.758767	4.644578	8.858992
3.434803	5.710320	4.319255
3.080505	5.009976	7.679966
4.313958	5.142554	8.954619
4.580752	6.294480	5.298791
2.643085	3.945026	6.016737
3.901069	6.226027	3.999254
2.475426	4.460286	4.509252
4.752222	6.792520	5.728325
4.204140	5.106680	3.341112
3.921741	6.712776	7.913500
5.198515	6.317493	5.425550
3.884094	6.522726	5.380010
3.511509	3.384552	4.022650
2.365821	4.084021	7.203004
3.952108	5.368356	8.705275
5.190076	5.883500	8.123905
4.403039	5.076727	8.839094
4.372827	5.186554	9.138086
4.364117	5.026636	8.777152
3.938371	5.533267	3.762674
3.400741	5.702437	8.344958
4.342781	6.121761	7.953484
3.905254	4.053400	8.776584
4.988939	6.404558	4.158163
4.218168	5.354578	2.377580
3.936529	4.372344	8.968109
4.977174	4.957544	7.159901
3.640345	5.263230	3.128474
5.044294	5.570175	5.904840
5.196337	5.722105	5.642529
5.316848	5.093722	6.060220
3.337476	3.893705	7.877663
4.741708	6.412309	7.754674
5.143775	6.017014	3.709386
3.757705	5.268886	3.277159
3.656476	3.887796	7.299040
2.611800	3.891517	6.759885
3.083404	4.213142	8.664806
4.903498	4.959242	2.987497
3.167745	4.293022	4.110132
4.142225	5.723035	9.178015
2.633074	3.599056	5.090969
3.459697	4.210338	7.802976
3.538575	4.680977	2.995613
4.932104	4.396364	6.666379
3.162603	4.912245	6.661877
3.760820	3.677957	7.815808
4.234394	4.352073	8.161038
4.773038	3.854335	5.076344
3.670619	5.448727	3.938941
3.167816	4.828552	7.996785
5.268664	5.850285	6.497555
4.198714	3.639505	5.429400
3.886298	4.081502	3.399187
3.994569	5.855212	8.281754
4.416033	4.575309	9.115757
3.921696	4.400662	8.986766
3.670386	5.249690	8.923670
4.947881	5.969530	8.274712
2.868635	3.933067	7.429318
2.973960	3.690973	6.502985
4.756015	4.769972	3.831949
3.620351	6.776369	4.261319
3.519793	6.664804	5.167247
4.738510	6.747626	5.673359
3.010925	3.217821	6.632149
3.532213	3.869999	7.945412
4.638739	7.034351	7.840692
4.032636	4.063054	4.699923
4.026427	5.002107	2.886907
4.315617	5.454048	8.922785
3.415133	3.840218	3.881475
2.696536	4.949245	7.893446
5.243343	4.518946	4.786822
4.224431	6.405524	8.656173
4.080403	6.155456	5.752812
4.461880	5.307560	8.875886
3.957116	4.928488	3.181691
3.375942	3.470235	5.630335
4.150380	4.999156	2.841838
4.399900	6.492837	7.528039
2.768061	5.536315	5.915509
4.461605	6.312059	3.461485
4.078829	5.023031	3.179473
3.954862	4.877266	2.383218
3.797355	5.817983	3.680441
4.372235	5.610850	2.986783
4.306245	3.451906	6.697149
4.686362	6.690735	6.419519
4.139444	4.839062	8.893406
3.929169	5.437738	8.389217
4.076922	4.130620	9.026257
4.478015	4.715277	3.033047
4.208014	6.926163	5.086094
3.671411	5.475445	8.951502
3.997374	5.326570	3.008790
3.979645	5.781873	3.080036
4.225535	3.557827	6.141684
4.919319	6.174387	4.791347
3.880011	5.458346	8.719927
3.777175	4.585818	8.735367
5.260933	6.458069	5.484554
3.602643	3.167695	6.304919
2.926191	5.396079	6.676756
4.297707	4.135366	5.290433
3.038356	4.220725	3.894513
4.255452	4.487397	8.130083
4.630722	6.419587	7.399378
4.339793	4.498014	3.515065
4.924700	6.566286	6.925140
4.961962	5.464630	6.958521
4.795757	5.222692	7.822286
4.666719	4.170140	5.845151
4.052496	5.059534	3.342727
3.762674	4.228231	3.151268
3.531231	6.099839	4.283465
3.398063	5.067235	3.776611
5.261857	5.197569	3.432519
4.544967	5.123073	8.173591
3.898580	5.665540	3.048983
3.453735	3.573136	4.164906
5.481501	5.752960	4.155340
4.508997	6.198218	3.270988
3.067915	4.573541	8.411773
4.160693	5.327034	8.739019
2.666252	3.591470	7.623628
3.373449	3.685980	6.906540
3.483478	4.843530	8.035038
3.977885	5.047231	9.196490
3.803973	6.173203	4.663262
5.045039	6.571954	4.376218
3.916623	4.851203	2.560448
2.870539	4.905206	7.718633
4.542762	5.163453	8.798100
4.687820	6.102897	4.746403
4.401010	5.993040	8.202578
3.585469	4.464367	2.604712
4.593722	5.643329	8.735399
2.800653	3.362589	7.220612
3.918743	4.845096	8.791397
5.349754	5.882515	6.756069
3.107364	3.494451	5.337499
4.616135	6.506120	7.111418
5.158128	6.370421	7.414221
3.780903	3.229536	6.954362
3.353752	5.137896	3.690966
3.521137	4.880857	8.428480
4.653994	5.055158	3.834336
4.071200	4.493809	3.311320
2.835150	4.601255	8.404051
2.696207	5.330844	4.212120
4.647641	4.077504	8.440180
3.136373	3.849787	5.805877
4.594331	5.474929	8.521283
5.227544	5.901653	4.398359
4.012209	4.854702	8.721663
2.837072	5.235653	4.348059
3.154389	3.885024	4.855191
5.118302	4.598838	5.232533
3.879592	4.819447	8.613774
3.026173	5.091141	5.249085
4.676862	6.540757	7.271521
3.971455	4.087317	8.641546
3.379019	3.555101	5.743076
4.119911	4.856959	9.271634
3.068109	5.493126	7.283244
3.409327	4.040580	3.816704
3.662037	5.306232	3.254665
3.560513	4.886366	8.643431
4.050919	5.300583	2.945823
3.384816	4.535002	4.659740
3.930091	4.858271	3.322271
5.076431	6.183019	7.504286
4.036804	6.256167	7.169958
4.360921	3.859996	7.589292
4.854152	6.073589	8.261761
3.797396	5.005625	3.484080
2.489956	4.665038	3.982234
3.276914	4.621759	2.786338
3.293789	3.779788	4.976543
3.594290	5.249964	3.420172
3.327778	6.268640	6.652958
4.124234	5.232315	9.110472
5.201379	4.684580	7.462256
2.910174	4.055826	7.936077
4.901963	6.117654	8.373294
3.550830	6.018120	6.763664
4.022672	3.805729	8.591566
3.158943	4.538062	7.766107
4.785510	4.986084	6.823663
4.508201	6.929893	8.018638
4.097340	3.369877	5.041652
4.835859	4.122959	4.863023
2.693998	4.330291	4.212453
4.095365	4.072721	4.294083
5.688729	4.918386	6.634128
4.424255	4.622102	2.826029
3.566548	5.248698	8.668364
3.979198	3.804789	8.447590
3.759746	4.562820	3.134713
3.974332	3.391842	4.483873
3.830609	3.651122	7.642805
3.040082	4.603590	3.294313
4.783010	4.817925	4.895735
3.404878	3.639704	7.047608
3.944731	3.595964	3.633020
4.444386	6.481332	3.871866
4.211451	6.153553	4.588091
3.567698	3.323992	5.111015
4.974896	6.735742	4.835811
3.788181	5.297753	8.722258
4.655207	4.041423	6.983528
4.200250	4.394082	3.764803
3.583852	5.175440	5.254602
3.105021	3.041672	6.653820
2.584169	4.974176	7.905601
3.508385	3.925312	4.404929
3.891602	5.992624	3.455132
3.738932	5.285712	8.660288
4.747868	3.956391	4.004057
4.619424	6.063381	3.367746
3.940480	4.341967	8.750692
3.260885	4.561363	3.317025
3.797123	4.847600	2.616028
3.966039	5.134493	3.673589
3.965840	5.040486	9.002029
2.481186	3.117237	5.878854
4.198907	3.304653	7.134181
3.310357	4.457713	8.956842
2.907749	4.229263	8.080706
3.062219	5.291520	6.775373
3.663611	5.816183	6.212829
3.888089	5.605269	8.761412
3.464553	4.575005	8.630857
3.359782	3.856552	3.777062
3.501322	4.202126	4.219834
3.481852	4.947028	3.242273
3.285944	4.584667	8.398837
3.480963	4.787728	3.257670
3.372029	3.693627	4.589583
4.257168	5.842536	3.309330
3.816051	5.242380	2.953508
3.897197	5.430526	3.448270
4.486339	6.242001	4.124314
4.640072	4.462325	7.898100
3.049764	3.381256	6.290998
3.650612	6.359252	5.669203
2.910788	4.096165	3.956225
4.421314	5.132100	3.146197
2.819511	3.738954	5.972982
3.476420	4.754371	3.207965
5.556252	5.562942	5.250209
4.780142	6.591264	7.860362
3.855776	5.747978	8.568080
3.375061	4.343293	5.852022
5.063279	5.664060	4.072095
4.303752	5.614390	3.531888
3.596549	5.413443	9.272759
4.070398	4.282858	9.236181
3.733400	5.196961	8.621053
4.970296	6.439623	6.423451
3.718501	4.924097	3.240548
3.150588	5.530466	7.719018
5.035438	5.526200	4.947598
4.843040	4.530558	6.220486
3.826494	5.192369	8.215578
4.069714	4.573505	8.443341
3.726341	4.752505	9.348375
5.062840	6.994992	6.110864
3.138949	4.652640	4.142849
4.425907	6.724786	6.303334
4.293257	4.868203	9.104653
4.525258	4.556273	3.257373
2.758654	4.159548	5.420661
3.869595	5.321288	3.476091
3.720515	4.962336	3.276464
4.910791	5.851859	7.515894
4.653770	4.771602	3.336270
4.180038	4.969849	3.464433
3.830436	5.332601	8.954278
4.052264	5.181675	2.928798
3.020131	5.990838	4.994455
4.969646	6.563538	6.291145
4.104642	3.599683	4.085457
4.030629	5.727510	3.120519
4.511100	5.088716	8.499073
4.603762	6.577182	5.249579
4.798049	6.511492	3.328248
3.209850	4.956492	8.459309
4.126992	5.294712	3.147529
4.026019	4.639092	3.041448
4.499904	4.807887	4.185150
2.582630	4.301064	7.025234
4.178098	2.974622	7.707165
4.143826	6.456547	5.525004
3.664137	4.302270	9.031504
3.930738	5.572419	9.216888
3.631872	2.900559	6.405772
4.345922	4.640033	7.598834
5.214288	5.957393	7.400000
4.782450	5.825676	4.555336
3.964736	4.842579	2.741125
3.519373	3.208133	5.278827
3.721427	3.214687	7.331595
4.460631	4.828228	3.523843
4.044374	6.040363	8.714118
4.537833	3.760703	7.738288
3.573620	5.208182	3.395069
5.074718	6.113761	4.764689
4.365969	4.995179	8.624737
4.022923	6.279603	7.346294
5.259924	5.475069	6.782893
2.979107	4.830901	8.468419
2.982959	3.668458	7.005471
4.192402	4.802944	3.122333
4.437676	4.194750	4.003566
4.316090	5.010798	2.906056
4.009806	6.187802	5.605423
3.057026	5.466613	7.042122
4.025888	5.009264	3.055282
3.655765	5.736853	5.686489
3.830290	4.429580	8.587361
4.381638	5.712464	8.878167
2.866563	5.532379	4.865653
4.500041	4.422319	8.351750
3.882641	3.848496	4.035454
2.990814	3.981295	3.693368
4.989083	5.237328	3.701952
2.743153	3.268202	3.937016
3.708491	3.433998	4.411355
2.329093	3.834224	5.394855
4.617454	5.790432	8.913410
4.265518	6.678621	6.391831
4.068441	6.216657	3.379255
4.079299	4.988557	3.063373
3.882159	4.854017	3.301462
4.241323	6.524116	4.618617
4.683152	5.013319	4.089623
4.263640	6.419493	6.759656
3.682799	4.421808	8.479413
4.322314	5.576806	8.667779
5.046225	6.617489	6.103766
3.528713	5.771029	8.220156
2.741725	3.593438	5.909464
3.885389	5.315786	8.819106
4.277311	5.862832	8.187625
3.808941	4.940523	3.059440
3.432903	3.365472	5.630289
4.951137	4.890463	5.035677
3.339259	5.199623	5.995779
4.793593	6.403075	3.691135
4.516752	3.912963	7.198569
2.883295	4.713958	8.256538
4.214334	6.135088	3.421292
4.505403	5.633346	3.137694
3.838302	5.385339	3.131790
2.897981	4.837588	6.330457
3.267203	3.222780	4.447241
4.093940	5.740441	3.812815
3.567636	3.143433	3.462682
4.442255	5.567910	8.790360
3.558200	5.331428	4.376312
2.657918	3.436749	5.212693
3.533139	3.713585	7.878916
4.526385	6.565345	3.522628
3.643476	4.725519	8.786570
4.364676	4.622982	8.582840
4.330474	5.100107	8.940820
3.493680	3.995799	7.683544
3.346953	5.229150	4.895490
4.570025	5.314442	9.334345
3.578689	6.223204	4.098577
3.684900	6.208857	8.059875
2.671826	4.554496	6.863742
4.774755	6.255365	6.929140
5.153991	5.673048	8.189628
4.073087	5.498748	3.542771
4.873885	6.153011	4.303237
5.201738	5.557037	6.007358
3.607671	4.586369	8.846579
5.021317	5.797284	6.192745
4.494471	4.523966	5.366309
5.239085	6.552130	5.621307
4.075367	3.519115	6.672666
3.573312	4.799219	2.961000
5.364040	6.391004	5.186945
4.131630	5.370666	3.049717
4.763462	4.353787	5.444712
4.574158	4.519189	3.067256
4.244751	5.647928	9.222687
4.203073	4.987905	2.930654
4.315238	4.133376	3.996788
4.052352	4.986780	2.921065
4.680005	5.690994	8.132659
3.983560	6.502337	6.390464
3.532439	4.418333	3.251942
4.555320	4.455182	8.554712
3.993731	5.492603	3.697201
4.061681	4.865745	8.878971
2.880354	3.672060	4.529211
5.022598	5.501360	2.992089
4.846741	4.352121	4.677717
4.174101	4.572652	8.617334
3.779989	4.417866	8.922264
4.630213	6.480210	3.984473
3.824795	4.811087	3.005420
3.625240	6.208265	6.490447
3.863582	4.543367	8.985239
4.546996	4.919086	3.247026
2.945351	3.909307	6.258346
5.139649	5.630801	4.053135
4.002586	4.384845	2.625575
4.212240	4.134656	4.088962
4.216868	5.344166	9.206499
4.021037	4.227365	3.372998
4.589476	3.870857	7.403050
3.757451	4.259383	3.604516
4.113774	4.776732	2.866290
3.198471	3.906911	8.364367
4.656446	6.150875	3.832788
3.967524	4.509620	9.057502
4.604452	6.543833	7.244789
4.538924	4.259857	8.163995
3.181766	5.409885	7.556938
3.853001	6.423716	8.680263
3.627097	3.532990	5.862823
3.024985	3.960398	8.060107
4.710021	4.720119	3.033268
3.888969	3.968074	8.579008
3.749103	6.134439	7.169319
4.174812	6.590795	3.960394
4.347831	5.911798	3.423948
4.829118	4.492700	6.497027
5.122167	5.004167	5.950866
4.249411	4.609710	9.194332
3.306508	6.000612	6.878358
4.032001	4.854967	2.665288
4.880654	4.946349	3.550307
3.918680	5.646386	3.393589
2.652637	3.726311	5.568600
3.098273	4.813888	3.643602
4.379198	5.237486	3.665158
3.871534	6.074952	8.253826
3.821711	4.690735	8.938503
4.952993	4.307627	5.924472
3.647614	4.734836	2.931351
3.324475	3.935896	3.826074
3.141269	4.070951	3.479124
3.352178	4.953260	2.863162
6.860438	1.533045	5.796864
3.229836	8.672022	7.651481
2.592137	1.254234	7.527621
5.942515	7.775076	7.142207
2.576929	8.251522	9.776975
2.187574	5.450297	6.316721
6.792488	1.413274	3.296551
2.631331	7.376563	4.057390
2.654357	7.711670	5.553905
0.651208	5.303110	4.261900
2.672659	6.937438	9.418268
1.074639	2.752602	6.692009
1.874983	2.618964	7.382938
7.067168	3.248648	3.857637
1.305623	7.358593	6.601369
7.118623	5.971307	9.593559
2.855176	5.607186	2.806519
4.770844	4.882034	6.082003
4.005909	6.826375	6.022830
6.704041	3.602295	9.230963
1.638121	3.061870	4.723143
7.690541	6.493481	8.910159
3.680900	8.239020	7.619727
5.224562	7.954269	5.751961
3.258867	3.168267	8.292128
7.955690	1.614573	8.815254
6.681740	5.042583	6.384712
0.575252	1.780980	2.437666
3.909433	7.114989	5.919575
7.729540	7.776469	6.179573
2.758212	7.682938	9.197083
1.470556	3.473639	2.071067
6.404657	8.322009	2.938080
5.445786	1.857421	3.123530
5.898466	1.342188	4.232489
2.146280	2.761292	6.360910
5.688540	2.341169	5.883163
6.138919	6.435227	3.063041
3.018476	4.656133	4.716782
0.279652	4.750899	7.834391
4.613569	3.437909	2.866771
0.421816	2.228016	2.508396
3.435286	2.773296	7.929103
0.860107	4.269429	4.947311
0.306685	8.974611	5.331615
0.615818	6.849229	6.807093
3.837670	3.729624	7.615397
6.769131	8.917414	8.715127
6.367985	1.792128	5.757948
2.547394	2.029456	2.525463
