2.909403	5.285566	5.947952
4.215032	6.056254	8.171029
5.730313	5.857280	5.573390
4.875716	7.099399	6.527563
3.277320	5.143825	4.247705
4.719226	4.923512	4.421694
3.623901	5.003177	8.408430
3.697925	5.542164	3.364279
4.272177	4.045025	7.771055
3.605708	4.159665	9.156074
3.389205	4.074303	8.774151
3.765237	3.661673	4.877795
3.368411	5.149890	7.899287
5.032299	6.123453	4.922490
2.949385	4.303003	3.615712
4.115692	6.222413	7.268467
3.611313	3.558336	4.012247
4.163889	5.444981	8.724901
3.309102	4.576789	3.851008
3.664623	6.488308	7.318892
4.636308	5.339451	2.852250
3.688694	4.802892	9.198370
2.909607	5.522195	5.645227
4.784015	4.259544	3.825189
2.945112	4.297217	5.537245
5.462635	6.285354	6.827645
3.820193	3.992926	8.747761
4.885431	3.969553	6.105238
3.683468	4.210079	8.431458
5.132678	5.761318	6.251680
4.809388	6.438093	6.330257
4.217832	4.780328	3.121176
3.071194	3.418612	6.369601
3.461208	4.453109	3.400050
2.668820	3.725809	4.930427
4.445694	3.777147	6.139915
4.728024	5.832635	4.273310
3.740493	4.988888	2.961112
3.348667	3.601036	7.977926
3.592215	6.171031	5.639917
2.812475	4.877634	5.988637
4.130166	5.451540	2.657776
3.619982	4.217849	3.704410
4.063401	5.881189	3.857921
4.295686	4.849748	3.148869
2.878762	4.151982	6.023701
3.742694	5.734587	4.282318
4.006926	4.016680	7.975563
3.081311	3.327299	5.450915
4.307230	5.848755	3.564259
2.576724	4.586498	7.388602
4.933241	6.497243	7.006266
4.411856	5.549236	8.807853
4.492281	5.425817	9.091923
3.016279	3.886884	8.163223
4.449190	4.529830	8.646084
3.487525	3.039408	5.942484
4.789495	5.712261	3.238113
3.734870	6.534688	5.293364
3.536677	3.821670	7.678888
4.446773	4.999873	8.742297
5.164692	4.726068	6.069806
3.020847	5.151728	6.884448
3.231066	3.477010	5.738943
4.110335	4.716128	3.082081
4.958722	5.601396	5.433654
4.006396	4.825196	9.060144
4.898629	4.608832	5.957715
2.815452	4.601859	4.460314
4.879906	4.435844	4.496036
3.559335	4.660668	8.798932
3.950653	5.733947	8.375606
3.220457	3.840052	8.271054
3.277370	4.775454	8.360949
4.556481	5.031507	8.708157
3.859958	3.548932	3.991445
3.757491	4.581965	8.849553
4.511327	6.341264	6.854629
4.237338	5.655958	8.890830
4.277684	5.974169	8.089637
4.336480	3.740793	7.603841
2.669895	3.708379	5.329662
4.851622	6.514178	3.658475
3.958132	4.951174	8.902730
3.651558	5.068495	2.967503
3.657705	4.047426	8.866327
4.580009	5.873608	3.318555
5.452075	6.041700	6.012805
3.492513	5.955200	8.309895
2.873238	3.381383	4.131438
4.853612	5.678089	7.069051
4.415448	4.518238	3.442661
4.037628	4.782104	2.889305
3.512718	4.527809	2.548539
4.587043	3.952677	5.230400
4.882744	6.647217	5.913824
4.045253	5.141423	9.449278
3.425140	4.589537	8.875944
5.135862	6.192174	4.217000
3.664259	5.123598	8.904818
4.840373	5.849495	7.325187
3.084474	4.425122	4.054440
3.990198	4.698604	2.971460
4.132159	4.723629	2.958863
5.365509	6.003001	7.914575
4.028804	5.675159	3.162149
3.477604	6.244945	5.348450
4.016249	5.283460	3.167506
3.534347	4.902755	2.748374
4.663486	5.699972	3.479270
4.453574	6.022084	5.568049
4.472099	4.839295	8.927585
4.219053	4.586213	8.925467
4.992154	6.598086	5.623406
4.128489	4.491529	7.706695
3.033358	3.575393	7.098241
4.018330	4.468259	8.624574
2.533556	4.756500	5.336299
3.495259	5.123097	2.741807
4.035122	5.170163	2.702399
3.567177	4.214890	9.010499
2.679068	5.890142	4.665440
3.842580	5.303143	9.111073
4.554399	4.041609	6.991567
3.802548	4.165154	2.983710
4.290348	6.153306	8.374068
4.275152	5.060142	3.114282
4.400369	4.772803	8.797271
4.511242	4.642871	2.658796
5.460999	6.586919	4.683961
4.069936	6.189182	4.622927
4.540137	4.696656	4.764546
3.775040	5.941520	4.653751
5.202875	5.464894	8.321772
3.852581	4.024448	8.003181
3.728406	2.875374	5.038287
3.265670	4.432613	7.890788
3.567956	4.789741	8.752270
5.117557	6.007447	7.987058
4.123989	5.468906	3.072454
2.662380	4.796341	4.451144
4.119875	4.781772	8.341817
3.014297	3.969192	7.838479
4.335728	6.621936	3.855005
4.118865	4.792227	3.252911
4.573925	4.951439	3.254702
3.953469	5.411017	9.060292
4.701095	6.092358	7.959353
2.701072	3.561898	5.025485
3.879962	5.374643	8.962566
4.009509	4.840495	8.810054
3.426490	5.406774	8.280403
3.997741	5.222540	2.976955
4.251536	4.760052	2.697372
3.276712	5.615100	8.368825
3.915313	4.538269	3.559067
4.910287	4.120731	6.449266
4.075599	4.980893	9.004744
4.712665	5.955105	4.121351
4.460627	6.521828	5.086859
3.899155	3.610927	5.208061
3.385480	5.548532	3.461715
4.567845	5.916024	8.719056
4.661118	6.718553	7.236669
4.244407	4.787862	3.877342
3.887504	4.145708	2.616332
2.590536	5.119596	8.111736
3.877499	4.805691	8.699571
2.845961	4.326447	7.421985
4.101732	4.359052	8.633192
4.060645	5.196915	3.104398
4.307076	4.703223	3.300628
4.807658	4.644489	5.618281
3.330985	3.755366	5.120020
4.682785	4.519914	5.258273
4.206401	3.115869	5.468543
3.590926	6.527095	5.931327
3.754416	3.281195	5.819068
3.760133	4.308729	3.895139
2.578673	4.387013	4.493266
4.597163	6.675086	4.310083
3.064063	2.827151	7.007243
3.830788	4.501767	2.781882
5.174966	6.467452	5.215543
3.636750	3.780247	3.607750
3.708124	5.286065	9.422868
2.437315	3.894115	4.746496
4.954360	6.717401	5.916585
3.643747	5.350830	9.320596
3.701972	4.987154	8.603335
4.298634	4.048874	8.476966
3.890448	5.070993	8.565037
2.557755	3.947758	4.723548
3.337674	3.271225	7.460526
4.660433	6.549180	7.084654
4.300301	4.808471	3.084127
4.188471	3.502485	4.854196
4.410302	4.991906	3.746061
4.069923	5.250702	3.355711
3.098544	5.424958	4.001705
3.033164	4.730208	4.511048
5.087728	6.818761	4.740061
3.266344	3.244101	5.222888
4.654493	6.075967	8.556131
2.834779	3.474366	6.736695
4.646947	4.471979	8.722798
4.233082	5.963149	7.976749
3.241206	2.876165	5.510414
5.054424	4.820331	7.209772
4.744551	6.286918	8.082659
4.464550	3.905791	4.010570
4.098484	5.917114	3.836243
3.854255	5.247545	3.148352
2.827967	5.607923	4.785709
3.907533	5.305108	3.074311
5.294505	5.502316	7.972668
4.141545	4.649014	8.402920
4.237004	4.296259	8.701780
3.860320	3.928821	8.361083
3.438685	3.526559	7.554335
2.464114	4.812253	7.351689
4.174597	4.529427	3.148188
4.441543	6.008261	8.406655
4.569559	4.242397	8.032799
3.892067	6.083352	7.275311
3.726147	5.242732	3.317684
3.948649	6.272233	5.405714
4.008692	4.980642	9.443615
3.914416	4.563588	8.864739
4.436014	4.908115	4.595757
4.044031	3.461349	3.595911
2.676642	4.663771	6.938189
3.580995	4.695926	3.123665
5.204120	6.146428	4.416143
2.817146	5.201839	7.176862
4.320656	5.944105	4.645262
3.365556	3.127268	6.050167
4.228285	4.874023	9.140789
4.320745	4.671133	3.218756
3.276774	3.894200	4.038840
3.809682	3.628020	3.245062
4.021265	5.137440	2.618050
3.620727	4.867112	3.826136
4.998725	5.645892	7.467579
3.587755	5.931355	7.630189
4.566783	6.592460	5.238890
3.575837	4.961959	3.683635
4.784279	4.310829	5.976685
5.263536	6.286750	5.964394
2.823597	5.251413	7.407010
3.688608	4.657732	8.872444
4.053880	4.851915	8.971565
4.533132	4.946098	3.861229
3.301318	3.452961	7.756178
3.793842	4.969270	2.914503
3.916539	5.093675	3.332017
3.850301	6.239922	3.911090
3.581429	3.767130	8.685889
4.091920	5.817838	8.605634
4.196615	5.473366	9.241559
4.444070	4.204940	4.224052
4.737635	5.642780	8.278030
3.655795	4.769212	3.471677
3.817160	5.001492	9.371298
3.424882	4.892652	3.622435
3.744712	5.967274	4.188106
4.291932	5.488026	8.854226
4.808774	4.518704	8.486669
4.148421	6.513375	4.087258
5.089090	6.423943	5.385023
4.908031	5.712274	8.593441
3.239511	3.324876	6.484186
4.484868	4.583929	7.549271
3.906927	4.451262	8.766009
3.689726	5.560152	9.152504
5.000939	5.197574	4.048865
4.051596	5.621412	3.095570
3.982191	4.486452	2.768871
3.552442	5.179544	3.085066
5.150500	6.091897	5.805199
4.886579	6.398781	7.854938
4.619318	5.351714	3.225822
3.371569	3.454884	7.596750
3.838965	6.319360	8.705230
3.837924	4.992193	3.093361
3.775460	5.803568	8.258878
4.612420	4.413186	4.898889
5.305825	6.130721	7.226864
4.206134	5.490264	3.018844
3.158163	4.791602	7.492746
3.402732	2.944348	7.065358
3.743511	5.470495	3.352656
4.220189	3.796875	5.798489
5.190347	5.277766	4.038643
4.532982	5.178409	9.031327
3.018529	4.171031	6.289804
4.795272	4.675676	8.506804
4.569855	5.307290	6.939652
3.956706	5.172848	3.321038
3.921576	4.256053	3.453481
5.118771	5.861861	6.543278
3.919790	4.332949	8.801583
4.504760	3.885978	6.753436
4.179543	4.422332	5.536101
4.874656	4.112315	4.163948
2.440206	4.306049	6.681897
3.529123	4.822254	8.368774
4.149956	5.010853	3.180081
4.943123	5.005556	8.494138
3.556172	4.229045	9.102147
4.345107	4.673254	8.727312
4.271835	4.310518	3.567822
4.159956	5.241737	8.841624
3.856120	5.662074	3.424068
3.291733	3.597336	7.579901
3.396705	4.145544	3.490576
2.842307	3.586474	4.353464
3.933946	5.493952	9.003157
4.097903	6.547451	5.510884
3.820533	3.317662	6.039394
3.642676	4.823454	9.111854
4.478471	5.435191	2.658989
3.348857	4.140091	3.651996
4.187075	4.614191	2.626172
3.816834	4.736752	2.634437
2.890082	4.563324	5.715835
5.299924	5.278773	5.146602
3.399874	5.904953	7.247684
3.318298	5.768520	3.713278
2.715458	4.720952	6.495398
4.023063	6.764127	6.724252
5.522754	5.895694	5.561453
3.982403	5.604870	8.641778
4.692536	5.455440	2.897414
3.872792	4.051612	3.428235
5.086136	5.414830	3.936897
2.871060	3.702648	6.719643
3.332921	3.487439	4.730284
4.817060	5.848514	3.255690
3.779934	5.729813	7.541217
3.706492	3.747242	3.577646
3.012189	3.736305	8.100695
5.213407	6.521052	4.516542
4.746161	6.069210	7.635481
3.283593	5.720016	4.602459
3.998682	5.153274	3.230100
4.056748	4.685355	8.533649
3.268708	4.750224	3.130260
4.567673	4.457028	4.219507
4.072174	5.201984	8.949156
2.784333	3.573553	5.873935
4.658263	4.878749	8.005468
3.452938	5.294271	3.227698
4.468194	5.729476	8.871412
4.301516	5.258375	8.911954
3.156430	5.654567	7.170532
3.823122	5.146534	9.089589
3.075752	5.467051	6.678248
4.710392	6.398496	4.225383
4.645755	4.396440	7.283839
3.316844	6.528968	7.067006
4.633634	4.980139	6.411128
3.144499	3.808025	7.932265
3.793492	3.821114	4.228130
3.399492	5.417832	3.188594
4.460799	5.927459	8.917289
4.280218	4.008252	5.251629
4.431065	4.981763	2.864170
4.716881	6.888918	5.265661
5.322678	6.078617	7.665409
2.894339	4.970884	4.990835
3.288178	5.376231	6.061933
4.755514	4.580443	8.129013
4.805064	6.254258	7.530262
3.251242	5.375852	7.135330
4.982091	5.913207	4.624724
3.434223	4.258822	3.750577
4.237765	4.764775	3.014805
3.621734	3.490996	5.105410
3.605370	3.266107	4.673134
3.552329	5.046481	8.270554
3.635594	5.488184	3.432965
3.307024	3.668112	3.425847
4.007716	4.919783	8.903377
2.751031	4.738231	5.312049
4.438773	6.776178	4.169292
5.038764	4.556450	7.014181
4.091176	4.709403	8.828384
4.586231	6.115352	8.619214
2.654479	3.805054	7.720700
5.264484	6.376430	5.484707
4.137838	4.848770	3.110249
3.885448	5.263116	3.677363
4.409727	5.027268	2.885316
2.988665	5.472569	6.039347
3.778479	6.341080	6.343130
3.669362	4.467015	3.599058
3.996553	4.893983	3.342593
3.592994	5.711010	6.724221
3.121639	4.010171	8.794539
4.056977	4.775276	8.700826
3.102113	5.020293	8.896052
2.684183	4.576569	7.756091
4.778970	5.544884	4.280927
4.000190	6.130963	4.924915
4.350121	3.334819	6.867593
3.390601	5.150318	3.322964
5.310983	5.010873	8.077386
5.104604	6.772758	4.960767
2.851007	3.678250	7.090563
3.786192	4.943944	3.088454
4.222565	5.451637	3.242762
3.424606	3.625590	3.910015
4.318386	6.586188	7.220508
4.343247	4.961642	3.267228
4.838884	5.771836	8.341900
2.916457	4.360804	7.833853
3.855316	6.290030	4.729050
4.266511	4.001459	7.585868
4.956645	6.285500	7.625805
3.974222	4.865323	3.190894
3.223972	3.717833	7.268195
3.696321	6.116099	7.959182
4.436519	5.382953	9.194285
2.929879	4.438878	8.278311
4.877801	6.714216	4.414307
3.485421	4.587260	8.676332
4.521385	4.866335	8.377819
4.836410	6.152533	4.246493
4.954888	6.965567	5.737928
4.052546	4.664574	8.982262
2.674054	4.956318	4.323300
4.977465	5.619065	6.537993
3.697043	4.599215	9.270950
4.119567	5.465108	3.190921
4.211032	5.261251	9.067991
3.954148	4.902933	9.164941
3.374215	4.220723	3.775656
3.860076	3.653062	7.293071
2.396998	3.587208	6.278630
3.515748	3.682928	8.316685
5.365263	4.751354	5.962516
4.336381	5.760610	9.438566
3.326153	5.211826	4.148577
3.755507	5.511745	2.984343
4.774475	4.490859	6.285165
3.561069	5.020665	8.768568
5.238764	5.744071	3.871171
5.381457	4.748288	6.423481
5.163138	6.202873	3.794910
4.414280	3.551487	6.202765
3.347074	4.242670	3.283565
4.056315	5.787493	3.843545
3.976876	4.442020	3.204218
4.418670	6.388078	8.152810
4.888849	6.083972	4.020242
4.232685	4.895069	3.268933
3.578589	4.333496	3.389312
5.054624	5.693930	7.497251
4.970905	4.361605	7.325066
4.305906	4.889317	3.334490
3.285654	3.843083	3.337467
3.241285	5.157355	4.178514
4.191861	6.604058	4.226018
4.487815	5.296064	3.402656
3.626185	4.500824	3.187481
4.310716	5.632782	3.063628
3.693030	3.000684	6.590893
4.141136	4.920876	2.760819
5.199856	5.072151	4.884252
4.707616	6.172781	3.581956
3.316915	3.592919	4.516186
4.020439	4.216677	4.693612
3.109420	3.948853	7.185616
4.389281	4.990520	3.598622
4.354635	5.054895	3.229204
3.408446	4.486157	8.487950
4.365995	5.256944	8.379954
4.208450	3.886999	3.506069
3.800719	5.643466	8.393885
4.624374	5.474877	8.768183
2.738626	5.526053	5.701675
4.095607	5.295794	3.024822
3.677292	4.987751	9.183271
4.926306	5.536781	6.326793
3.863335	4.634338	3.206341
3.921766	6.395353	7.875739
3.642881	4.397015	8.995943
3.012762	4.944441	3.951624
3.876230	5.029056	2.812665
4.975326	6.916715	6.211659
4.965389	5.713124	8.784655
4.161676	6.392040	7.537695
3.486388	6.160060	6.854044
5.009420	5.118087	5.025773
3.464025	3.417335	6.755245
4.983014	6.310932	7.922246
4.090963	3.771394	4.384758
3.406190	5.850250	6.146553
3.426577	3.179221	5.411718
2.295539	6.324527	7.950640
5.637709	2.777341	5.302842
0.811405	2.238518	7.728803
6.514182	2.832180	3.605885
5.527727	5.465328	6.756854
2.096343	1.721517	9.878630
0.163168	6.688068	2.972750
6.143947	6.608209	7.138315
0.786032	4.674811	9.446759
6.211356	3.800019	9.490506
3.369257	6.974286	2.307936
0.351174	2.851634	5.693266
1.292229	6.528837	8.347783
1.465147	3.252767	4.696994
6.498035	5.813021	2.139430
0.333964	2.531020	8.836868
6.268180	2.592205	9.045630
7.516720	6.419207	2.179509
6.815881	7.444231	5.366118
0.001334	6.340315	6.074707
7.088324	4.750322	9.778074
1.862864	1.452163	3.894017
3.863999	7.103146	6.522939
2.947431	8.751498	8.244852
5.471957	1.629036	9.304921
1.794719	1.265407	5.158328
4.185649	7.592347	3.556716
7.523604	2.675290	9.620631
7.398260	4.051762	8.946688
3.126519	5.240362	9.476488
5.164431	3.589563	6.119750
3.811044	2.127175	8.988633
3.441069	7.771605	9.196660
5.292219	2.382329	9.100737
3.327270	2.586420	8.732240
5.708076	2.368313	9.419643
5.351409	3.535714	8.413629
7.775102	1.358222	2.346874
5.131457	5.670354	2.507477
6.892319	8.783621	2.549730
5.266826	8.480763	6.647817
3.462392	2.874767	2.016159
6.468420	5.429609	4.088445
1.346648	8.940386	7.534389
4.064310	5.665809	7.276083
3.648527	6.776288	5.177683
2.646604	3.162676	7.268541
3.181909	8.411522	9.419327
3.412593	5.250292	4.487918
1.605617	5.811662	4.730701
