4.746219	5.126891	8.708640
3.366676	5.112900	6.814421
4.004775	5.497017	3.176392
2.980246	3.526319	7.128829
4.249090	3.937810	4.292137
4.990922	4.777946	8.153142
4.125412	5.252711	3.212226
3.586289	5.878029	6.494694
4.029328	3.733295	3.753606
3.766248	5.415867	8.748923
5.501900	6.044874	6.210691
3.222320	5.073046	5.539824
3.412745	3.835964	4.908785
3.986241	4.979551	3.258676
3.058702	2.995381	6.495851
5.070047	6.413539	3.541288
4.974448	6.563324	6.887125
4.142428	3.894522	8.470817
4.065517	5.397724	3.326262
5.275699	6.352400	4.699312
5.033981	5.781719	6.850262
4.081538	4.128852	3.837669
4.334458	4.871498	3.103522
4.499975	4.122932	4.578054
4.430278	6.224961	7.829407
3.137054	3.867108	4.255358
5.131949	6.763337	5.090216
2.880776	5.725189	6.320462
3.064233	3.881369	6.652556
4.344358	3.411880	5.723420
3.935293	5.477805	2.998178
3.421736	5.692277	5.744967
3.922359	5.189371	2.671910
4.235264	4.879970	2.712282
3.286141	4.598279	8.736622
4.173553	6.621271	4.953170
4.525309	3.859116	7.205802
3.530486	4.367034	3.785481
4.209958	4.747048	3.213067
2.583517	5.065772	7.870466
3.543825	3.858482	3.860035
3.457530	5.040639	3.596800
2.973578	4.232198	7.765952
3.878057	5.360506	8.776183
3.788809	4.821034	2.902343
3.096236	4.555617	8.766334
4.099689	5.014586	8.831159
4.867181	5.675979	4.546523
4.007161	6.874252	5.521715
4.303647	3.675363	4.863174
5.086254	5.205090	4.803357
5.200947	5.592529	4.362428
3.904385	6.035008	8.274833
2.974123	4.016096	3.977103
4.249342	4.278560	6.771432
3.474893	4.355467	8.395206
5.152876	6.022149	8.702544
4.530289	6.396592	8.575053
3.167102	4.198984	6.670196
2.925287	3.886782	4.849092
5.196309	5.243729	3.827826
5.062098	5.477669	5.673446
4.878617	4.542283	3.826867
3.023721	3.876748	4.403389
3.027989	5.388729	7.914654
3.324897	6.188336	6.589489
4.404703	4.133452	8.351497
4.006045	5.941365	7.578335
4.303767	4.992807	3.079190
3.811813	5.600488	8.760971
4.283989	4.224645	3.819295
5.250086	6.578634	6.677029
3.599606	4.297589	8.714843
4.600237	6.102824	4.356911
4.102270	4.946583	8.861580
5.167474	4.780992	6.049914
3.363377	5.470832	8.976534
4.502465	5.489059	2.979618
4.596170	4.720061	8.807056
4.338087	5.391214	9.177900
4.563405	4.496355	3.669580
4.311651	4.558102	9.129166
4.239195	4.739885	9.089137
4.021879	6.601946	4.438621
4.499443	4.588059	6.894345
3.554666	4.640935	8.782627
5.746941	6.264719	4.961094
4.102896	6.454158	7.281494
3.234328	4.767878	3.362263
5.189930	7.050014	5.781503
4.830775	5.656389	3.069643
4.423960	5.734567	8.906024
4.406118	5.606823	8.857064
5.036057	4.579916	6.537916
4.352563	5.000949	8.706343
4.019291	3.863678	7.820707
4.886906	4.933072	3.833719
3.972969	4.889411	3.239545
3.436037	4.237557	3.448699
4.425214	4.876545	3.154009
3.361307	4.590279	3.304098
3.421292	3.726857	5.954753
4.789869	5.893731	4.396456
5.184767	5.546691	5.510965
4.004608	5.036461	9.042724
4.087556	4.876573	3.536655
3.974009	4.702829	9.033409
2.843564	4.701634	7.496723
4.091418	4.899215	2.887488
4.066114	4.495354	3.296473
2.953337	4.801098	3.268101
3.853493	5.603901	3.305953
3.637104	5.118830	9.156258
3.042160	4.274124	5.172807
4.397555	7.036777	5.831992
3.801034	4.496439	8.551884
3.405370	5.916336	8.300761
4.517271	4.734106	3.189880
3.803558	5.724371	9.153825
4.725282	5.318463	8.783068
3.881639	6.090419	7.177152
4.099641	5.822297	8.058919
3.085775	4.478987	7.950715
3.061519	3.749560	4.392803
4.352351	5.591300	3.477012
4.051622	3.529541	7.499527
3.907011	6.082706	3.384806
3.941496	6.478714	6.114517
3.934674	4.802196	2.771879
3.402801	5.612169	4.445879
4.024837	6.161506	8.284907
4.914164	6.224894	4.211297
4.941868	6.517583	7.191904
3.647934	3.286209	7.183529
5.081261	6.146655	3.165958
3.650990	4.304405	8.764060
4.681743	4.627352	6.617725
2.550174	4.294625	4.796253
5.082041	5.002834	6.086296
4.233418	6.808806	4.312817
3.886242	4.851333	9.053680
3.409138	4.876225	7.974849
2.929558	4.123096	5.904938
5.099259	5.571044	7.917563
2.943922	4.745564	4.053551
4.017689	5.512029	9.229986
5.137459	6.763344	6.651518
4.282301	4.780070	8.903207
4.070685	5.504558	9.134618
4.353571	4.802766	8.999065
4.321466	5.161663	9.020111
3.433599	4.708393	3.161849
4.123491	5.945129	8.542580
5.008484	5.577023	8.788930
4.046575	5.164761	3.199911
3.994673	4.988562	3.563959
4.031688	5.302568	3.152089
4.335498	5.520182	3.153395
4.299464	4.820066	2.995734
2.948439	5.114331	5.244696
3.092219	4.001741	8.412317
4.229569	6.472896	8.462642
3.467211	5.862593	6.248213
3.317595	4.268677	8.458894
4.793508	5.510121	2.931941
2.870818	3.940661	4.739506
4.188656	4.607466	8.928468
4.308681	5.178780	8.787433
4.456063	6.644067	6.437768
3.258148	3.623025	6.562013
3.843342	3.826708	6.325384
4.564631	5.128048	2.568255
4.380914	6.161372	3.889386
3.132109	3.337491	6.596648
3.828184	5.291607	2.408025
4.995648	5.873195	5.448648
3.406505	5.609587	5.321079
3.478845	5.848357	7.663048
4.830297	6.367813	4.022417
4.112758	5.190534	3.099003
3.834466	5.187431	2.973093
3.351044	3.455130	4.732311
4.057283	5.832972	4.005357
3.165317	4.723121	8.077365
3.687207	3.600278	4.149942
4.178124	4.761041	8.922502
3.973333	3.900000	8.006572
3.575418	3.745562	5.047707
4.667416	6.592684	3.108921
4.790638	5.379198	5.940830
4.976406	5.862621	3.680222
3.865633	4.260940	3.182299
3.594895	5.604619	5.585915
5.327472	5.573024	8.285851
3.890466	6.037125	4.974066
3.107648	3.154042	6.539170
4.468791	3.830264	8.355094
3.254846	5.406356	4.007445
3.857081	4.464442	3.130969
3.847339	4.856810	3.134606
4.045264	5.203133	3.071865
4.822560	5.170450	4.722254
2.825298	4.512684	5.597612
3.857736	5.091611	9.238411
4.220738	6.090061	7.876111
4.694227	6.410717	6.888452
3.237803	3.579922	6.218294
3.257355	4.596550	9.170039
2.799321	3.665094	5.826475
3.308863	3.399560	4.848730
3.043951	4.426524	4.801376
5.610174	6.319543	6.226389
3.365086	4.049317	4.020224
4.206721	4.940919	8.887103
4.281794	7.041968	6.815424
3.687428	4.698636	9.390998
4.427905	3.858889	3.830820
4.163823	4.414695	6.170229
3.849707	4.809211	3.107618
4.513810	6.740389	5.159192
3.711430	5.591580	8.536847
3.693583	5.696558	8.236837
2.769356	3.880142	6.148294
3.408593	2.990722	6.067676
3.681193	5.092995	8.843414
3.616061	5.409822	3.511705
3.421152	4.350316	8.831741
3.749948	6.008689	3.308606
3.929927	5.266970	3.108956
3.789350	6.703231	4.149542
3.039596	3.903758	7.287970
4.226830	5.408155	8.753760
4.466614	4.469728	8.670215
4.100534	4.957363	8.947576
3.517636	3.431833	7.209953
4.687215	5.835117	8.417819
4.114676	4.727317	9.063771
3.172133	5.246104	3.667008
4.771858	5.551418	8.834713
3.748127	4.136618	8.449681
4.933577	6.477875	4.252308
4.540451	6.098853	3.166361
4.833971	5.123031	3.524183
3.354286	4.517678	3.105685
4.532900	6.803787	5.453985
2.680758	3.813400	7.395778
5.339710	5.265222	6.084273
5.199419	5.993068	3.824165
4.240499	5.723009	9.194578
4.595125	4.664571	7.772274
5.200983	4.870493	8.101664
4.195881	4.993711	8.469752
2.876454	3.482385	7.676640
3.305181	3.593575	8.056941
3.076373	5.753526	8.065387
4.085537	4.346565	8.763481
3.959358	5.274118	2.963864
4.775304	5.416262	8.676296
4.284958	5.127103	8.578476
4.396768	6.335171	7.905131
4.890477	5.812777	3.538615
4.330117	5.244452	3.447453
2.772665	5.138616	5.883484
4.911657	6.381230	4.911847
5.301350	5.871750	5.195618
4.676257	6.199223	5.382337
4.859236	4.570644	5.269516
4.926917	5.534277	3.759318
3.932950	4.978951	3.014334
4.325837	5.459531	2.655017
4.448280	6.668867	7.973547
3.907996	6.633418	6.766255
2.855095	4.165032	6.421569
3.862116	4.996123	8.848782
3.427294	4.502879	8.729358
2.773633	5.106906	7.385638
3.986143	4.817215	9.094420
3.426705	4.788076	8.879595
3.794590	3.668311	4.072685
4.112665	5.723799	4.485741
3.762625	4.979980	9.110627
3.881562	4.877407	3.206652
4.864506	4.102305	5.428679
2.337850	3.990824	7.501561
4.628982	4.995984	7.689404
4.936878	5.982980	8.422165
4.788772	5.289604	3.744915
4.929812	4.984294	7.139468
4.878280	5.123154	4.387145
4.224128	5.254096	3.858899
4.361528	5.016842	8.779237
4.690942	4.129571	5.060550
3.343769	3.384503	4.507933
2.773959	3.608483	6.521060
4.307695	6.015755	3.704093
4.781067	5.260903	7.889706
4.234852	4.847186	3.224342
4.219965	3.879672	4.989004
3.232181	5.318737	8.664270
3.012693	5.428092	4.455030
2.847846	4.725435	7.312445
3.620872	4.624338	3.128645
3.749493	5.093726	3.230476
3.903604	3.497128	6.943737
4.291386	4.672173	9.065209
5.114351	6.182345	7.505847
4.699819	4.714689	7.533515
3.017255	5.285715	4.938364
3.651265	5.593559	8.832341
3.798959	3.566378	3.738353
4.156769	5.132825	3.291634
3.998413	5.190383	9.025787
4.796816	6.513473	7.402140
4.554726	4.084847	7.967897
4.160727	3.026296	6.271703
4.318003	3.965882	5.823292
4.535525	5.340395	3.504715
2.798815	4.048348	8.140713
3.601901	5.858722	3.269097
4.401813	5.299720	3.083716
3.471613	4.366631	3.361223
2.871868	4.074340	5.152890
2.909881	4.078585	8.620705
3.644501	4.563023	8.628758
5.157756	5.904018	7.183603
4.118740	5.284060	3.527290
2.927616	3.993476	7.795084
4.968799	4.478893	4.043387
3.035133	3.113015	5.466671
3.113525	5.080888	4.380207
3.854393	6.462550	5.675357
4.320418	5.193252	2.883617
4.934264	5.848935	8.524738
4.333910	3.694025	8.652607
4.430913	5.322499	2.934507
4.195566	4.778787	9.315433
3.986021	4.775102	2.716803
3.614759	3.782708	4.398029
5.105212	4.937198	6.813584
3.026687	5.574078	7.293455
4.165505	3.999455	7.568126
3.612305	4.650215	8.977450
4.713799	6.488009	5.011648
3.980641	4.655907	8.800488
4.164253	4.187344	7.201651
4.693217	6.624570	7.576665
3.954705	4.635504	3.228137
3.886162	4.729059	3.247290
3.724200	5.514086	3.675651
5.268024	5.776479	7.451512
3.587669	4.293765	3.541960
4.555284	6.980458	5.697268
3.667928	6.712313	7.059088
3.995382	6.150001	5.449449
4.588277	5.908814	8.985610
2.297050	4.781432	5.657094
4.414778	6.212300	3.764861
4.492519	4.145273	4.525365
5.151022	5.727373	6.815144
3.435973	4.239037	3.852669
2.892595	3.536689	4.157172
5.212551	5.483715	6.317192
3.276687	5.109041	8.707134
4.189406	4.763905	9.215790
4.515579	6.058904	8.244313
3.078394	5.428632	6.099908
4.689208	6.331292	3.656156
4.729601	6.939673	4.715026
3.250061	3.747309	4.549133
3.470916	4.848640	8.706434
4.103062	4.480369	8.856742
5.103478	6.177090	6.641430
4.130832	4.992687	3.103161
5.705075	5.928397	5.993717
4.577851	5.160983	3.168805
4.831794	6.864735	4.701886
4.769166	6.363479	4.287381
3.270395	4.139360	4.174781
3.548353	5.704881	8.040058
2.900514	3.774589	6.153894
3.480016	3.835634	3.685490
3.351599	4.780104	6.955815
3.536448	5.350611	3.387139
4.327348	4.428167	2.937029
5.326229	5.563036	4.773389
2.629892	4.446667	5.792179
4.759137	4.925103	3.327291
3.945494	3.172490	5.699718
4.877437	5.221241	4.587367
4.493228	6.846283	4.081317
4.501795	6.590059	6.788320
3.701825	5.970766	6.481198
3.436117	4.619024	9.349905
3.627823	4.567768	8.927536
4.558748	4.786655	4.987220
3.187555	5.769462	4.469596
4.434791	4.531427	8.851300
2.756788	3.481741	7.242691
2.482360	3.740209	6.888305
3.108355	6.049134	4.840370
4.226603	4.678442	8.976431
3.401140	5.337302	3.161909
4.037896	6.497245	4.750467
4.782131	4.326453	4.182044
3.899467	5.827628	6.449584
3.694531	5.235876	3.203639
4.278486	6.230230	3.411777
4.051842	3.964317	6.792302
4.078521	6.180735	3.931940
3.935462	3.573253	5.819755
3.467884	4.359777	3.315551
4.068136	5.253854	9.050567
3.788873	4.089818	4.135761
3.932404	6.057026	3.957032
3.475989	3.430698	7.584670
4.708126	4.581034	5.779838
5.100324	4.509441	5.904022
3.879665	4.802125	9.257918
3.844097	5.205781	8.026080
4.739257	5.644375	4.091918
3.585254	4.668747	8.794089
2.982286	5.414712	8.138026
4.292899	5.679374	2.974171
4.882163	4.695625	3.777444
5.428794	6.786952	5.688607
3.039670	5.145127	4.279961
3.508436	5.056986	2.791772
5.235795	6.440144	6.990962
3.158320	3.667887	7.539092
3.889257	4.728269	8.891327
4.203303	4.634970	2.914073
4.120231	5.299986	8.961034
3.182280	4.421744	3.771590
4.239557	5.086740	2.706331
2.774599	3.652949	8.220887
4.277503	3.876864	3.450189
3.110543	3.690249	4.615233
3.206652	3.640392	4.590182
3.927809	6.160796	4.921739
3.524079	3.816849	3.653697
4.414135	5.691182	8.715867
4.573436	4.152380	3.104669
3.820656	5.797738	3.465085
3.016771	3.341799	5.384982
3.988826	4.550491	3.143313
3.742221	5.576338	8.286261
5.277697	5.488882	8.038914
4.664343	6.656978	4.326432
3.736367	3.091798	7.178172
4.614838	5.165087	2.867760
2.556362	4.242049	4.513121
3.922662	5.621629	8.673556
4.475312	6.351720	3.738031
3.333389	2.905363	7.605118
4.952005	4.834134	8.312555
3.498345	5.419391	5.509251
2.693702	3.098427	5.544560
3.761565	4.069743	8.898935
3.306618	5.490747	4.646060
3.513334	5.075205	3.061289
5.104660	6.213463	7.183534
4.807551	4.249526	7.795217
4.900556	6.329482	7.684137
4.076364	5.117910	2.578502
4.036851	4.056286	6.232751
3.668052	4.463537	3.107620
3.483495	6.017679	8.227882
4.810913	4.646206	7.672526
3.141359	4.369994	7.473229
3.366369	3.042169	7.569955
3.174380	3.670847	8.388651
3.163831	3.920153	7.668813
3.808315	5.415810	8.807760
4.628286	5.583089	8.053818
4.021650	5.816617	3.752882
4.664600	5.939439	8.220524
4.601745	4.482771	3.651234
4.278854	4.545425	3.377926
3.734104	6.782247	5.952254
3.266798	3.978204	3.597137
4.100503	5.350638	3.096188
4.624005	5.640787	8.592172
4.107561	4.536739	2.984525
4.721474	5.233081	8.496897
4.273646	4.542376	8.815344
3.918441	5.124829	3.044365
3.474482	3.173819	5.687049
3.691548	5.722830	2.966585
5.043353	5.994155	6.780740
3.526772	4.699891	3.360070
3.156680	3.903319	6.757460
4.623599	5.068733	8.622267
3.400253	5.079704	8.783986
3.850434	3.939358	6.456658
3.406341	3.651797	4.234503
4.542456	5.065130	3.490950
3.941693	4.505912	9.209946
5.044005	4.125109	8.126178
3.994998	6.181759	6.934083
3.581318	3.795547	8.836997
0.787922	1.853735	6.661035
4.314693	6.821976	6.934416
4.311617	8.825356	8.613496
3.698281	1.936210	3.842987
2.316422	3.555150	9.860378
1.134973	6.179054	8.904397
7.783857	7.040857	4.928436
3.601635	1.459884	2.040137
4.868668	7.055377	9.978537
7.673634	8.024449	3.627493
7.512295	2.237091	9.236029
6.152962	1.790062	8.955279
0.896240	3.706020	9.961042
7.476175	7.366227	6.726418
7.799385	5.530568	5.931810
3.364254	5.404971	3.257319
4.547728	8.916420	4.309715
6.131225	8.401433	5.582646
1.523365	7.123319	7.495330
2.827430	2.971737	2.293578
5.863218	1.029070	3.045292
2.569435	1.527213	5.247013
2.770408	5.938652	3.776313
0.384607	7.299939	2.234752
0.435917	3.077579	9.174483
5.172910	8.015847	8.597986
6.594389	3.971383	7.403803
6.695566	4.619978	2.515256
0.387036	3.818872	8.729445
4.046013	4.075306	7.373361
3.721791	7.375713	4.852608
7.616793	4.028551	6.945061
2.624407	5.159759	2.759947
2.747711	5.236137	4.782584
5.939063	3.817713	7.092778
7.503986	4.886846	2.266187
1.358424	6.548785	8.661921
7.855702	8.010673	7.847227
0.009981	2.490199	2.159778
0.801543	6.912807	8.202297
6.275043	6.692544	9.498703
5.499633	3.194899	4.263373
2.467709	5.770410	7.628636
6.262149	2.246011	7.592737
7.454392	5.126312	2.810732
5.309143	1.724375	5.944253
4.955638	6.382239	4.949024
6.773248	6.861864	5.459285
3.627991	5.967501	5.194168
5.076796	7.271709	3.634288
