4.387613	6.107059	3.870078
4.563654	5.756218	8.198242
5.623633	5.013229	5.938418
5.057656	4.651363	6.573988
4.258395	5.103519	3.375268
3.740314	5.605798	8.620144
4.851122	4.717905	3.592194
3.754857	5.649806	4.407563
5.164137	4.456784	7.575332
3.787417	5.856504	8.807684
4.225989	6.323251	4.310087
3.930595	5.070618	3.167378
3.868642	5.030302	2.868811
4.339214	5.024876	8.648248
5.300000	5.981182	6.958254
3.902574	6.171027	7.788106
3.065392	4.971187	7.711266
3.720916	5.932951	4.677578
3.824154	4.920517	8.901967
4.502878	6.205303	3.763902
4.045339	4.720911	2.840490
5.032826	6.023383	7.652444
3.714811	5.060107	8.912704
5.219231	5.133705	5.190206
5.022476	5.791636	6.216449
5.202139	5.243571	4.259659
5.537825	6.524467	7.171443
4.301473	4.997037	3.199584
4.252629	5.296241	9.141600
3.317844	5.086289	3.710533
4.506710	6.392477	8.234830
4.530575	5.383497	3.371507
3.395126	2.853462	5.931228
2.356310	3.172327	6.006812
3.662063	4.103237	3.395493
4.811397	6.034700	4.170662
3.764103	4.565786	9.054539
3.313338	3.060135	6.766393
3.313605	4.181044	8.080339
3.294163	3.353296	5.515065
4.218560	4.139053	8.504748
3.531165	5.337471	4.084914
2.636472	3.185508	6.358894
4.478911	5.443732	8.913448
4.146566	5.464029	8.862025
3.467780	3.893186	2.950049
2.994634	5.499612	7.340729
4.501931	4.056965	3.687702
4.480325	4.878697	3.121889
4.086291	6.714233	6.631248
4.502507	4.096971	6.469029
5.068433	6.725698	4.589097
4.480101	3.614116	5.851925
3.834445	4.538726	8.673534
4.227545	4.562131	7.921587
4.898010	6.566200	6.818947
3.840703	3.657419	8.214232
4.129794	4.633536	8.927774
4.113723	4.796064	8.813564
4.134608	5.001440	9.247550
3.734907	3.695587	6.131548
4.986626	6.499365	4.167117
4.129256	5.339617	3.111236
4.044592	4.884990	9.016924
4.526465	4.408709	4.723533
2.520963	4.688498	4.215593
4.155174	4.517077	3.392403
3.945016	4.569767	2.993124
4.076022	3.125905	6.492799
4.532182	6.737777	7.742158
4.810726	5.611169	7.800660
4.660923	6.378404	7.629573
4.022485	4.334707	9.182105
2.935314	3.569770	4.507915
4.792407	6.730970	6.292040
3.576260	6.176410	5.390152
4.175866	4.703427	2.632080
4.084967	4.852798	9.396602
2.520578	4.329561	5.987841
4.473862	4.229080	3.869973
4.385131	4.802967	3.020061
4.721526	5.379069	6.166824
3.744398	5.488888	7.118024
3.058775	5.239565	7.440657
2.477078	4.985953	8.382358
4.016375	4.832383	9.413100
4.666591	6.047154	4.059809
3.710096	3.832427	8.466655
3.337426	4.796986	3.208612
3.802563	4.646334	3.194752
4.790663	5.857269	8.639201
3.233782	4.718466	7.951818
4.112328	4.515500	8.908260
3.622388	5.238319	8.531209
4.835374	5.575369	4.012951
4.258637	5.546524	8.874985
4.286608	5.011156	2.862594
3.224773	4.908354	8.664769
4.341064	4.529924	3.752011
3.951902	5.834973	3.375676
3.804101	6.087584	6.573705
2.719521	3.381010	6.461419
4.323418	5.362216	8.802684
3.291541	4.904802	7.414272
4.494284	5.375813	3.452602
3.857245	3.656827	4.545143
5.053908	5.976824	7.781681
3.458355	4.425540	8.776373
4.337085	5.349193	3.188514
5.217374	5.570624	6.122813
4.548742	4.705136	8.539667
4.827476	6.517465	5.886367
4.377368	5.395702	8.668108
3.824417	6.399299	6.141306
3.863431	5.656814	3.002305
4.312832	4.509823	5.363297
4.496978	4.179819	8.240306
3.312995	5.046036	8.691414
3.421493	4.956644	8.908161
4.554310	5.756279	3.633901
4.022270	5.974617	6.683392
3.476809	4.533684	4.212288
3.875562	5.452792	9.430347
4.962104	4.863068	5.856252
4.266340	3.514591	3.073706
3.401433	4.403964	7.771826
4.283998	4.024818	4.338557
3.348323	3.507915	4.465109
3.357708	3.445199	4.384738
3.533351	3.878247	3.108583
4.404883	6.424243	6.989742
4.320372	4.607248	3.175206
4.229322	4.128562	4.805620
3.424119	4.422422	8.320041
4.001098	6.639867	5.948557
3.870367	5.975368	6.430063
3.592484	5.378655	8.506548
4.139204	6.019781	8.771536
3.957269	5.371981	2.848734
3.732191	5.829698	4.237035
4.019671	4.837221	3.046761
4.734564	5.570666	7.711929
2.486838	4.450994	5.233761
3.558406	3.271028	4.194240
3.659587	5.164101	9.229102
3.473786	5.800199	3.017540
2.797986	5.408170	5.149629
3.720351	3.323100	7.930303
3.915080	4.570681	3.015817
5.326767	6.999223	6.189230
3.335416	4.844419	6.535991
4.309224	5.170258	3.085870
4.097057	4.730592	2.339640
2.813562	3.559375	7.871290
3.657521	5.265049	2.828535
4.341219	5.249020	2.843125
2.743442	4.295385	7.689999
2.969744	3.908464	4.872266
2.866805	4.707440	4.855962
3.638740	4.983406	8.804789
2.854911	4.375605	5.725539
3.511147	5.638132	8.892352
4.757863	4.668889	4.731135
3.921998	5.083640	3.049586
3.343467	3.789819	7.864933
4.084223	5.390750	9.069975
2.561614	4.204188	7.436945
4.541553	4.732182	8.749112
2.118047	4.098323	4.841128
4.423991	3.675501	4.933032
3.450158	3.165591	6.759371
5.173759	6.535802	6.781911
3.589909	5.714912	4.690621
4.362686	5.834682	9.030159
4.651012	6.474420	5.427989
3.406738	3.781039	8.415835
3.041897	3.921275	8.325219
4.464566	5.813899	8.545317
4.043289	5.219490	2.875944
3.798105	5.664647	8.447034
3.125554	5.385706	4.810878
4.169250	4.444568	8.669275
4.953655	6.317224	8.220188
4.062526	5.945052	8.546249
4.119759	6.646655	5.082103
3.917898	5.887102	8.694233
4.491861	6.664300	4.858593
4.212513	5.072275	3.490755
3.800921	4.051587	8.544540
3.748103	5.171489	2.820463
3.459133	4.557511	8.783659
3.537986	4.960153	2.720640
4.745661	4.419988	5.305369
4.925381	6.686068	5.512445
4.213807	5.608364	3.154037
3.722204	4.781033	9.408779
4.701863	4.418234	6.330267
4.673491	6.665376	3.809017
4.248766	4.690452	3.408386
2.717702	4.199767	8.237054
4.088452	6.700665	4.816430
5.327712	6.075860	6.275859
3.379598	4.341570	3.551436
3.333932	4.640310	3.737829
3.300859	5.425371	5.587580
3.870755	4.987604	8.660388
3.245568	4.203292	8.387992
4.599951	6.962552	6.335078
4.834531	6.611349	5.713895
4.143865	4.364828	3.141705
4.297317	3.114954	4.633945
5.265530	6.603439	6.941679
4.466538	6.136300	3.209635
5.044189	6.077850	6.205789
4.129752	4.620576	9.256914
4.334444	5.708913	8.364392
3.656161	3.263179	5.449526
5.036828	4.583437	7.802287
4.773713	4.832292	7.728880
4.439159	6.372270	4.732785
4.903057	5.756578	7.582373
4.415307	5.431990	3.177506
3.868150	4.410998	3.107732
3.783936	4.977673	3.061309
2.711256	3.622095	5.259550
2.350641	3.992730	6.891735
4.270170	4.999397	8.488218
4.512441	5.168536	8.959357
2.615656	5.455707	5.617623
3.809744	3.814984	7.238727
4.127761	5.240117	8.884513
4.987458	6.585850	4.729315
4.161087	6.433767	4.081471
3.975659	5.267952	3.210661
3.675036	4.949072	8.668430
4.183933	4.881442	3.143682
4.423348	4.909491	3.199423
3.760877	4.644592	9.256927
4.341210	5.142984	9.324869
3.861878	4.774379	2.760966
2.874682	3.944648	8.636135
4.508629	3.882639	4.565089
4.012793	5.056869	2.814905
4.041336	6.068831	7.117253
3.479994	4.550849	3.447959
3.295312	4.469375	8.758634
3.135873	4.417681	3.024073
4.333944	4.647344	8.750783
3.539737	3.939134	7.521377
3.463057	4.220305	3.910464
4.207483	5.314312	8.938753
2.835681	4.604455	6.536210
3.511315	4.239457	8.437013
3.483123	4.969723	3.738913
3.579475	5.552759	3.766088
4.266826	5.068513	9.254265
4.885950	5.336377	4.207389
3.558912	3.295029	5.076305
4.572842	4.471090	8.652884
4.432088	5.586851	8.655670
4.090324	4.591630	3.008714
3.461128	4.745110	4.566881
3.560599	5.622374	7.940648
3.598575	5.849804	8.389536
3.809472	4.130710	8.734565
3.374647	5.181491	8.913560
3.206727	3.177862	6.398465
3.270764	4.469380	2.996795
4.835093	5.258936	8.325916
4.341406	5.030573	3.423446
3.849711	5.066138	9.313211
5.117345	5.675133	5.555882
3.746346	4.726371	2.472466
3.263230	5.439930	4.058123
4.096180	5.679237	2.654451
4.228828	5.246936	3.144864
3.868179	4.234351	3.516744
5.114629	4.794393	5.014647
3.310236	4.525469	3.389258
3.861585	3.484897	6.209169
4.459575	6.712413	7.362865
3.112030	4.523513	3.668557
2.985997	4.829906	8.877383
2.393547	3.425100	6.969270
2.973663	4.797460	5.791443
3.835482	6.264936	8.305792
3.493783	6.095040	6.763046
2.692799	3.882286	5.877247
4.422346	5.246914	3.296463
3.313322	3.783966	3.571307
5.008227	6.642558	5.624924
3.959895	3.959213	3.682380
3.530259	5.500674	8.609624
3.241328	5.484859	6.506319
5.388718	5.909627	5.682376
2.870136	3.169769	5.602858
3.112841	4.687374	6.464582
5.391716	6.972477	5.791044
4.552882	3.743787	8.452860
3.299653	4.469290	9.010807
3.673813	5.066596	8.910471
4.313926	6.735360	7.181863
4.122963	5.274847	8.519283
2.819935	3.859262	4.591170
4.777822	6.724290	6.600840
4.300333	6.123786	4.273893
4.215731	5.231339	3.288418
4.139641	4.524695	2.730778
5.287149	5.459694	7.194109
4.199279	5.815500	3.255620
4.370979	4.432124	6.855791
3.309361	5.689885	5.896718
3.714680	5.390967	7.965022
3.909058	5.123225	8.774553
3.707457	4.027815	3.448755
4.504888	4.848909	8.985103
3.881705	5.433100	3.578157
2.915387	2.905663	4.915851
2.592739	3.534145	7.389038
4.972822	4.595970	4.464352
4.991674	4.517240	5.339650
2.300810	3.587046	5.284979
4.734969	5.782496	8.084298
5.208756	5.370132	6.478491
2.820200	3.701110	5.531255
2.829575	4.950453	4.620702
3.246469	4.900033	2.838999
4.213277	5.012117	3.185925
4.394694	6.861747	4.195715
4.773244	5.498884	3.475432
3.144091	2.696622	5.810654
3.760577	6.157544	8.177951
3.238726	4.074061	4.384331
4.618007	5.248685	9.044992
2.985710	4.346380	3.214570
4.911781	5.277682	4.839186
4.200682	6.346764	7.295304
3.685961	3.410688	5.887389
3.038525	3.570848	6.223098
4.183741	4.288439	3.602371
3.028375	3.573189	7.272751
3.457381	4.434141	8.631287
4.334991	5.246852	8.942351
3.950955	4.723008	2.988073
4.431403	6.112752	8.269463
3.827011	3.917439	7.105018
2.948845	3.594561	8.986190
3.866378	4.424967	3.427765
2.868992	5.407562	5.539280
3.365834	3.937052	3.605010
3.801236	4.831840	3.926552
3.189093	4.249050	8.538763
5.109541	5.568968	3.655272
4.550135	5.208985	8.876162
3.990330	4.205534	8.737234
4.742182	3.813180	7.806064
2.402620	3.697600	6.660569
4.717190	5.809842	4.331930
4.409198	4.657528	8.607291
3.555057	5.163598	8.858084
3.929633	6.702495	6.109983
3.597752	4.967938	3.450398
3.341381	6.026239	7.117273
3.915981	5.638378	3.928274
4.439329	3.797316	5.024071
3.656323	4.271542	3.542573
4.308605	5.222779	2.997054
4.416577	5.619613	3.328669
4.101970	5.680547	8.944462
4.385562	6.461890	8.262817
2.936189	4.882676	7.282613
3.592805	4.863611	3.455339
3.025985	3.346980	7.576400
3.931034	4.543524	8.865965
4.661147	3.812335	7.098040
5.589487	6.065382	5.722758
2.401397	4.495346	6.285502
3.886095	4.967013	9.043883
3.952111	5.231843	2.750610
4.811850	6.520894	5.065076
5.070611	6.753525	6.666464
4.856365	6.476425	5.233804
4.731056	5.546646	3.483197
5.014386	5.448665	7.231096
3.794561	5.807989	3.819729
4.063696	4.981708	8.753688
5.103821	5.103709	5.395705
4.918716	5.445246	8.556124
4.030202	5.940199	3.904714
5.102482	3.762458	5.681598
3.701234	4.717748	2.859744
3.641869	4.892490	3.038226
5.110489	6.501220	7.600164
4.002077	5.837590	8.951188
4.202517	4.472135	3.202294
3.435673	3.634377	7.224440
4.325752	6.752331	4.827097
4.911572	5.244836	6.786277
4.374109	3.978185	6.212174
5.286674	5.009674	8.094197
3.069093	3.841916	4.355440
5.258932	6.192052	4.668979
2.929201	4.087873	3.523245
4.216733	4.701674	4.529994
3.407671	4.065723	7.959402
3.255377	5.049973	6.300282
4.740740	5.588068	8.201042
4.252487	5.318827	3.067341
4.422450	5.546316	3.433180
3.460827	3.867935	7.148648
4.152461	4.332571	7.450947
3.490908	5.685634	4.566420
4.046831	5.113811	2.904494
4.079822	3.995960	3.869070
3.300615	3.287225	5.509942
4.205368	4.664195	8.353682
4.420528	4.629518	2.717028
5.002145	4.631231	7.393159
3.316949	3.640641	7.858123
4.585441	4.176357	3.520180
3.724562	4.686329	2.826794
4.214123	4.351825	8.644406
4.388780	3.965357	6.825808
5.054540	5.399652	3.892794
4.575243	4.713504	7.067491
4.602214	4.980099	3.708642
3.602219	3.213165	6.876178
3.663615	4.421644	3.628926
2.887848	4.757654	7.591149
4.155762	5.407615	8.912985
3.215729	4.468775	8.301075
5.121496	6.874100	5.127248
3.768561	3.320464	4.954185
4.562104	5.236992	2.986540
4.221153	5.520754	3.339122
2.497032	3.475610	7.209419
2.795568	4.460625	6.956893
4.388356	5.338301	8.516622
4.168904	5.026220	3.202914
3.442131	5.463006	8.246898
3.719505	4.499901	3.149301
3.855612	3.631260	3.994030
5.054412	6.380399	8.304751
4.685908	5.558277	2.706241
2.821334	3.924576	3.636149
4.726057	5.435935	9.053599
3.548934	6.023604	7.322521
4.406345	4.869446	3.787507
4.864542	6.307977	4.608091
3.460511	4.947546	3.216761
3.974658	6.309163	4.434173
4.175182	5.742884	8.311496
3.880625	5.063016	9.297570
4.574319	6.694853	6.888660
3.150677	3.510347	4.627801
2.983643	3.203935	6.932096
3.284414	4.323465	8.947649
3.491116	4.037066	3.898998
4.663724	5.014064	8.857994
3.945615	4.704162	8.429412
5.090074	5.465221	8.085241
3.668136	3.582641	3.336564
5.011276	6.775641	4.650339
2.919198	2.982725	5.328493
3.100038	4.989336	4.905727
4.213628	5.896156	8.164345
2.628678	3.374125	5.653058
3.177171	4.285236	3.830320
3.489735	5.927736	4.727043
4.589174	4.971160	2.943838
5.009388	5.492325	3.506025
4.011450	3.845039	3.450524
3.906554	6.174839	3.920398
4.746981	5.020322	4.232617
4.002052	4.398454	2.569222
4.045187	3.956984	6.652238
4.839118	5.768223	3.287463
2.454334	3.609622	4.781584
5.330120	5.787698	4.573836
4.914958	6.763144	6.748743
3.779506	6.426355	5.286083
2.784912	4.117386	7.867364
3.824537	5.429180	7.633477
4.291722	3.940701	7.932734
3.105342	3.661637	5.704666
4.495476	6.623908	5.793989
4.441269	5.772344	3.982648
3.825968	6.345454	7.905079
3.152115	3.611101	3.482800
4.432205	6.537779	8.425976
4.410631	3.983866	8.099732
3.700804	4.420892	2.766900
5.093539	5.041270	4.400265
3.285029	5.495815	2.961814
3.128173	4.613417	4.026535
4.320363	6.540184	6.264216
3.980220	5.867868	2.778813
3.722158	6.616217	5.267627
4.539250	5.059822	9.019109
4.591076	5.850659	3.475159
1.613679	3.288164	8.977381
5.226869	8.230543	9.743238
0.231088	2.021099	4.412840
4.623856	7.601404	3.140752
3.020885	5.430485	9.798710
4.538264	4.299763	3.900884
0.923781	4.015370	5.998805
7.342680	1.935311	2.052483
1.103952	7.549484	3.566726
5.246383	4.239424	4.242576
2.702590	1.926826	8.014261
6.228224	2.673058	6.920324
0.618311	5.265648	9.459150
1.149427	2.086244	8.911084
6.995324	5.814867	2.784639
4.497229	6.862454	5.295288
5.413095	7.251553	5.079435
0.143406	2.300255	4.118175
6.206560	4.889420	7.267116
6.956593	8.943022	5.751263
4.982793	4.487587	7.089339
7.785728	5.330505	6.757031
2.077525	5.140941	7.827894
7.126244	4.919230	4.714183
4.984653	3.114302	7.231878
7.726544	2.067942	7.213624
6.799090	4.250016	7.483333
0.511861	6.028457	4.345081
4.325356	8.877039	2.935830
4.582900	6.421500	7.685851
1.485906	6.749852	8.993954
0.803287	3.959889	2.636303
2.287418	2.221317	5.544687
3.343777	8.018306	2.953471
5.356427	6.061248	6.928423
3.142267	2.406524	6.058226
7.771682	8.047142	5.908672
5.013262	7.918863	7.832691
4.469722	8.637206	3.998794
4.334077	1.439713	2.709648
5.836514	2.911144	6.866539
5.191010	7.445108	5.877084
4.241991	2.645350	5.049309
3.232113	4.133089	5.243646
3.540050	7.007873	9.433323
5.219838	2.228165	5.494292
4.431417	1.674308	7.659500
1.502406	1.169756	3.610379
2.119956	1.912377	7.995627
3.130814	6.986792	3.721496
