4.386464	3.481781	6.318134
5.497310	6.779204	6.169024
4.978613	5.647965	8.551446
4.703975	6.555346	4.856716
4.461917	5.988128	3.335859
4.042064	6.172295	8.392254
2.889400	4.017526	7.546131
4.053170	4.784329	3.225937
3.465515	4.608773	8.946905
3.645332	6.051713	8.212044
3.071169	5.547925	5.498324
5.289615	6.584800	4.869779
4.708132	6.458787	4.660180
2.910637	4.404438	3.370732
3.542292	5.197021	3.399634
4.220946	5.360992	3.352481
3.966708	4.723331	9.192919
4.401945	5.197481	3.245437
3.357041	4.063804	3.164086
3.550802	5.622973	6.512718
3.800974	4.281140	3.442966
3.017730	4.469737	4.411085
4.789161	4.574892	4.263266
5.279968	5.558696	7.029381
3.874943	4.814517	8.874395
5.278066	6.001101	5.116831
4.133976	6.120268	3.808492
3.529870	4.912256	3.525216
4.170100	4.359867	8.092189
3.322996	4.258619	8.505520
4.248984	6.970894	6.471606
2.490236	3.424286	5.140066
4.106559	6.239139	4.602074
3.622911	2.919629	6.319062
4.058563	4.970203	9.471552
4.362519	5.057424	2.833520
4.716999	5.139986	4.152648
4.279487	4.043058	8.970143
3.616971	6.784382	4.848864
3.603669	5.078752	2.894312
4.175419	4.057134	8.935574
4.613452	7.096889	6.043678
5.183859	4.714660	6.124559
3.966951	4.968254	2.979442
4.936064	6.515353	4.356667
2.270189	3.223767	6.759463
3.248501	4.590886	8.211520
5.118483	5.801724	8.579515
3.435400	5.705810	3.560690
4.017187	3.629561	5.703660
4.455980	4.256291	3.687554
3.590301	4.033274	3.734539
5.090612	6.496055	6.075629
5.151701	5.747006	7.429218
2.677680	5.303840	5.820866
4.566474	4.496752	3.100888
3.411185	4.570550	8.522867
3.982731	4.915295	9.051581
4.261438	6.374958	8.504538
3.810596	3.751697	6.948018
4.618826	6.967411	6.895633
3.249031	4.515432	7.700752
2.826307	3.834958	4.917696
3.780746	5.307811	2.823440
3.632587	4.821683	2.911566
4.919731	5.263720	9.051250
4.307044	5.301891	3.322724
4.517416	6.528129	4.868524
4.382957	6.522326	5.296136
4.621025	5.591099	3.101771
4.568449	5.931380	3.302435
4.374229	5.371193	3.523456
4.122928	5.226756	2.405726
4.117182	3.718184	4.784550
2.921724	3.782969	4.002873
4.289420	6.027979	7.380251
4.373012	6.492569	7.283722
3.742544	4.713373	8.897537
5.128653	6.869294	5.080604
4.696926	5.655769	9.320286
3.519220	3.903161	8.741572
4.957657	5.958027	8.294202
3.404120	6.025459	5.035555
4.157186	6.691296	5.521462
2.642487	4.119211	7.524141
4.428711	5.531633	3.340555
3.003251	4.169910	8.161714
3.505785	6.235016	6.595115
4.463806	5.233315	8.971785
3.953427	5.255806	8.855689
2.361137	3.330005	5.433720
3.948172	5.271857	8.852942
3.246098	5.307506	4.317552
4.189428	5.864767	3.665717
3.233312	5.414971	4.652262
4.987066	5.061838	3.255383
5.298209	6.361699	7.786082
3.272327	5.470149	8.143207
3.175548	5.681053	3.886559
4.948240	4.824015	6.206395
4.822679	4.611457	4.630229
4.278267	5.851402	3.171349
3.381693	4.902357	3.064925
5.183429	6.118831	5.654934
5.178826	5.573998	7.186048
3.875474	5.154478	8.768191
3.096489	6.121333	5.169427
3.151276	5.809706	6.896799
3.699826	3.825667	7.719348
2.783893	4.975871	4.377740
3.982997	5.710956	8.159895
3.799109	5.009429	3.320695
3.051384	4.590748	3.157618
4.528444	4.472571	4.685988
4.534544	5.100455	8.719786
3.216867	3.497820	6.246067
4.755235	5.995417	3.135029
3.004641	6.074233	5.875024
3.270808	4.395320	3.575206
2.788558	4.711157	4.335663
5.748625	6.353648	6.093284
3.987788	5.430084	3.098254
5.297743	5.652998	7.079687
2.546164	3.772628	7.295413
3.787834	5.200941	8.848559
4.392669	5.282476	2.930820
2.771490	3.164915	5.058144
3.139136	3.760661	6.837823
4.836655	5.675526	3.711776
3.916151	3.383017	7.332866
3.203898	4.822036	8.624700
4.141779	4.937821	8.823928
4.409493	4.574925	8.404069
5.117822	6.528139	6.807904
5.299252	5.892732	5.680532
3.514791	4.889932	2.912581
3.993855	5.457913	3.228266
3.414050	4.475747	2.922152
4.795354	4.714902	3.546808
4.235422	6.356273	3.744377
2.405308	3.527134	6.819065
5.214254	5.843534	3.755331
5.460481	6.133714	6.900195
3.066573	5.714626	7.360525
4.353754	4.783547	8.493866
4.223905	4.305231	8.516848
3.166381	3.356552	5.814839
3.283632	3.329206	8.115007
5.349947	4.098889	5.831445
4.499204	6.594611	4.382043
4.305132	6.150828	3.749992
3.955890	3.817384	8.224024
2.832700	3.940967	5.225169
5.087419	6.242557	5.359817
5.411670	6.088232	5.400004
4.220102	5.488220	3.100711
4.670978	6.476335	4.468056
3.827293	6.010900	8.966364
3.177864	3.885144	5.280093
4.593614	6.361444	4.317560
3.140693	4.666249	8.896208
3.533520	5.057246	3.089324
3.346596	3.571254	6.837945
4.091056	4.964191	9.093417
5.088372	5.159720	8.209340
4.038112	5.980715	3.594259
4.226803	4.007371	4.600908
4.701494	5.453399	8.706116
3.702649	4.221714	3.440796
3.413187	3.134170	6.585208
4.260710	5.323956	8.728940
4.329041	6.626148	3.713202
3.891037	5.701285	8.682058
4.345863	4.957399	8.791391
4.430029	4.561731	3.271242
4.288064	5.383065	3.022205
4.722588	4.198351	4.557272
3.994608	4.799503	3.010537
4.450007	5.045455	9.155496
3.839845	3.557720	8.212397
3.830165	5.534506	3.060643
4.315501	6.455756	4.567501
4.746491	7.162097	6.256859
3.217994	5.230585	3.731813
4.247785	5.547309	8.723269
5.339136	5.975615	4.270128
3.430400	5.015184	3.044985
3.788985	3.852534	3.952898
4.145635	4.244128	6.107412
4.741349	4.721973	7.902976
3.605533	6.438172	7.631858
3.737179	3.544713	5.931129
4.054727	4.262404	4.355514
3.205536	5.834854	8.185552
4.240512	5.206267	2.585477
3.885803	5.888424	7.370675
2.798944	3.396657	5.902139
3.207887	5.040389	3.824828
4.072921	5.593895	2.969532
3.456887	4.678473	9.358861
3.157346	4.126707	4.194690
4.527770	3.927186	4.740301
4.491266	4.805556	8.230082
3.944164	4.565099	9.481560
4.124083	5.146330	8.541654
3.449834	3.334646	5.305424
3.059083	5.838657	7.302789
4.318593	5.587839	8.645141
5.203866	5.768754	8.391977
4.979262	5.485669	7.830685
3.724788	5.757555	8.920495
3.259815	4.620136	6.527343
2.655373	5.436331	4.820074
3.648293	3.881553	7.801787
4.068489	4.870427	3.121824
4.953633	6.119296	3.919725
3.659621	3.922311	3.535261
2.946723	4.921144	4.815388
3.733585	4.246212	3.279265
4.295752	3.636619	5.765234
4.906821	5.450887	6.238319
3.893677	3.542180	5.968040
4.085606	5.114568	3.300557
3.959040	5.166276	2.984253
4.919513	5.817441	4.005744
4.124418	4.516761	8.589220
4.985173	6.839587	5.521034
3.634240	5.587144	8.124614
4.415052	5.436408	8.377428
4.103207	4.850973	8.864512
3.934330	5.222964	2.812532
3.781787	4.725913	3.300693
4.350919	5.777551	8.749406
2.686178	4.891583	7.723779
5.371148	5.374529	6.507042
3.770012	5.751295	3.165952
3.949126	4.676198	3.565111
2.836846	3.639617	8.156120
2.898366	5.349019	5.970532
3.890076	4.486609	2.993911
3.420846	5.473718	4.839276
2.776495	4.011771	4.285167
3.599605	4.014927	8.139003
4.418167	6.186106	8.670300
3.789858	5.388476	3.001943
4.905121	5.196605	6.083109
3.388836	4.961029	8.721549
4.932328	6.344226	7.553758
3.716436	6.174528	8.079749
4.060172	4.186732	8.020288
4.739490	5.036890	5.341106
4.125702	4.287551	3.463480
3.410750	5.795332	6.832870
4.233919	4.061121	9.065542
4.365466	4.365709	7.078879
3.701740	5.127162	9.226373
2.428158	3.829983	5.867987
4.046637	4.879731	8.855348
4.205909	6.809323	7.085345
3.316311	4.306820	3.262432
2.533172	3.963320	3.962234
3.506467	3.740794	3.889217
3.609050	4.280927	3.109972
5.019196	4.914805	7.919487
4.959436	5.770535	7.144382
4.054953	4.599607	8.506749
4.136054	4.626226	2.620976
4.262444	4.005519	4.070968
4.498653	6.461344	7.577274
3.916177	4.653188	7.964526
3.502837	5.171486	3.107140
3.104019	4.936437	7.984992
4.074058	4.454609	8.510414
3.245310	3.849981	5.307123
3.630800	4.833174	8.912439
4.916110	6.416886	6.590418
3.707037	5.255369	3.045675
4.286677	3.359113	7.709419
2.620820	3.887791	5.682466
4.395261	6.139614	3.981787
3.106937	4.783850	8.284058
3.693621	5.140973	9.084286
2.770494	4.637199	5.254178
4.655109	5.818332	4.372993
3.252931	3.758337	9.042222
3.930241	4.548465	3.159436
2.995393	4.075821	6.668220
4.134627	4.930714	3.306337
4.948643	5.940644	7.818552
3.518282	3.444068	4.072732
2.527519	3.703201	7.149335
3.132199	4.460066	6.853908
3.703048	4.795289	3.010583
3.498112	6.361905	6.231541
4.798896	5.863371	8.318099
3.635168	5.493169	8.787822
3.269860	5.297051	6.646522
4.010583	5.119875	3.255753
3.758096	5.213566	8.956234
3.523839	5.307122	4.742971
2.920503	4.514992	8.386313
2.591725	5.058462	6.744660
5.044383	5.603580	4.998856
3.128167	5.274285	4.612096
3.226599	5.226164	7.053087
4.115972	5.209037	3.031200
3.129255	4.540103	3.559395
2.886035	4.841594	8.608442
4.286730	3.808322	7.690459
4.239513	5.618207	8.633349
4.405636	6.758337	6.876501
4.456882	5.120324	7.882873
4.214639	4.274586	3.059291
4.944158	5.062463	4.124910
4.069232	5.381830	3.644496
5.555083	5.402174	4.766047
2.872986	4.317891	4.874529
3.979214	5.282210	2.951086
3.872350	5.262405	9.095552
3.639979	6.154937	7.997195
4.261599	6.704056	5.727419
4.721921	5.107013	8.091173
3.495142	4.693665	8.446643
3.561385	5.286018	8.735147
3.426964	4.653084	3.177773
5.281441	6.674922	7.167227
5.079135	5.121896	3.931499
3.746871	4.778449	2.874953
3.057280	5.297325	5.342524
3.446555	3.311962	5.767708
4.043060	3.999151	3.671224
3.959150	5.087127	3.069479
5.294646	5.560676	5.791918
3.460642	5.277060	8.914209
4.274942	5.695593	3.564818
4.403444	5.728525	8.309225
4.261743	5.658352	3.126947
3.530373	3.453598	7.610801
3.525667	4.834754	3.207483
5.286351	6.900819	5.271447
3.679692	5.148095	8.933237
3.892685	4.288681	8.047252
5.445362	5.931886	8.050532
3.967883	5.476134	9.100450
4.343513	5.720602	8.515071
4.950424	5.330248	5.574141
2.928407	3.785782	4.783628
4.105144	6.195699	6.460324
3.878655	4.934954	3.586267
3.773943	5.006275	8.668445
4.187563	5.902007	4.040888
4.701987	6.814675	4.902951
4.376539	3.859945	3.626075
4.244794	5.991854	8.419317
4.657663	4.068171	6.136600
4.409816	4.319759	7.135715
3.795154	5.043547	8.900884
4.133366	4.255078	8.828774
2.841892	4.633191	5.935669
4.009582	3.813522	3.864619
4.187805	5.678017	3.732753
3.316014	3.847908	4.693845
4.496299	3.887271	3.791267
4.219263	5.123921	3.031688
4.791757	5.239882	4.705994
2.496277	4.736212	6.956945
3.451798	4.641610	9.103387
3.703344	3.817202	8.572147
3.434149	3.406944	4.972998
3.324133	5.367916	9.084590
4.215518	5.005243	8.605950
3.438718	4.251289	3.936173
3.189029	3.717521	8.676878
5.591216	5.898515	6.477881
3.810137	4.623035	3.698637
3.394196	5.333409	3.232541
4.242624	5.069156	8.950721
2.952617	4.087264	7.677136
4.640212	4.844776	3.804060
3.490663	4.007146	3.575948
4.244362	4.773451	2.948119
2.785168	3.746323	7.343185
4.072477	6.508846	4.379339
3.956892	4.828514	3.505902
3.687478	6.519959	5.645480
3.571978	5.153230	2.809903
4.709150	6.200553	7.783501
3.770839	3.609836	7.274173
2.690313	5.465224	6.827974
2.763275	5.754702	4.313039
4.833877	4.472100	4.908644
4.072255	4.701046	2.875843
5.075821	5.980848	4.638734
2.762148	3.224749	6.723723
4.522735	4.891969	3.508137
4.494821	5.061711	8.840419
3.041721	4.610784	3.752543
4.337880	6.367989	5.441449
3.794814	5.168584	8.974926
3.728665	4.655268	9.093822
4.639094	4.520101	4.028425
4.030641	5.051226	9.502823
3.642710	3.574865	3.619687
4.288963	4.503689	3.371640
3.972302	4.704868	2.956560
3.819585	5.370731	8.857247
4.441848	3.888933	8.118615
4.607337	5.081618	4.582303
5.004257	4.893155	7.814919
3.234139	4.545427	8.573971
4.091572	4.954808	8.957881
2.819553	3.936846	7.487048
3.046163	3.128455	5.148067
4.140650	6.051387	8.715987
4.253101	4.687348	8.958610
4.463589	3.437089	7.211089
3.209937	3.859968	7.878975
3.670691	4.236277	9.234190
4.388868	6.652814	7.787606
4.837525	5.416267	4.014619
3.406460	4.798407	8.866413
3.368975	3.992781	3.558345
5.578499	5.562098	4.890486
3.334718	4.509940	3.820823
4.143468	5.428426	8.681161
4.037264	4.368530	8.294587
3.080500	5.006937	4.306200
5.155020	6.420593	5.653515
4.250195	3.529991	6.535843
3.879369	4.711497	8.784322
4.022608	4.393522	2.756964
3.762211	5.305887	2.904818
3.320172	4.833378	9.180015
2.475418	3.832030	5.981722
3.704447	5.515736	4.005287
4.284074	4.708999	9.078708
3.562286	5.757571	3.518128
4.591891	6.854218	6.534099
4.132982	5.086605	2.766282
3.989346	3.495547	4.629187
2.541291	4.941211	6.331393
5.367810	5.618611	6.592889
4.953507	3.982402	5.618920
3.585653	5.226997	3.505968
4.551592	4.302225	6.636609
4.570935	5.110322	9.404247
2.915980	2.493600	6.783249
4.416982	4.417045	7.136134
5.114696	5.855957	3.232838
3.512638	3.382333	4.263786
4.794094	4.125457	6.693600
3.558936	5.518262	3.228765
4.496656	5.624209	3.308194
3.999504	3.194667	4.957445
3.199795	3.394182	4.248049
3.626243	4.656429	3.224051
5.141571	6.721192	5.020264
3.202706	3.503995	8.425422
2.627654	3.430879	4.902021
4.815100	5.398827	3.439570
3.261417	3.652376	8.044664
3.603722	3.450078	7.536662
4.748975	6.367961	7.790052
3.818444	5.849745	4.912091
4.375157	5.449731	2.607717
4.437375	6.689679	7.042601
3.503549	4.274129	2.907670
3.541679	5.659835	8.191043
4.894839	6.583077	6.581776
3.056545	3.821156	3.959060
4.309428	5.128522	3.060078
4.144018	6.520131	8.563632
4.637984	5.456891	8.321336
3.548875	3.755015	7.947448
3.477940	3.272456	7.191096
3.747249	6.009535	5.769763
4.455853	5.762298	3.039318
4.531751	5.658388	3.237227
3.466153	5.246984	9.138722
4.339115	6.145977	6.369059
2.985705	3.693739	4.051568
3.000185	4.499778	3.782938
4.209668	5.771807	3.332351
4.564999	4.086427	3.391093
4.026423	5.409757	9.124174
2.753310	4.968300	8.428992
4.331741	5.799455	8.753278
3.729647	6.354086	7.634736
4.870446	6.488544	7.795880
4.590541	4.954138	3.689448
4.233154	3.321717	5.587685
5.280410	5.561441	7.510963
3.704342	4.342555	7.978653
3.960093	4.755010	8.855756
3.049051	5.103904	7.398114
2.515654	4.304352	5.845344
4.604558	3.953845	7.379348
5.942989	5.633022	5.504212
4.441463	5.529304	2.990810
4.437166	5.047828	9.324355
6.547948	2.726963	5.045411
6.615155	7.423760	6.905321
3.178602	4.483745	8.156041
3.949469	7.001972	2.495258
7.092035	7.021528	3.722226
6.817547	8.481168	3.263217
0.638872	1.850698	9.552910
5.007681	2.263993	5.284580
3.773889	2.824637	4.610053
5.800640	4.361054	3.093106
7.710361	6.027914	4.261781
5.549033	7.425334	2.546629
6.913351	5.706424	5.653703
7.025590	2.934528	3.633211
5.544697	8.815043	2.875050
1.396518	8.641661	6.101071
6.881497	6.372566	4.658665
5.460992	6.447983	7.666927
1.256539	8.264387	2.360919
4.491855	2.066012	8.723840
0.041388	4.164423	9.261176
0.517097	1.272730	6.590748
0.683290	6.013735	7.056037
2.738601	4.586790	8.025815
5.779887	8.276204	5.129470
2.073561	4.732763	7.341810
2.330011	1.233667	9.000298
7.805055	4.041666	7.273683
1.600735	1.305590	7.173411
4.083996	7.109244	5.717349
6.040125	5.627844	8.559304
6.614155	3.069009	9.443763
7.137717	3.961197	6.428629
7.102414	2.836205	8.942606
6.882286	6.333142	2.992907
2.644341	7.864495	6.474065
3.433474	4.036010	3.740163
3.975873	4.688613	3.946440
1.885805	7.915880	5.407647
5.716246	4.827701	4.242518
1.534071	8.253171	9.150302
5.019936	3.457112	4.064853
7.078060	3.691683	3.499232
5.849361	7.044946	7.253613
4.391234	6.061578	6.650620
0.738236	5.788565	3.673708
7.848140	5.614301	2.625039
1.910574	5.118450	9.061644
5.724758	1.923955	5.329307
3.363097	6.644984	9.559885
