3.908885	6.448094	4.368207
3.983646	4.822314	8.687455
3.646479	5.234150	3.698714
2.822584	4.319115	7.301458
3.894554	5.315694	9.184594
4.627604	4.283673	8.674345
2.603177	3.415276	5.583255
2.621099	4.688835	5.175314
3.416956	5.256241	4.634734
3.847877	5.442846	2.684109
4.251551	5.301690	3.353657
4.550077	4.509787	7.390342
4.206458	5.531513	3.167846
4.173580	5.420809	2.987329
2.932929	3.909520	5.265977
4.448293	6.508694	7.539198
4.294931	3.272747	7.290605
3.393249	5.664672	6.589037
4.202595	4.680120	2.934866
4.790314	4.564464	3.993808
3.453780	3.273366	7.611543
3.762148	3.961691	8.451802
4.458163	5.319641	8.761147
5.392878	5.665172	4.132436
2.842814	4.034806	4.246424
5.047193	5.904004	5.694381
4.594747	4.290376	6.528216
4.077927	6.551288	4.313616
3.695402	6.257904	6.039220
3.898218	3.822814	8.816285
4.244173	4.790789	8.540665
4.659411	4.774515	8.707224
3.384202	5.627503	7.562994
4.970617	6.926043	4.426407
3.539049	4.374091	3.263217
3.430216	4.708373	2.851219
4.140709	5.034699	8.840230
3.722087	6.226912	6.295845
4.090406	4.300331	3.466328
4.194136	5.276634	8.833231
4.211293	5.066685	3.089834
4.263676	5.342929	2.707615
4.450125	5.540228	8.532217
3.700999	5.200973	3.568962
4.019128	5.335045	9.091232
3.991048	5.818060	3.220354
3.814208	6.100350	5.384668
4.509457	4.272550	3.885393
3.445718	5.970755	4.473040
3.349038	5.962845	4.248259
4.741192	6.385313	8.544586
4.417386	6.051785	7.974585
4.819570	6.474180	5.197749
2.839273	3.785331	4.742611
3.408240	4.837957	2.946647
3.246872	3.037335	6.152778
3.484279	3.223273	6.285573
4.157966	4.931704	8.860281
3.913671	5.093195	8.853998
3.750194	4.418386	3.266012
4.059152	3.689712	8.321525
2.407608	4.138711	5.219665
3.450471	5.244149	4.727045
3.058731	4.269276	8.522764
3.545273	4.059526	3.166084
4.285798	4.940253	4.111551
4.895137	5.977330	4.627315
4.181631	4.914915	3.360980
4.354050	4.237713	8.099938
4.629510	4.274556	8.898313
3.963400	5.164598	2.896517
4.020157	4.448085	3.292647
3.788261	3.548555	6.430484
3.536447	5.009900	9.482815
4.042000	3.732560	6.182913
3.005271	5.483453	4.213355
4.067480	5.186565	3.264357
3.725760	5.404236	3.274954
4.757494	5.287452	3.733127
3.838529	6.334435	5.490889
4.232586	6.633689	4.696073
4.851705	5.289462	5.882415
3.962633	3.833298	8.243516
4.386788	4.907326	2.957177
4.698657	5.566797	4.323052
3.369669	4.895974	2.780511
4.070622	6.289667	3.669475
3.386218	4.745825	8.392555
2.790216	3.783249	5.279554
4.387538	6.636483	6.074111
4.409955	3.742631	7.323960
4.314588	5.687690	3.512235
5.349157	6.434104	4.948642
4.638972	4.628837	8.247800
4.798308	4.434846	4.190344
4.833991	6.022193	8.042690
3.851915	3.050901	5.838209
2.807629	3.945424	7.030651
3.515485	5.890009	8.513395
3.111255	4.388382	3.345959
3.255163	5.052025	9.002433
2.563886	4.421340	4.865744
3.815641	4.115601	3.469709
3.053045	3.953965	6.659298
3.700186	6.364332	6.906858
2.629331	5.043666	4.835982
3.914340	5.783855	8.677780
4.075827	5.172687	3.117465
2.939959	4.945186	4.323820
4.230604	4.791263	3.275018
4.308175	5.908689	7.405542
5.047255	6.676950	6.563375
2.774960	4.083692	3.799061
4.446424	5.924367	8.562167
3.309840	4.398064	8.146616
2.963983	5.429504	7.417673
3.892806	4.483408	8.899872
4.839193	5.386284	3.397392
3.188609	4.389579	3.473745
3.707854	4.024697	3.333985
4.506772	5.220195	9.071747
4.213150	5.017531	3.192598
2.751867	4.463648	8.086877
5.564357	6.158639	5.702980
3.493410	5.065336	3.528401
3.433555	4.979741	8.657190
3.963259	6.890931	6.887665
5.022597	5.641453	5.969384
2.916544	3.672191	6.985306
2.998544	4.541086	3.800103
3.274629	4.329865	3.197296
4.732361	6.635205	4.296414
4.071798	4.799005	3.017628
3.753858	5.730138	9.101132
2.570487	3.380274	4.845935
3.943083	5.209412	9.411557
3.757557	3.751233	6.081225
3.827408	5.350718	8.959522
4.117010	6.308180	4.730391
4.091377	3.973735	7.334939
2.631523	4.282501	6.373660
5.455341	5.939764	6.952687
3.312750	3.167758	5.510296
2.721524	3.477982	5.930670
4.109510	6.124599	3.392613
3.954552	5.220977	2.967626
3.446368	5.550512	8.150017
5.306764	6.327831	7.198025
4.094200	5.286500	8.493122
4.717990	5.256327	3.426779
5.914954	5.611343	4.404035
4.582129	6.757286	4.536593
3.462305	2.751865	6.714143
4.871440	5.796100	7.993965
5.576136	6.419934	6.135648
4.628345	5.899354	3.134246
3.863053	5.086302	9.013191
2.769916	5.212755	6.152089
2.802134	3.625847	7.813177
3.900065	5.054527	3.136150
3.491591	5.131620	3.048368
3.692886	5.664015	4.225074
3.398329	4.588552	2.801374
4.623126	6.597044	6.020921
4.130787	4.575716	8.405082
3.984554	4.825342	2.780771
3.640839	5.098386	9.082638
3.471769	3.597981	4.390281
4.085107	5.625554	8.614214
4.086327	3.093839	6.868347
4.364900	4.769427	7.872525
4.017025	5.408986	9.295924
3.423150	5.073292	8.225883
5.659941	6.128890	6.258515
3.648082	5.533047	8.401177
2.562727	3.654117	4.216210
4.431677	4.736031	3.016801
3.347748	5.337618	8.141485
2.779261	4.127533	4.868690
4.707085	6.024967	8.759509
3.466563	3.446652	8.002348
4.449901	6.352526	4.160665
4.455928	4.302945	3.159718
3.416500	4.884987	8.865447
3.604207	5.490708	3.269266
5.292152	5.353907	7.704677
4.986392	4.913642	6.628050
2.796167	4.536288	4.651437
4.149131	4.721445	9.291886
4.608345	5.312168	3.229250
5.202542	5.724588	6.898432
4.613118	6.949163	6.170740
4.010820	5.206265	3.352150
4.096424	5.210236	3.159931
5.204562	5.699161	7.752919
4.051689	5.064605	8.450619
2.830430	5.789956	7.167322
3.633980	5.095553	9.038571
4.030250	5.104698	8.951481
4.872081	5.098129	8.324450
4.692369	4.266381	8.154312
4.147827	3.797212	4.755036
3.535076	5.122234	2.749982
3.507498	4.941245	2.913955
4.393866	6.052549	8.824709
5.122363	7.090241	4.865834
4.503876	5.363989	2.693074
3.706560	4.956544	2.987242
3.734869	5.013969	3.026444
4.325730	5.793692	8.752780
4.078051	5.055309	2.758533
3.739735	6.230406	4.162171
4.911152	5.962465	3.318626
5.016259	6.084475	7.396189
3.513587	4.911875	3.241069
4.621234	6.883868	4.570451
5.037267	6.151854	4.033424
2.817604	4.433349	7.894076
5.085638	4.383536	7.955734
4.602503	4.315539	5.415251
3.452171	3.964898	3.390676
5.056455	4.718545	7.756520
3.202634	5.066749	6.426862
4.033802	4.295733	3.690369
2.896441	3.889710	3.279321
3.736906	5.585323	8.893201
4.101648	5.082850	8.833974
4.695023	4.572082	6.169530
4.458069	6.492464	4.429955
2.735084	3.673599	6.145684
3.400484	5.497666	5.736499
3.716684	3.814842	3.864043
3.635481	6.124749	6.029510
3.031252	3.622198	4.055444
5.352356	6.223004	7.520577
3.411919	5.245240	3.138219
2.903220	3.716477	5.095128
3.454356	4.161038	4.100743
3.212657	4.336533	8.080602
3.698286	4.933059	9.605968
3.919918	4.651352	3.214165
5.264088	4.444490	4.455937
3.727790	4.807203	2.908856
5.118049	5.333649	8.250584
5.055813	5.241287	5.120254
3.149024	4.174074	4.524742
4.218172	3.724865	4.633132
5.066603	4.409394	4.818144
4.004507	6.793407	6.396768
3.775433	5.354429	9.245803
4.670540	6.524721	4.566739
3.728155	5.180513	9.112118
2.861802	3.777494	5.817909
3.491946	3.636888	3.672025
4.373083	5.469119	3.498544
4.217929	5.297232	2.892403
2.913436	3.965417	2.987935
3.790797	4.822473	2.972979
4.098221	5.014628	8.722529
3.767427	3.330278	7.158357
4.152373	4.983962	9.031705
5.173176	7.163892	5.697281
4.592986	5.956984	7.371589
3.248644	3.843440	8.340969
4.962207	5.796460	3.880916
3.939443	4.669345	2.870389
3.853801	4.496382	8.621801
4.856930	5.785225	3.253229
3.715229	5.069524	9.224455
5.698650	5.799338	6.880080
3.456991	4.047211	3.330919
4.921119	7.133048	5.756125
3.057490	3.697542	4.789812
3.711203	5.080594	8.443034
3.937802	4.215239	9.164501
3.450609	5.021688	8.764915
4.328804	6.505385	4.861327
4.567717	6.400239	3.927807
4.313477	6.024871	8.595546
3.137037	4.942878	3.564537
4.521769	5.547807	3.310492
2.857795	4.496533	5.244586
3.788823	4.852739	3.226850
4.802881	4.142355	6.691964
4.244190	6.553605	4.167917
4.370671	4.092935	7.546799
4.989355	6.519658	7.401642
4.050017	5.829158	7.999961
3.435815	5.045346	8.874896
3.889906	4.767751	2.998455
4.631789	3.615557	6.659162
3.247114	4.819173	3.054873
5.101382	6.083529	4.633315
3.711057	3.409071	4.435119
3.878769	6.138105	4.172240
3.668680	5.852265	3.790561
3.462186	3.479840	3.959882
3.261841	5.860157	6.395889
3.990097	5.146732	3.267228
4.597450	6.042423	7.974687
4.839007	5.861995	8.371183
5.106409	6.657378	6.110948
3.931523	4.910162	2.760967
3.767135	4.941013	3.360828
3.956705	5.241015	8.867619
2.597965	4.661019	8.041501
2.528235	4.090782	4.505423
4.153791	4.987952	3.203314
3.383354	4.225945	3.463697
4.641080	4.602976	4.146275
3.641603	6.378896	7.583379
3.850352	4.885220	8.882587
3.717706	5.426011	3.454038
2.893147	4.201379	7.700941
3.041570	5.134190	6.512084
3.146070	4.829214	7.016299
4.514428	4.103373	5.291778
4.266762	7.406676	6.870715
3.873628	4.469609	8.979210
4.192327	4.896534	8.867190
3.221338	4.305793	7.296713
4.254630	5.064506	9.487921
2.838773	4.873715	7.621610
2.954747	3.384505	5.636705
4.164428	6.137852	3.664987
3.854045	5.046952	3.582432
3.469358	6.722087	5.399986
4.323451	4.349876	5.179959
3.930853	5.405882	3.289324
4.221255	5.643333	8.147716
3.424766	5.410431	9.223587
4.270666	3.747525	4.589643
3.345253	3.256773	4.137973
4.348423	3.552876	4.752056
3.913521	5.115893	3.037030
4.310491	4.879115	3.550475
5.558924	5.915498	6.515303
5.251190	4.952109	7.352055
3.795473	4.449006	8.886895
4.463397	4.870011	3.970933
4.453195	5.465886	9.352915
5.131670	5.353227	5.055039
5.353262	5.135830	8.324788
4.346328	6.172895	3.777666
3.259593	4.857092	5.759313
5.133872	5.551810	3.921024
5.297941	4.769096	7.380596
4.469279	6.633446	5.114391
3.285676	6.061207	7.193037
4.830781	4.352815	6.949761
4.450830	4.987113	9.385494
5.501927	6.199760	6.665916
3.929929	5.842360	7.874202
3.863963	6.256387	7.763878
2.932046	5.167124	7.803518
3.878589	5.653090	8.777446
3.504350	4.319064	8.936920
5.134852	5.570713	4.980608
4.082557	5.065839	9.436991
3.716919	4.715940	9.434830
5.139472	5.106705	6.149445
5.203143	6.603288	7.522778
4.072795	4.681707	2.844302
4.456793	6.692072	7.233279
5.162638	3.930147	4.710677
4.319021	6.230494	7.902694
4.113686	4.379229	3.600123
4.460303	4.364253	3.727834
4.377708	4.589754	9.083806
3.519414	4.863380	8.801798
3.005991	3.485397	4.840672
2.679321	3.464218	5.767033
2.877482	3.630794	6.569948
4.393145	4.737717	3.445952
4.418772	4.312132	8.175699
4.321180	4.818405	8.418596
4.885552	6.517386	8.356660
2.726125	3.035097	7.645568
3.459021	4.472707	8.324474
4.706635	5.320171	3.868117
4.486458	5.127030	8.495706
4.991946	4.877765	7.834662
4.643231	6.793368	4.916522
4.844465	6.044072	3.899447
3.877158	3.508770	4.154068
4.339830	3.603143	5.440622
3.896190	3.270139	6.602468
3.706336	4.536134	3.089916
4.205670	5.536204	3.031239
3.293180	3.866577	3.419139
3.104360	5.172412	8.142281
3.287421	4.588940	3.266355
4.914257	6.753428	6.522437
3.413647	4.391560	3.400225
5.066326	5.736833	7.650409
4.818111	7.075697	3.957110
3.107133	5.847698	7.397053
4.019969	4.746872	2.971961
5.016979	5.746595	8.320820
4.704509	6.386137	7.919943
3.353391	5.349048	7.694580
4.520534	6.842493	6.428253
4.174532	3.968009	4.027028
3.998858	4.780223	3.239263
4.124131	5.123786	3.030096
3.182274	3.594704	5.785578
2.727162	4.996642	4.588325
3.932953	6.202584	7.773167
4.196669	4.412372	8.851809
4.508406	4.604583	7.185390
4.318322	6.969231	5.786373
5.267908	6.717551	5.749001
3.580895	4.424527	8.780203
3.430145	4.700694	8.801154
4.242735	5.190838	9.522644
3.267907	3.961740	8.051448
4.052213	3.861525	8.708458
2.844518	3.520937	6.527481
2.612043	3.651529	6.965218
4.788136	6.965443	5.664542
4.206824	5.885020	3.464907
4.547868	3.979785	7.327228
3.818313	3.355863	4.178806
2.600782	3.968384	8.081016
4.058965	5.775656	6.901350
4.870039	4.977250	3.987213
4.401996	6.147773	8.373363
3.602558	3.450608	3.868235
3.759711	4.167287	3.800097
4.548212	4.586998	7.682531
4.028348	5.240291	9.071940
4.284686	3.729709	5.899293
3.947038	4.496799	3.005925
5.329873	4.509386	4.942901
4.200935	4.158607	8.680848
3.431092	5.270465	4.366791
3.627801	4.680815	3.533038
4.146441	4.228997	3.760791
4.664988	6.282391	8.294172
5.104147	6.411405	5.888063
3.520251	4.596393	8.566375
3.724217	6.056161	8.763123
4.160041	5.859093	8.973119
3.029697	3.905084	4.013832
4.748603	5.877050	3.819276
4.194874	4.559356	9.096301
2.868709	4.864182	3.978929
4.200844	3.705219	6.518534
4.076029	4.695012	9.177113
4.690252	4.694386	4.078595
2.742519	4.383879	8.378163
4.762058	5.085483	8.209912
3.418047	3.663514	8.030470
3.771812	3.663195	8.139965
2.808898	4.666506	7.135405
3.238731	5.231930	3.484268
5.253373	4.629908	6.800232
4.133362	4.947446	8.074504
2.995927	3.688618	6.033778
5.005288	6.513994	7.929112
3.813897	5.184113	8.604533
3.888634	4.740357	9.173169
5.139420	5.616942	4.492046
4.321801	5.007660	8.080806
3.853853	4.942653	9.050617
4.257529	4.429361	2.772854
4.160215	5.028891	9.039154
5.279313	4.203245	6.221712
3.871296	3.594298	6.090382
4.928088	5.162576	6.198479
4.336410	3.732104	6.033890
3.885953	6.378643	5.296503
3.033613	5.970574	6.405374
3.765240	5.433315	8.363116
3.431840	5.760121	4.671786
3.554647	4.518657	3.236573
3.415063	5.489987	4.676010
3.891190	4.985410	2.954345
4.164439	4.833092	3.392987
4.299668	5.316294	8.902807
4.393805	4.966138	3.044325
4.216879	4.391480	3.140310
3.309801	4.224677	8.084255
3.026974	4.969322	8.878189
3.928019	4.685797	7.970007
3.892122	3.920890	8.298618
3.972482	5.347472	9.182961
3.305103	3.315301	6.570234
3.497871	4.268674	8.275951
3.454300	3.603536	7.226366
3.803963	4.409814	3.880753
3.793877	3.557085	7.947710
3.084977	3.954710	4.046774
3.790998	4.645158	3.335442
2.852516	4.543696	6.294816
5.015482	4.784441	4.273261
3.561866	5.315373	3.597357
2.716080	4.981955	6.117738
4.220308	5.048540	3.079302
4.574705	6.843764	5.829888
2.546137	6.023113	2.819955
5.006388	7.237486	3.286635
0.815158	2.794965	3.476463
2.342085	6.808392	5.565833
3.522256	6.315289	6.998210
6.842367	1.171113	5.271470
5.969218	4.438694	4.375333
0.255393	5.098665	9.392764
4.789981	8.874813	3.902658
7.300016	8.185072	6.623118
4.310102	5.707417	6.864368
2.220466	2.712000	2.585887
0.316919	1.782522	4.153660
1.456360	5.391930	8.477132
1.089500	8.647024	5.528452
2.384015	5.940476	9.589236
7.017237	5.237100	3.530960
3.077908	6.967303	6.687018
6.622173	3.181101	2.401795
7.100893	8.370418	4.087912
2.921577	6.627540	4.692700
0.246203	4.287968	7.479221
5.564557	4.012963	3.392897
7.529048	5.566101	9.473991
3.518909	5.274634	4.413593
1.169757	6.936945	7.212102
0.164804	1.068821	5.269318
3.985651	5.567061	8.500802
1.394433	6.287597	5.066275
2.726743	7.535479	4.665450
4.734914	5.672600	9.512829
6.046483	2.591274	9.504490
3.726568	8.068825	4.975632
4.310471	1.872830	5.599878
1.814938	5.030942	2.441576
2.552187	7.926884	7.859276
6.031868	8.719196	2.052339
0.948135	2.411174	7.341767
6.928614	6.603997	4.810238
5.959128	5.784355	8.357639
0.988978	2.682403	3.676139
4.215372	8.074695	5.744096
3.866317	8.482312	7.232172
0.437585	8.295400	2.119381
4.476455	3.747724	2.808430
1.760356	1.569722	8.903316
3.453341	3.081317	6.338490
1.412789	8.199141	6.332248
5.068714	5.739831	3.258181
0.721828	4.895883	7.579110
