4.986753	6.439467	4.317426
3.787569	3.029714	6.620695
3.632934	5.256881	3.788271
3.756483	4.771998	3.281837
2.992875	5.750716	4.714683
3.769899	4.649906	8.987365
4.114748	5.724378	8.680325
5.260485	6.340314	5.943714
3.959942	6.860266	5.653025
3.320531	5.081598	5.055477
4.191770	4.071342	4.605411
4.596659	3.795200	6.068820
3.969327	5.594021	8.877359
3.264877	4.534778	8.499783
3.033709	5.129432	6.015901
4.859624	4.929842	3.993973
3.929761	5.887240	3.779398
4.139083	5.351770	3.238230
4.376322	6.179425	4.214146
5.280324	6.254476	7.866936
4.988100	5.328957	7.301965
3.455356	5.556951	4.311423
4.572811	5.460621	3.533925
3.810923	5.308070	8.951094
4.427036	3.421955	6.538221
2.832457	4.855760	4.330296
3.476456	5.064714	9.070386
4.158236	4.821283	9.113789
4.134585	5.037555	2.923962
4.840322	6.008961	8.138520
3.725771	4.097328	8.882891
3.366508	3.736173	3.651274
4.660875	3.929630	5.789120
4.053901	4.313163	3.629869
3.345669	4.499568	9.124530
3.961331	5.390523	3.236265
3.567969	4.519304	3.019957
3.072017	3.872695	6.790648
3.025438	4.740208	6.450381
4.180533	5.907847	8.568376
3.955148	5.118746	3.100592
3.924481	4.783866	3.199546
4.293088	3.937895	7.798912
4.624493	6.094021	4.100102
3.901481	6.470315	7.521933
3.511587	6.101398	5.580852
5.214732	5.184844	6.445441
4.565518	4.691788	4.424993
4.593643	3.734950	5.432495
2.939026	4.413162	8.844062
2.557927	3.050341	7.530051
5.032188	5.072089	3.109356
4.013160	5.661559	8.353402
3.227048	5.501963	3.704412
4.426900	5.399158	2.926447
3.612665	4.965425	2.659523
4.259559	5.055594	8.738970
4.657788	6.253292	3.784396
4.547123	6.042592	8.145493
3.032032	5.167088	5.845235
3.959671	3.033559	5.996919
4.344026	5.476239	3.473712
3.666648	4.712916	3.505511
3.508358	5.012823	8.528661
4.057498	3.375721	5.036195
4.433688	5.125067	8.689102
3.476190	6.265997	5.205575
4.924909	6.615099	6.985254
4.923541	3.758066	5.737538
3.734273	4.985298	2.871555
3.307260	3.677258	4.338419
3.940291	5.144893	3.094856
4.424958	5.864059	2.823772
3.575265	5.965845	6.676125
3.106263	4.459628	8.798800
5.133920	6.095788	6.888570
4.295316	3.957596	3.801145
3.706719	6.581726	5.175334
3.106109	4.590291	8.588892
3.942719	6.381865	7.069798
3.382152	4.999789	8.524894
2.685005	4.230790	4.055894
3.227374	4.299083	4.614649
2.767234	3.892718	6.617187
4.111113	5.228107	8.472808
4.607791	3.974331	5.848938
3.964158	3.077048	6.496872
3.540709	3.982479	8.081417
3.321484	4.957759	7.086951
4.449124	5.506780	3.510598
2.781802	3.799942	7.535380
3.792537	4.703185	3.447170
2.723079	4.169265	7.831798
5.300048	5.445905	6.009404
3.866230	5.087776	2.644901
5.322746	6.574680	3.799130
3.849857	6.423969	8.191967
3.795324	5.427977	8.180214
3.633613	4.614336	3.234501
3.008608	4.922620	4.667013
3.075069	4.946595	3.555391
4.189954	5.582018	3.163019
3.995062	5.398359	3.261987
4.000770	3.914280	4.719990
2.880931	5.155045	7.066949
4.443822	4.276490	6.383672
4.427857	4.002082	4.929030
3.230582	3.667270	4.748224
5.185867	4.274892	5.936334
5.019461	5.584577	7.305852
4.313470	5.020791	8.724346
4.043157	6.306284	7.059234
3.718402	5.024639	2.666228
4.815746	5.507254	7.826935
4.364027	4.020480	8.023976
3.821255	4.952065	8.794148
3.507104	4.008250	3.722869
4.355023	4.151783	4.639272
5.151913	6.773243	5.083316
2.939264	4.485051	7.949957
3.608105	4.801850	3.140388
4.540329	6.633702	4.142545
4.697975	6.258388	3.827825
3.982993	5.282137	2.960467
3.335107	5.444196	8.658466
3.967818	5.075246	8.562785
3.771248	4.888247	8.919951
4.628846	6.279625	4.241020
3.427731	4.966831	8.443668
4.599575	4.964622	8.589997
3.956826	4.567672	8.618884
3.458158	4.415506	8.433437
3.686832	4.107037	8.549514
4.257707	7.130612	4.794498
4.142344	6.325947	6.823552
2.900403	3.981661	5.073951
5.160476	5.302059	7.142845
3.770838	6.113981	3.353812
3.260596	5.227062	7.582290
3.775178	4.085947	3.382098
3.948068	3.737190	8.092348
4.069993	4.638134	2.628411
2.587978	3.430599	5.641980
3.902834	4.723520	3.021022
2.872052	3.673794	4.642834
4.116873	6.499853	6.775146
3.172777	5.658736	5.554994
4.904028	6.186083	4.245605
3.154060	5.433616	7.033238
3.856776	6.091885	3.914847
2.639963	4.842002	5.461368
3.548396	3.772096	4.061904
4.377445	4.905651	3.092819
4.471878	5.028852	2.951021
3.711054	3.663194	7.266316
4.473560	6.461061	7.384041
3.916699	6.209033	4.678652
2.585129	4.003688	5.893873
3.429387	5.847056	6.849257
4.159780	5.749647	2.990213
3.403944	3.204976	4.768816
3.776787	6.476079	4.508958
3.649730	4.961084	3.740942
4.064531	4.521305	3.979564
5.247006	5.273258	8.387143
4.796505	4.582943	6.978958
3.392974	5.433366	8.418215
3.863295	5.274550	3.110461
4.001754	7.094743	3.946680
3.217149	4.095040	4.768418
3.231898	2.788195	7.082124
5.322044	5.837423	5.052438
4.405777	4.783214	8.988936
4.169976	4.194163	5.975086
3.433428	4.715693	7.625989
3.057489	4.868900	4.182678
4.519995	4.271173	8.057946
4.424640	4.991924	2.654695
4.372357	6.248315	3.655742
3.787836	4.959277	8.740688
3.732184	4.657834	3.448562
3.655699	4.871132	9.078542
2.673673	3.633982	6.572300
5.265265	6.600031	5.511183
3.553636	4.913759	2.816453
3.925497	5.086671	8.899151
3.579234	4.715389	2.977832
3.032846	3.296207	4.959377
5.110923	5.032983	8.320897
3.631943	4.633814	8.991789
4.392415	5.322103	3.160895
4.420834	5.646372	3.849755
3.972032	4.963394	8.894436
3.017415	3.985696	5.140604
3.965214	4.724775	8.514170
3.581443	5.156051	3.380677
3.828809	4.608124	2.940340
4.023417	4.751742	8.806945
3.842239	4.998491	2.891189
3.055811	4.503639	3.719598
4.326392	4.999235	9.165064
3.961649	5.179814	9.380373
3.726249	5.867143	8.588995
3.378722	4.483958	8.910729
3.331429	3.624513	4.157496
5.311594	6.703480	6.344728
5.112889	6.026169	7.410971
3.177156	3.505264	4.781383
3.333015	5.564626	7.210571
3.749581	3.725211	8.408697
5.215832	5.973387	7.876871
5.465461	6.419500	6.441720
4.287963	5.448835	3.060434
3.478366	4.962418	3.007103
2.417493	4.318278	7.320004
4.059024	5.151290	3.121695
5.055891	5.483565	7.783704
3.549420	5.711076	2.918747
4.405564	5.165390	3.319093
4.883189	6.110553	4.947245
4.920909	6.950516	5.211858
3.643177	6.683365	5.316327
4.129775	5.061528	2.835074
4.796767	4.642646	7.083432
4.692769	6.600228	6.131193
4.577863	4.704239	8.929048
4.363355	5.585502	8.856122
5.279304	5.202359	5.515574
4.691477	3.733082	6.448858
4.363994	4.179851	3.137362
3.220656	5.083872	8.473260
3.201895	3.422085	5.814161
3.159182	3.482096	8.147236
3.819179	5.370291	8.696010
3.996891	6.659000	5.135291
5.273865	5.925055	7.253911
4.688470	4.341314	5.015143
2.514208	4.409144	5.722922
4.060410	4.272600	3.582642
4.028353	6.259800	7.263293
3.182032	3.922051	8.253158
3.952965	5.158221	8.636182
2.809493	3.700760	7.062119
4.883013	5.613142	6.019954
4.639581	6.081427	6.703997
3.655122	3.999766	8.647295
4.078527	5.163188	3.344576
3.651810	3.497516	8.454733
3.740291	3.838219	3.742192
2.862028	4.748906	3.864000
4.259937	4.893117	9.014432
4.693726	6.308901	6.596424
2.860050	3.368454	5.958446
4.503267	6.895304	4.859592
4.032938	6.590872	7.078347
2.572062	3.485163	4.269143
2.993481	3.810410	4.852580
4.085439	4.726819	9.226122
4.666216	5.413573	2.858162
3.530251	4.553554	3.168788
4.489181	6.201456	7.451746
3.544291	5.063024	8.987040
5.415206	5.948767	6.437582
3.688869	4.159265	3.664716
3.247928	4.457015	3.346078
3.627015	4.414850	2.982434
3.368059	5.340408	8.849600
4.330552	5.095759	8.684592
4.326907	5.059534	9.231985
2.728557	3.352521	5.568982
4.481070	4.859571	8.854580
4.208062	5.675066	8.509771
3.022833	5.997830	5.407118
5.035792	6.236700	4.864391
3.567415	4.528047	3.157725
3.824846	4.368923	3.630115
3.823666	4.781238	8.952948
4.350477	4.627079	2.848228
4.187728	5.472163	3.069231
3.747370	5.515195	8.343362
5.118420	4.206801	5.194550
4.989141	5.012920	4.663854
3.972144	5.385213	2.907371
2.806790	4.820819	4.876635
4.541953	5.456272	2.936197
4.842709	6.222336	6.954329
4.412822	6.394626	6.798405
3.009119	3.233712	5.351526
3.960068	4.058680	4.420429
5.194738	5.741308	7.895665
4.730036	5.591384	4.335834
3.781986	4.044026	5.528366
4.126244	3.520494	8.820719
3.326065	4.461382	8.701969
5.251897	6.351832	7.585284
3.375580	3.231898	4.267318
3.898877	5.429951	3.286761
2.713474	4.293083	7.893766
2.272533	3.674245	6.399120
3.974177	4.145793	3.101279
5.202536	6.770921	5.337058
2.621564	3.551396	6.394294
3.768507	4.296089	9.092244
4.101806	5.631601	8.139382
5.294369	6.384682	5.801659
3.916124	5.320984	3.146617
4.669584	5.308838	8.873006
5.108629	4.981215	5.539510
3.631964	4.854345	2.803455
3.661061	5.263693	8.995415
4.225690	6.003735	9.456342
5.343644	5.310942	5.212679
3.793681	3.844132	3.315306
3.799771	4.765090	3.259085
4.919210	4.450308	7.168724
4.112439	4.881120	8.774799
4.002183	5.532012	9.406483
3.532933	2.969827	6.023154
5.433125	6.303903	4.814613
2.818663	3.775841	7.341895
4.576484	6.698472	3.951949
4.670449	6.131402	7.624482
5.113511	6.492411	7.469583
4.629744	4.377995	8.542821
5.016320	4.495309	4.310038
3.563638	4.410088	4.058807
2.784621	4.642489	6.508314
3.612114	5.396592	4.025715
3.085949	3.685200	5.279516
3.591202	5.411347	4.232129
3.560904	5.492049	3.723285
4.462315	5.347226	2.837845
3.403726	4.071975	3.128258
3.748924	3.656393	7.556130
3.015886	4.860468	5.965332
3.476872	5.163488	4.293214
4.287067	4.973835	9.052142
4.642027	6.808722	4.828827
3.760666	4.482964	3.364542
3.907575	4.613483	8.470618
3.441983	4.735706	3.186770
4.425243	6.692531	5.981227
4.268427	6.585411	4.865492
4.308891	4.333498	2.949312
4.615417	4.913182	8.738105
4.085808	6.267503	6.107594
3.486313	3.709006	8.090905
3.218047	3.212618	5.556178
4.418141	4.940377	3.098637
4.138182	5.160554	2.769813
3.615392	4.761343	7.791158
3.166043	4.859849	7.611509
4.599185	6.520947	8.144820
4.162453	5.197431	9.024982
3.340801	3.347885	6.092181
4.572529	4.523921	3.026551
4.914532	5.041891	3.608910
3.196513	4.158638	4.235019
4.430376	3.634464	5.503624
4.641594	5.628515	3.785408
3.859816	6.203154	3.182917
3.925962	4.326169	8.776232
4.753582	6.143024	7.918368
4.478473	4.782173	8.090550
2.797212	3.152152	6.701269
4.783657	6.392307	4.299242
3.431592	5.548541	8.112198
4.657390	6.010907	3.863885
3.943733	5.129794	3.349650
3.842296	5.129952	9.013640
4.226712	4.715090	8.837158
3.340122	3.313586	7.542747
4.516299	4.650910	8.361272
3.919465	4.663094	3.304989
4.696802	6.324970	8.351978
4.970430	5.064449	6.018385
3.672333	3.331438	4.679857
3.523105	4.224975	4.057153
4.075110	4.945078	9.280817
5.053860	4.989528	7.850786
5.089775	5.742692	4.276316
4.750961	5.680006	8.396875
3.650995	4.917951	8.294125
3.693674	6.102528	5.590926
5.083438	5.032268	4.919523
4.370759	3.637604	7.195929
4.686552	6.960216	7.902626
5.352456	6.150817	4.633008
3.834069	6.528278	5.099752
4.521964	6.053667	8.433094
3.594335	3.984945	3.845345
3.805991	6.041453	7.912173
3.456106	4.972107	8.283510
3.463158	5.230420	4.510628
4.405983	5.115579	3.463479
4.748298	5.649338	8.542917
3.386894	4.133213	3.482506
3.812005	5.111730	8.878608
3.380693	4.210655	3.460250
4.169303	4.668514	3.866086
4.903627	5.297307	3.285876
2.571831	4.392820	5.358823
4.312773	4.258918	8.728448
3.011892	5.245017	5.070391
3.373997	5.795457	4.988368
4.811683	4.681524	6.399041
4.500967	4.694141	9.422345
3.849512	3.754661	7.650072
3.719375	4.738305	4.023383
3.595988	5.023331	3.407941
4.066087	3.895685	7.604625
3.591155	5.180604	8.572169
3.242668	3.594144	3.825922
3.750797	4.772301	2.948172
4.485279	6.050026	8.598682
3.367487	3.511862	7.013683
5.123629	5.799564	7.089316
4.256473	5.318613	3.277953
3.902525	5.274974	3.514257
4.894997	4.830317	3.744656
4.104272	4.703739	8.878563
4.756268	5.301299	8.799793
4.330655	5.773678	8.055347
4.465817	5.050694	2.652684
3.953659	3.469409	7.940170
5.157453	4.753677	5.856192
4.842454	5.856427	8.895613
3.756170	5.152336	3.283288
4.031273	5.415349	9.461903
4.422228	4.444144	3.542292
4.127939	5.087013	2.771266
3.401296	4.558527	8.056334
4.238973	6.688218	5.567164
3.879200	3.275707	7.028335
4.026157	5.067696	3.794746
3.868372	4.613395	9.136285
4.950675	5.805451	5.231204
3.793066	4.423265	8.653024
4.895880	4.237411	3.959388
3.541523	5.671650	7.520858
3.614789	4.764230	3.213587
4.524027	4.285878	8.287168
2.797280	5.278379	4.544153
3.884657	5.064478	2.897062
4.012610	4.814401	2.703231
4.963493	6.307297	8.249482
4.634494	4.750307	8.585641
3.056965	3.599054	7.502488
3.703993	6.278807	7.542523
4.257631	6.324049	3.781638
3.472432	5.032038	7.906159
5.554023	6.102479	6.392429
2.950848	4.503854	8.721787
4.980873	5.015942	4.916804
4.464992	4.452308	2.948286
4.844579	5.757956	7.930828
3.609116	5.990359	6.270181
2.396797	4.204384	5.693504
3.520959	5.775061	7.795521
3.249520	4.515708	7.397074
4.197555	5.367487	9.006775
4.858691	6.170654	8.270939
3.521228	3.319796	7.653971
3.607970	4.471032	2.918062
4.234871	4.882443	8.929245
2.845242	3.360050	5.660078
4.699772	5.123384	3.083491
3.782624	6.527413	6.284653
4.005053	4.245024	3.057667
4.744408	5.727082	8.225837
3.634605	5.090447	6.509513
3.271172	3.709293	3.278356
4.578473	6.061912	8.575090
2.763923	3.993241	3.573791
4.162953	5.371817	8.834698
3.995992	5.027260	2.888078
4.778423	5.316623	7.397713
3.326623	4.321403	8.136089
4.831726	5.167594	3.662766
4.722255	5.441343	4.905503
4.286681	4.965202	3.457521
5.103491	5.835533	3.541097
3.150455	4.871645	8.302718
4.255740	4.165649	7.364680
4.723320	4.799230	7.800247
4.370413	3.739394	8.034980
4.760529	4.892076	8.848916
3.926883	3.822210	5.667341
5.686915	6.013923	5.439862
4.715331	5.791391	2.931681
5.212372	5.402333	5.134234
4.284906	5.083282	2.869226
4.684677	6.868228	5.176580
3.531941	4.973995	8.469728
4.339508	5.323257	8.366218
3.891218	4.198582	8.378182
4.566334	4.996662	3.788927
4.948950	6.582080	5.137289
4.229007	5.122785	8.499372
4.578165	5.564036	3.789226
6.681999	6.302610	9.380443
3.705967	3.509179	7.763850
7.040789	4.558829	9.331932
5.394974	7.145353	3.360558
0.609466	4.916599	4.561926
5.527473	4.322268	2.123139
5.053829	4.286030	9.231019
5.184044	6.134168	8.920514
3.498016	2.169931	6.372484
7.018926	5.277708	9.174636
2.376464	4.855895	5.552637
6.497400	5.661121	2.021340
1.642467	4.181183	8.374603
2.144938	4.860249	2.189751
2.532327	5.969450	2.114731
2.496151	1.442173	3.453464
0.225415	3.918837	6.560794
5.989223	3.400455	5.047519
2.524025	7.400522	6.403852
7.388486	7.775540	5.506978
4.639852	5.875141	7.054914
4.299070	6.481267	5.716102
7.640021	4.701244	9.580907
5.841503	5.136769	6.382591
7.498417	8.510921	5.536925
5.866911	7.710829	8.525469
3.827730	3.795843	7.788040
3.249648	7.450898	7.425371
3.794083	4.418753	5.431511
7.204653	4.965721	3.909170
7.772262	4.620165	8.562426
5.018188	2.113685	6.633713
3.960911	4.276389	7.571003
2.904144	4.031263	7.314912
1.663580	7.733241	2.457989
7.696455	5.213735	6.181943
6.237288	3.114975	4.717970
1.358108	2.504724	6.686599
2.261162	1.593312	2.703325
7.613546	6.371399	8.158610
6.155331	5.961637	5.025217
0.234182	4.081723	7.384567
0.774063	3.784077	6.833686
1.231826	4.709077	8.679709
2.275160	8.512164	9.130238
5.785146	3.522102	5.743722
1.872168	6.795760	2.737525
1.838217	6.322914	6.392694
1.672708	8.245417	5.255900
6.480935	8.064665	6.974608
6.053094	1.129197	5.331263
2.702045	1.889918	5.790161
1.033092	4.497357	8.226163
5.422036	4.204990	6.391052
2.415606	1.967052	6.051592
0.871857	7.095011	8.401674
6.009417	4.790819	8.897069
1.255904	8.940976	3.718831
7.332013	6.093269	7.127982
2.309820	5.195072	5.071238
2.270152	8.839497	6.492346
6.101851	4.099234	7.450592
4.554197	3.640406	6.898130
5.859542	1.267936	8.377557
1.332499	4.759130	5.054494
6.397941	5.713809	8.390370
7.544226	3.144884	8.814338
6.674554	2.241862	6.327221
1.551264	8.130562	5.474547
1.997433	2.839583	5.441982
7.954367	4.321509	5.491562
0.855819	3.217213	3.804117
1.175407	3.557723	9.641877
6.951848	5.906001	7.686398
7.720451	3.999126	3.191333
