5.769232	5.345808	8.114960
4.190103	5.225172	3.139831
5.386092	5.950468	6.947435
3.655070	5.129393	8.770511
4.908218	5.994646	7.828011
3.481279	3.983419	3.786635
3.076532	5.365253	7.002598
3.662414	3.313927	6.123086
4.228559	4.165355	4.905416
3.298080	4.327537	3.544116
4.358743	4.425516	4.720711
4.464365	4.936861	2.812061
4.155892	5.800105	8.774375
2.939476	3.922991	4.387165
2.648619	4.375699	6.960161
4.805917	6.039506	3.418396
4.258747	5.943747	3.639605
4.174469	4.213410	4.415497
4.235762	5.048715	3.347623
4.031149	5.780630	3.279793
5.380389	5.318789	5.387799
4.335251	5.302129	2.645992
3.760785	5.581454	8.560438
4.080105	6.688808	6.528467
3.427812	5.116092	8.703913
4.519811	4.919408	8.766901
2.921836	5.309728	8.004579
3.390221	3.894742	3.409349
4.376658	5.090986	8.795260
2.760837	5.387215	5.718953
4.262915	5.353940	8.805832
3.865122	5.625903	3.088445
3.791502	6.109513	8.495270
4.216946	5.896060	3.356894
4.384112	5.032756	2.862064
3.684982	3.655927	5.778353
3.858886	6.516138	5.653258
2.506205	3.924946	6.066766
3.531358	5.478751	7.675036
5.133961	6.165369	5.831243
4.161986	5.144180	2.801731
3.759495	5.238348	3.031979
3.769226	5.728993	3.102194
3.467816	3.330101	5.331263
4.216504	4.795989	2.884155
4.224992	5.824695	9.196240
3.212129	2.996041	6.543271
4.283492	5.102128	3.280754
3.716693	4.589829	9.129568
5.167868	5.445247	3.923420
3.854412	6.628535	4.514415
4.075895	4.692256	2.737496
4.138057	5.345274	9.124147
3.918746	5.039546	8.847238
4.337702	5.123233	8.538456
3.697942	5.165640	3.251991
4.303723	5.426577	3.003779
2.774135	3.538678	7.228424
2.991514	4.884406	3.257358
4.976343	6.970224	6.941909
4.864714	4.393076	3.832291
3.451425	4.959700	3.462427
4.885358	6.665130	5.825758
3.809822	5.064390	8.972722
3.448671	3.837296	8.482397
4.946281	5.706406	7.223870
5.084798	4.940622	6.388724
3.321965	5.410168	4.213714
4.778300	6.685192	5.374109
3.145238	3.615846	8.178241
4.450934	4.481541	3.069145
4.014681	5.227487	8.004122
4.125755	5.010899	3.403584
4.528892	5.777343	9.197613
4.020352	6.337109	3.797073
4.218491	4.801758	2.930843
3.449234	5.141356	9.124650
3.779480	4.715115	3.188233
4.783812	6.915151	5.781075
3.957934	4.291293	8.801510
3.380149	6.175405	5.810476
3.977565	4.768525	2.542004
3.462232	3.540508	4.141568
4.288631	6.276352	5.544202
2.989312	5.236212	5.283112
3.107352	4.697833	3.864723
3.254437	6.654558	5.009636
3.272624	3.440316	3.881714
3.843101	5.903273	8.410354
4.194867	4.981349	8.535564
4.898777	5.361620	8.308477
3.783408	5.142925	3.556861
3.704618	3.821041	8.266510
4.225788	4.757405	3.229269
3.481648	5.262775	8.432427
4.732399	6.625531	4.721970
4.115448	5.083356	8.882357
4.845624	4.417757	4.754240
4.405049	5.826241	9.124459
4.772079	4.835347	4.054004
4.284194	4.614142	4.088261
5.569502	6.190595	4.559041
3.457888	4.582059	9.033446
4.533944	5.147723	8.775015
4.059311	6.517766	4.416349
4.749642	5.574472	3.112062
3.064062	3.264428	7.758744
4.619115	5.795907	8.789337
5.451079	5.096754	4.727865
4.378764	3.901102	7.862535
2.617884	4.145059	7.152985
4.708980	3.916460	5.706934
3.657797	5.403371	9.148792
4.299122	5.147644	8.648916
5.016397	5.307895	7.089288
4.372398	3.589262	5.954680
3.736656	5.699425	3.765579
2.938638	3.365631	4.967717
2.831919	4.464979	6.344015
4.322258	4.481673	8.227746
4.104722	5.783925	7.118221
4.778313	6.366192	4.789525
2.961965	5.532784	4.313616
3.210622	4.221676	3.264590
3.975326	5.463037	8.929563
4.970923	6.494722	6.281404
3.041494	4.629539	6.541536
4.202359	6.666058	5.954133
3.494383	4.737079	3.165023
4.177484	4.475357	3.600346
3.560130	6.002750	4.980793
4.315438	5.772467	3.211830
4.319533	4.289062	7.486511
3.430348	3.792397	8.110184
4.871027	5.740483	4.257137
3.250394	3.627341	4.786539
3.712435	4.841813	8.919998
2.694006	4.484799	7.067862
4.031075	5.112651	8.707238
4.020622	4.839649	8.974284
4.942207	5.221050	4.671498
5.244476	4.554196	6.971538
3.666052	5.140213	9.095888
3.961178	4.644499	2.473192
4.371476	5.983795	3.559722
4.833550	6.366854	7.113728
3.448341	4.431410	8.438663
2.656458	4.342537	8.290136
3.092082	3.878634	6.938054
4.308894	4.721675	8.763714
3.336455	2.898671	5.637568
4.337257	6.749416	6.506611
4.790030	5.669522	3.849451
3.819013	3.573154	5.671490
3.540888	4.510014	3.204519
3.458438	4.829466	2.931062
4.215150	5.652669	3.686619
5.048321	6.154338	7.406437
4.766763	5.328420	8.936773
3.205888	3.471889	7.340562
2.905480	5.518339	7.899440
4.014247	4.490681	2.977622
4.152836	4.896030	8.671185
3.085962	5.617423	3.581044
4.651850	6.027079	4.944731
5.153334	6.317875	6.778812
3.539565	5.154936	8.644640
4.586079	6.594479	3.859710
4.007706	5.134755	8.883884
4.900860	5.416253	7.525590
4.699790	5.901404	3.055395
3.895186	5.335618	3.147907
3.058964	5.318269	6.061510
3.975525	4.068772	8.473033
2.620202	3.153953	6.284263
4.435814	5.347658	8.507062
4.055268	6.426353	4.101171
4.364074	5.731489	8.888261
4.556077	4.287586	8.644584
4.074449	5.541667	8.961516
4.067588	4.976493	8.727221
4.811101	6.716256	6.133268
2.985991	5.176237	5.781585
4.401018	6.475053	7.708913
4.234177	4.636926	7.591718
4.358203	6.495794	3.952500
3.670044	4.853548	3.347832
3.420766	4.487608	3.561878
4.276115	4.627138	2.678986
2.909006	4.250617	3.696303
3.247388	3.723466	7.348175
2.952871	4.733567	4.653721
3.617924	4.848862	3.149952
4.736090	4.585747	5.102091
4.146836	5.151806	9.252667
3.535261	6.368925	6.240457
5.069342	6.241330	3.853287
3.258863	3.297959	5.273826
4.789188	6.550582	4.915415
3.938076	5.502202	2.953547
5.388382	5.877603	4.592705
4.239675	5.837402	3.651471
4.233218	5.323064	3.122153
3.786834	3.507767	3.995359
3.491030	4.489083	8.793019
4.617983	4.957782	3.153043
4.185665	4.836304	3.494086
3.489040	4.282064	2.850009
3.612911	4.168893	4.077542
5.152645	4.926143	7.662032
4.275427	4.807964	8.702673
4.898793	5.127249	3.716912
4.495790	5.878866	8.576639
4.251008	6.749093	5.975220
4.805035	5.752986	7.835073
4.742117	6.415547	7.745196
4.076101	3.361917	5.145908
4.033928	4.299642	3.065307
2.417135	3.977899	6.523611
5.448772	5.806069	4.494779
2.776425	4.583452	4.289332
4.209915	3.991401	6.646946
4.051956	4.617090	8.831212
4.827801	7.046704	5.561538
4.171271	6.065656	6.971177
4.475245	4.001813	4.803861
5.335467	5.030227	6.222719
3.019458	3.343144	5.743338
4.338246	6.424650	6.805141
4.200399	3.871062	4.228683
3.318171	3.855414	7.391233
4.844898	5.673797	3.730539
3.072183	4.185834	8.862115
4.202356	6.376441	5.788513
3.234290	5.574071	4.315077
3.628555	5.047846	3.793833
2.860865	3.124982	5.571122
4.449016	4.548443	3.752130
4.141681	6.169182	7.423779
4.112422	4.479499	9.061160
4.325602	3.999291	4.556240
3.638264	6.448251	5.655128
4.410099	4.900243	2.980239
5.461856	4.479507	6.749553
4.560376	4.557543	5.844106
3.193552	3.612897	4.122711
4.612076	5.311948	4.719363
3.392737	4.998818	8.723368
4.253218	4.145084	7.421520
3.918191	4.275769	8.673627
3.553947	4.458525	2.723605
4.039489	4.521046	8.869347
3.679596	4.130063	8.674203
4.219235	5.347459	3.191369
4.910456	5.404770	3.757496
2.687480	4.780219	7.476127
4.229436	5.767979	2.856610
3.828121	5.428067	3.119571
4.949167	5.510740	4.452019
4.503259	6.412050	4.201613
3.122130	4.944100	4.578581
4.559859	5.323978	3.935116
4.886002	5.147189	8.479101
3.096301	5.812232	3.949386
4.212821	4.999054	3.237879
3.941381	4.227645	8.296527
4.944838	6.176525	3.546966
4.077681	5.906752	2.873912
4.046004	5.165967	8.606091
4.413571	5.131393	7.821839
3.936503	5.156174	2.688984
5.170703	5.888257	5.491897
2.915486	4.859840	7.273986
3.730642	6.581592	6.056489
3.754499	5.147272	8.869767
4.003254	4.941548	8.968407
4.706775	6.650467	4.394638
4.962302	4.345066	7.435126
3.668525	4.647466	8.999823
4.558528	4.530679	3.835721
4.009745	4.174894	8.440914
4.198113	6.482403	7.948942
4.047336	4.670016	3.354882
4.040493	3.969029	7.221407
4.414452	5.534202	8.824777
4.099575	4.090589	2.863243
4.548739	6.590228	6.965933
2.742766	4.485819	4.127816
5.268319	6.583264	7.117320
4.099497	5.298747	3.279862
3.485186	4.548633	3.277767
3.837667	3.852355	3.701725
3.565430	4.271890	4.008418
3.527874	4.496798	9.187909
3.840009	3.807758	5.055337
3.924105	3.282286	4.274717
3.516309	4.040365	8.383376
3.783440	4.990841	2.836803
3.983859	3.214415	6.953015
3.237971	3.282226	4.774793
3.421225	5.045143	3.358155
3.364165	5.096368	4.683954
4.624378	4.807605	8.175946
4.532719	6.374757	7.999134
4.010292	5.716572	3.101103
4.549363	5.023020	8.533865
4.991403	5.858737	5.288737
4.936058	6.382499	4.084878
3.243147	3.512417	4.776796
3.118672	5.236986	5.280167
2.737109	4.316205	5.923058
3.803288	4.648454	3.069030
2.822272	3.993250	4.697324
3.356968	5.192113	6.001039
2.271835	4.220645	6.372097
2.787865	3.696876	5.930743
2.920612	4.557037	7.262829
2.642364	3.789431	6.549021
3.709264	4.550940	8.393186
3.663134	4.483892	9.062989
5.225747	5.118936	4.726729
4.026552	5.344386	8.472506
3.923823	5.956308	4.330410
4.129989	5.367883	9.331854
3.835437	4.982654	9.016373
3.715595	4.781804	2.788861
4.030423	4.596592	2.938547
3.138997	4.936102	4.195894
5.288468	6.853299	6.525324
2.643158	4.626846	5.086707
3.777336	4.912699	2.979021
4.504989	5.470519	3.195757
4.118731	4.336662	8.516548
4.458050	4.268774	7.041481
3.767328	4.640583	9.179085
4.524496	6.364982	8.141967
3.192785	3.425683	5.590177
3.612103	3.694403	5.823585
4.354475	6.804415	6.993925
2.476002	3.228077	7.877837
5.847717	6.236589	6.312726
4.810224	4.358809	5.961203
4.724432	5.515233	8.252265
4.273151	4.379088	3.174075
4.441012	4.937137	3.205549
4.358898	4.901799	8.740089
4.079545	3.979737	8.278932
4.312833	5.910875	3.653017
3.445374	5.476506	7.323245
3.608266	5.109807	3.410162
3.873045	4.309954	8.434178
3.418799	6.456612	6.563879
3.369309	4.585919	3.434855
2.693944	3.779536	6.450265
3.647725	3.333777	6.461514
3.297403	4.309734	7.886022
4.408504	3.583281	6.499211
4.194135	6.035381	7.875922
4.404653	4.031997	7.653794
3.509281	4.311706	2.949973
4.810462	5.580885	8.252525
2.895187	3.704982	7.472854
4.566516	5.304116	3.514670
3.143012	5.547693	6.753198
3.721720	4.880295	2.668418
3.135907	5.808705	6.026327
2.406992	4.766784	4.778040
3.394972	3.985585	3.616026
2.844035	4.692408	3.209571
4.074280	4.680990	9.134964
3.891690	6.467593	5.065310
4.419516	6.456814	3.821269
2.856848	4.443262	5.525546
3.154548	4.102019	3.844216
3.184289	4.952259	8.986075
4.522478	5.087685	8.576483
4.022108	5.226230	8.912835
4.233823	5.636721	9.205466
5.402834	5.645345	5.480336
4.850510	5.256147	4.030764
4.956318	4.565816	8.710944
2.909033	4.324576	2.744062
2.870327	3.282883	6.609678
4.356945	4.843246	3.111798
4.514055	4.073284	6.570411
4.948034	5.124809	4.693194
5.039429	6.803664	6.858552
3.421802	5.517004	7.049879
2.729004	4.431770	4.389937
3.478238	4.106128	3.756524
4.629231	4.326745	6.259024
4.487903	5.018962	3.513947
3.663821	4.287093	3.407489
4.030827	5.961931	2.889419
3.999652	3.252247	6.132340
3.334537	3.715756	3.543875
4.364160	4.051118	7.292532
4.212213	3.945092	6.634275
3.852525	5.149649	8.406152
3.108497	3.375035	7.029416
3.130661	3.669959	7.919960
5.117148	5.075783	8.893203
4.073177	4.965130	2.981583
3.222463	3.475724	6.329722
3.444070	6.126169	7.475532
3.130633	4.485489	5.343010
4.554763	5.408571	2.961861
3.778547	4.473342	3.053471
4.016895	5.120664	3.283314
3.563331	4.834051	7.801766
3.950256	5.045401	3.122650
5.089029	6.867472	6.960726
4.301331	3.820131	5.915814
4.096123	4.765635	8.901275
4.955339	6.758987	5.935418
4.744710	6.239648	3.903785
4.051663	3.602271	7.503260
4.959227	5.239864	3.209080
3.056322	3.992391	4.080812
3.204828	4.533775	7.805954
3.303382	4.527363	7.792527
4.409074	6.698495	5.344722
4.271827	4.896351	2.829648
4.285119	6.375738	8.147729
5.631476	5.184158	7.484866
4.475300	4.677557	9.222962
4.609815	4.228297	4.678010
4.031337	5.639519	8.086389
4.143782	5.044966	3.074829
4.300529	4.875595	3.203962
2.440655	3.552485	5.545414
3.604103	5.261140	3.624304
3.988848	5.186746	2.972945
4.176305	4.518881	8.646372
3.479324	5.196769	3.338995
4.400879	6.464564	4.449400
4.044348	6.487720	4.778586
5.225850	5.833196	7.107169
4.447223	3.670788	7.407185
3.962750	5.209902	9.030598
4.496117	4.562159	8.161612
3.199046	3.533687	6.379816
4.522399	5.086770	8.918688
3.465219	5.638215	7.464152
4.229520	5.835290	8.500174
5.070794	6.830671	4.912866
3.547370	4.400993	3.834385
3.227663	5.082241	8.667684
3.086795	5.475458	6.725096
4.086989	5.134345	2.983083
5.299930	5.546871	4.707745
4.734932	6.536744	7.971943
3.956177	4.927192	3.074454
4.283249	5.580264	3.656458
3.556436	5.546781	9.071758
4.365572	6.109758	8.068182
4.829169	6.413168	7.136178
4.812471	6.457236	6.086730
4.062002	4.687018	2.812932
4.519122	5.459479	3.473191
3.975944	4.626184	8.906748
4.393119	5.606598	8.817983
3.641704	4.497966	8.768530
3.153482	4.096436	8.221725
3.913453	5.425640	9.470766
5.184692	6.367166	4.992497
3.242793	3.836238	7.775344
4.184495	5.673353	3.264537
4.167716	6.421652	8.133743
3.613078	5.151540	9.384428
4.257171	4.692634	3.138356
4.571209	4.247156	5.393344
3.261989	5.776371	6.153763
2.788705	3.629494	6.560142
3.914547	4.095460	8.529024
2.834328	4.021882	3.962738
3.519186	4.640599	9.211710
4.137671	5.203417	3.132866
5.117318	5.010306	7.045986
3.078514	4.969036	8.258483
3.721820	5.047359	2.777340
4.333654	3.802074	4.748608
3.991148	5.867588	8.921750
4.519449	4.770131	3.155653
4.830940	6.407650	7.707137
4.440822	4.176887	3.596972
3.106636	4.114133	4.436941
4.176976	6.473927	3.721930
3.512698	3.404217	7.704222
4.568153	5.782194	8.744211
3.882826	3.754758	4.504374
3.547035	3.312203	5.458864
5.249916	4.993936	7.523701
4.575618	4.497991	5.738393
2.845126	4.526167	5.444421
2.574422	4.226307	7.908460
3.635557	5.643368	3.437877
4.092503	5.350221	8.885338
4.206096	6.177288	7.856281
4.095499	4.786362	9.186539
4.290446	8.489354	4.582798
6.092441	4.430975	9.763535
7.555952	7.493711	7.127688
6.175762	5.690013	4.965015
7.250869	3.347623	6.392003
7.614369	7.538441	9.841342
7.853726	1.197080	4.813649
0.053140	5.145468	7.822705
1.939913	8.587283	2.887362
4.024920	5.192183	8.511067
1.361099	3.020119	4.087346
0.362188	6.310806	7.928664
7.337058	3.079334	2.417452
2.638697	2.791815	5.306482
5.219746	5.544484	7.842940
1.733444	1.856976	5.670863
3.680420	8.820776	3.565492
5.581809	3.716102	5.607589
6.286952	2.781007	2.916455
6.210500	8.822038	6.117018
6.779280	3.138234	5.767031
7.837915	8.526133	3.652989
5.209660	2.979697	4.137965
1.463576	4.063607	8.017325
7.125103	1.300602	9.480328
1.143426	3.285836	3.188349
0.479484	7.660040	4.141017
3.041849	5.874985	7.816869
1.418315	5.457848	8.406545
2.099269	7.338469	2.043682
1.686634	4.460391	5.161061
0.154512	3.363259	5.562109
2.177922	2.583086	3.289874
1.738568	7.037401	9.320761
7.255286	5.282565	3.635636
4.261814	3.400615	7.428568
4.083432	6.594892	5.993233
7.525785	6.014437	4.634798
5.332870	1.995727	9.651667
7.383899	1.750627	4.049114
0.710323	6.031255	9.652522
7.566158	6.125639	8.299555
5.536978	7.866790	3.671373
6.180218	5.225102	9.354787
7.163985	4.432830	4.258968
1.577983	1.302788	9.232646
0.873667	8.902206	3.542832
0.068487	3.993889	4.469387
1.355481	6.154732	7.552184
2.963904	3.425280	5.431700
4.805208	4.227614	6.954907
4.173762	2.574198	4.013955
3.807180	6.418160	2.379529
6.798663	5.365621	3.074935
0.892762	6.146119	5.640714
5.604176	2.351012	8.956732
1.198297	7.321296	8.436055
4.001721	4.560817	8.811956
0.080816	5.326429	3.947690
2.588096	3.745033	3.370479
7.379229	4.763228	2.515479
4.613289	2.083727	2.684457
1.588246	7.972011	8.976402
6.580990	2.712990	3.419970
3.463755	8.429982	4.545208
3.208565	6.340588	3.587626
6.880108	5.139755	5.809609
7.058722	4.976103	4.947147
4.864902	1.398720	5.758606
0.646257	6.897966	2.605423
1.998654	4.315612	9.996998
1.171215	1.137210	5.775456
2.947174	7.821050	3.352137
6.390216	5.743124	2.169791
2.141121	6.241042	6.334060
