3.768047	4.595704	8.566051
2.957052	4.239866	7.772116
4.742078	4.876384	7.714923
3.961697	3.402036	4.584284
4.393182	5.073040	9.196227
3.762437	6.166070	3.526602
5.116629	4.698839	5.978531
3.957356	5.740763	9.164803
2.519389	3.665205	5.392637
4.140366	5.508108	3.251511
5.527158	6.719541	6.474761
2.452189	4.583619	6.334503
3.795133	4.475451	3.032348
4.220667	3.571387	7.572232
5.215680	6.315651	6.793336
3.791534	3.177234	5.091597
3.446238	5.085804	6.765884
3.863403	6.052270	3.874117
3.988216	4.838545	2.855637
2.809608	5.172216	7.289511
4.401772	4.922511	9.053724
2.930395	3.837502	5.645500
5.440309	6.622311	5.171917
3.511456	5.505688	4.179757
4.288704	4.621610	3.031870
4.257798	6.089814	7.224877
4.587612	4.011134	4.646745
4.314931	5.062740	8.896877
2.803153	3.698187	5.416025
3.498341	4.673075	9.093459
3.716595	4.625734	8.285034
5.105158	6.312975	7.751383
2.432105	4.660145	6.375710
3.564768	3.393710	6.531278
4.594410	4.575418	3.456941
4.233672	3.733893	3.440136
3.705202	4.891330	3.316612
3.966357	4.966795	3.112145
3.432715	4.681467	3.237988
3.294290	4.052987	8.491496
2.980352	4.288740	4.394693
3.869320	4.982193	2.865667
4.510269	5.956258	3.918251
4.372292	4.840694	7.705553
2.908779	5.052772	8.411934
3.560571	5.686641	8.293382
4.181239	4.010845	3.367535
3.835891	4.815772	3.157476
4.036212	4.557266	8.972594
3.657335	4.422201	8.249447
2.567587	4.526703	7.281742
4.702128	7.046715	6.118939
2.838450	4.086854	5.517110
4.365595	4.986366	9.048055
3.674400	3.949941	8.179799
4.389027	5.801980	8.851228
4.315677	5.725795	3.174342
4.682162	6.027100	3.666061
4.527957	7.294480	6.673673
3.121659	3.618170	7.036591
4.747702	6.939197	5.350687
3.182583	3.450096	6.552829
3.969561	3.378253	5.242718
4.665395	4.721929	8.177736
4.770784	5.963651	3.770187
4.726191	4.362331	4.271442
3.499170	5.843555	8.873412
3.275304	3.484973	7.357197
5.354264	6.564780	6.568586
3.322526	5.835267	5.119982
3.986847	4.926667	8.915214
4.291371	4.997886	3.121939
4.394644	4.948885	8.998805
3.786526	4.141022	9.145072
3.207834	3.570296	6.560965
4.331160	5.975843	8.433623
3.194126	3.654850	3.967344
5.083005	5.743904	7.072225
4.278034	4.849676	3.027460
5.542889	6.466217	5.791915
5.100644	6.254849	4.957125
4.521604	5.891474	7.812868
4.843489	6.505264	7.735422
4.917793	6.978943	6.108910
3.926870	5.698363	9.329999
4.021869	6.659060	4.185093
2.798341	3.403111	6.391852
3.683651	4.830583	8.942507
4.568592	4.646627	8.407941
4.012524	3.802301	4.046381
4.653378	5.444103	4.899054
4.775774	5.581786	3.159364
3.836557	4.434738	8.094326
4.495546	3.898942	4.580022
4.601713	6.295732	4.572638
5.047944	4.689886	4.009415
3.724912	4.923053	9.073430
5.059208	5.781234	5.055845
3.132647	5.527776	6.394240
4.782941	3.735988	5.499832
3.415131	4.398969	8.133444
3.219252	4.575553	7.296933
3.635126	4.415411	2.864639
3.513895	4.898926	9.726467
4.759158	5.280293	8.150662
3.958119	6.416336	7.476957
4.269628	5.269833	2.821318
4.057179	5.287201	8.366201
4.739507	6.353863	5.510709
4.142529	5.280413	3.317816
3.484512	3.437995	7.944156
4.725196	4.956531	8.400993
3.813503	6.221028	3.811590
4.429246	5.214644	8.948190
2.703359	4.521233	5.790572
4.783518	5.195598	4.497134
3.540494	2.973005	6.572396
4.648801	5.176166	5.030432
3.142104	5.868851	6.881961
4.380030	4.448434	7.760645
4.492060	5.163632	8.956498
3.720650	3.896686	3.972023
3.609859	5.979103	6.032067
4.286905	4.796110	9.320092
3.606214	4.952676	3.505781
3.006945	4.197096	7.724162
3.618843	4.667851	2.707855
5.172139	7.111729	6.530787
2.846637	4.683084	5.836883
4.401106	6.903328	6.333742
4.670514	4.151487	7.017225
3.631174	3.766358	3.183026
3.797056	5.166819	8.716070
3.282162	4.486524	6.764293
2.785185	4.003161	4.072715
3.893688	4.664827	3.182447
4.684324	5.555895	3.266062
3.981023	5.284653	9.246648
4.271729	5.429032	3.005153
4.405797	3.745765	4.898807
5.123718	5.828006	8.499359
4.248418	4.890340	2.810777
5.363458	5.216675	4.026513
4.549214	4.827421	9.192735
5.208228	4.210084	6.094219
4.285115	5.236218	3.232695
3.870178	5.084820	8.915523
4.617755	3.531226	6.947571
3.976025	5.125640	2.421450
4.733110	4.332108	4.693758
3.781098	4.631030	3.156592
4.418633	5.744049	8.473117
4.527314	6.151697	2.862858
3.898264	5.530015	8.712378
4.310782	5.057238	8.835750
3.902339	4.780019	8.667916
4.552236	5.725367	8.658109
4.517642	4.694102	2.992965
4.049281	5.138524	3.199012
4.137016	4.340392	8.325729
4.564667	4.284793	4.631646
3.741860	5.119812	9.486448
3.897546	4.069805	3.482761
4.130492	5.678771	8.811362
3.455727	4.934999	3.115796
4.569657	4.882895	8.957816
4.808396	6.564361	5.796891
3.906583	4.204997	7.702089
4.573701	4.660868	8.907223
3.937635	5.087247	3.532601
4.653331	5.064613	3.007380
4.427073	6.076499	9.516540
4.419652	6.624820	6.567540
5.586812	5.264022	7.604413
3.667415	5.906215	4.389199
4.921241	4.913463	6.756491
3.684929	5.185810	3.158387
4.105903	6.231877	7.677384
4.783608	4.937303	8.713785
3.771796	4.849296	3.057569
3.804886	3.914622	8.071321
3.750064	4.571648	3.220972
2.936762	4.210845	4.507733
3.225757	5.921775	7.498555
4.265567	4.237663	8.609839
2.917384	3.965036	4.191857
4.585265	5.824595	3.570776
3.610823	3.279741	7.504152
5.010773	6.550276	3.996347
4.241555	5.967178	8.625340
2.881017	4.072565	6.865742
4.346966	3.827882	5.637933
4.293136	4.081648	6.077757
3.682803	3.761622	3.806943
4.065672	5.354536	8.176557
3.711335	4.627033	2.746557
2.807366	3.353659	5.431286
4.573065	4.898999	8.406503
4.524029	6.122276	8.470057
3.451269	4.683414	8.134825
3.335071	4.233013	3.455799
3.410867	4.964541	3.221049
5.128355	5.931539	5.154557
4.468554	4.639665	3.304081
4.412503	4.826283	9.073173
3.725016	4.889675	4.265021
5.186333	6.651907	7.248030
3.922266	4.278088	2.948236
3.768384	4.543308	3.209305
4.847353	6.548539	6.553338
3.134068	4.962122	4.939723
4.389023	4.692333	2.911945
4.907124	5.151620	3.304515
3.731718	4.957169	9.056046
3.654713	3.798666	3.749298
3.946152	4.749017	2.958714
4.569990	4.849551	9.494927
2.543308	4.726445	3.685641
3.651399	3.418429	7.845236
3.710708	3.794579	8.495710
3.452704	4.476214	9.002191
3.936302	3.575913	3.885798
3.800513	5.882217	6.100379
5.077876	5.185991	7.306032
4.165668	5.670327	3.158600
5.213882	5.235699	5.718037
4.193437	4.731998	2.725502
4.645486	4.839202	2.580140
3.498317	4.851010	2.867544
4.952410	5.775236	8.271351
3.746292	3.283597	5.572698
3.687086	5.091417	8.415231
4.542057	6.096276	4.260224
3.328095	4.494811	3.127331
4.496055	6.645263	4.818092
3.143787	3.669193	7.265092
4.184409	5.407856	9.100539
5.192803	4.727907	7.358929
4.205756	5.406501	9.268887
5.886683	5.703892	6.412797
3.786100	5.350700	6.934164
3.227049	3.762258	4.331379
4.158776	4.635267	2.904525
5.383519	5.558254	5.848496
4.980004	5.727516	6.067306
2.676527	3.532039	5.934789
5.042444	6.475753	7.557626
4.304638	5.254188	2.759164
3.877840	5.414242	3.586589
4.071134	6.886168	5.347367
4.348490	4.665060	3.064284
4.414201	5.595326	9.129820
3.260604	5.910600	5.970132
3.885738	5.597101	8.943625
4.124465	5.427335	3.182610
4.152288	5.312045	2.974783
3.632094	5.075302	8.508017
5.134402	5.853307	7.893739
4.074470	5.558242	8.700608
3.123768	3.939828	8.238448
4.374259	4.147016	8.649535
4.591748	4.032452	7.453049
3.971986	6.541758	7.034936
3.773870	4.965301	3.043854
2.703710	4.141399	7.966016
4.129054	5.138616	2.996910
3.660099	3.954127	7.928057
3.633535	3.351678	4.323492
3.207871	4.017820	4.145377
2.873030	2.884861	6.397364
3.961594	4.937096	2.775022
3.876465	5.990619	8.271580
2.680863	5.852796	5.056175
4.277876	7.202828	4.941902
4.431851	5.093920	8.652386
2.950829	3.727696	4.868065
3.997129	6.690139	6.857926
3.180282	4.320985	8.644053
3.712914	4.735398	8.871006
4.720607	5.517323	8.979020
3.715191	5.575553	3.678086
3.250350	4.296190	7.300313
3.836918	5.129774	3.168257
3.108739	4.844335	5.974109
4.817261	5.112301	6.421341
5.157430	6.082842	7.440253
3.609415	5.107051	3.275647
3.753677	6.135138	5.488929
4.815483	5.552146	3.696600
3.510791	5.130431	3.278997
3.506434	5.560456	4.683734
3.035875	4.806018	4.484003
3.227968	4.263732	3.527430
4.961226	6.443969	5.407098
4.052852	6.643276	7.439971
4.755939	6.153077	7.915179
3.845539	5.013690	3.155578
4.683212	5.761389	3.241464
5.109087	5.387449	4.746906
4.355919	5.085820	9.085036
3.933136	5.003534	9.207037
4.283270	4.167136	8.216898
3.079329	4.635873	8.557354
4.277029	4.808116	8.820252
3.974024	4.820064	9.234330
3.809347	6.272851	5.123980
5.291737	5.352528	7.300842
2.844856	5.007224	4.027428
5.480928	6.151541	6.391168
2.781062	5.590277	5.360201
4.331241	6.144030	3.472185
2.606849	4.705754	4.896314
4.917756	4.921079	4.142003
3.399425	4.962168	8.351173
2.886050	4.034492	4.802738
4.473430	4.988047	8.688656
3.797196	4.259123	3.680508
3.260385	4.839541	5.342620
3.025302	3.754960	3.866909
4.483466	6.703205	5.379839
4.393493	5.228695	8.628484
3.986945	4.922751	8.719615
3.930847	4.347951	8.532592
3.481283	4.297381	2.891998
5.300152	6.367107	4.631854
3.948470	5.213524	9.145589
3.906659	5.236439	3.387855
3.979350	3.792588	8.066636
3.333742	5.177725	7.529984
5.538408	6.117958	7.388471
3.743952	3.797604	5.363226
3.235907	3.923553	3.971634
3.301336	5.721476	5.976569
4.993602	6.038808	4.103701
4.108405	3.640853	8.004769
5.012685	6.646816	4.516462
4.131055	4.316175	9.093732
4.518416	5.285199	8.513535
2.868321	3.995021	3.718190
3.245796	4.772738	3.809471
3.977999	3.962728	8.749673
3.795308	5.159371	8.765956
4.175716	6.334872	3.706895
4.800200	5.438392	3.518233
3.582399	4.230334	8.649876
2.440541	4.908814	4.994398
4.207183	5.532205	2.839231
3.804162	3.879958	3.863424
3.717134	5.245697	2.888642
4.989800	5.427464	8.503802
4.756445	4.699016	3.739113
2.766214	5.887868	6.562816
4.440003	5.734807	3.423989
5.194870	5.185174	8.820343
3.542811	6.490045	5.165154
4.054807	5.396917	9.009539
5.034690	4.435885	7.521376
2.907066	3.482540	4.332551
3.535055	5.135410	8.947372
4.115380	4.629613	2.883883
3.291702	5.070881	2.925217
3.663154	5.573108	3.709981
4.252201	5.174547	3.630342
3.421315	3.926222	8.348366
2.977412	3.694895	6.348215
4.288587	4.749562	3.417569
2.973156	3.241706	5.789359
3.717238	3.268314	6.558758
3.746239	4.767030	8.837172
2.860344	5.154646	6.016315
3.290896	5.009250	2.885309
5.174708	4.595516	4.322830
3.828310	6.326777	4.481817
4.883049	5.271939	8.579658
3.688232	3.355733	4.175138
4.662224	4.252205	4.145620
4.164280	4.137798	7.749015
4.303539	4.656152	3.195915
4.860290	7.034215	5.110742
3.044742	3.218432	5.164278
2.460796	4.373293	7.229828
3.475299	5.469459	4.354854
4.157729	5.972146	3.959376
4.357973	5.811442	3.771376
4.650558	4.386975	4.020168
3.978043	6.758434	6.567518
3.290203	4.401179	3.181515
3.263327	3.442006	5.630893
3.546340	3.871563	6.575116
4.115571	5.764658	9.056893
3.509493	5.164596	4.591494
4.297513	4.612660	3.774182
3.351929	3.702200	4.513861
3.972414	4.720034	3.136638
4.644771	4.042169	6.320205
4.398942	5.793233	3.665513
4.795915	4.441627	3.513466
4.996899	5.170350	3.589046
3.331089	5.500866	6.376096
3.096228	3.526622	3.899068
5.490432	5.969697	5.601400
3.866456	5.486921	4.106949
4.937476	5.046280	8.210231
4.158851	6.018279	8.456287
3.555600	6.100336	8.173456
4.965460	6.459471	5.152067
4.718936	6.704710	7.325701
4.711959	6.791346	4.764807
3.520945	5.250740	8.039510
3.860834	4.401805	2.937077
3.044995	5.157094	8.627381
3.918351	3.768788	4.813258
3.802403	6.042174	6.697457
2.943134	4.873872	8.019880
3.179392	4.759911	8.713659
4.638107	4.643847	4.970112
4.099427	5.112291	8.562864
3.899763	4.416248	8.547447
4.004285	5.700651	3.131869
4.160132	5.255632	2.787896
4.310324	3.889698	8.543084
4.971668	5.648626	7.909155
4.791271	5.690397	3.584833
4.228845	5.022081	2.825033
3.573860	5.035589	4.115271
3.449444	5.532345	7.562052
3.232598	3.818714	5.286338
3.704588	5.356301	3.373224
3.289146	3.927656	2.953646
3.163293	4.505768	8.217607
2.871517	5.474718	7.439975
3.787125	5.665091	5.130969
4.036042	4.815580	9.224580
4.496373	5.006736	2.712699
3.932482	5.951206	8.730486
5.137728	4.562934	7.206038
3.635763	3.113522	7.444284
4.627348	4.874432	3.669677
3.805557	4.207920	9.017236
4.691659	4.997390	3.271250
3.790059	4.512987	8.745904
4.669572	6.318958	3.877510
4.113503	3.887553	8.594248
3.909785	3.337318	6.158288
3.539561	4.484490	9.019119
3.513355	4.921429	9.200661
4.232540	5.610169	3.280000
3.750463	3.078044	5.074534
2.936162	5.245285	3.507337
3.965593	6.570052	6.105385
4.238631	5.553423	8.703008
5.186836	6.443427	6.715190
4.773527	5.466790	3.505655
3.938774	5.640172	8.665416
5.058447	6.267581	3.651273
3.654673	4.312297	3.287341
3.566560	4.742343	9.133895
2.666584	3.381251	6.405612
3.902299	5.127554	2.745653
4.409507	4.593268	3.267338
4.814739	5.149650	3.860559
4.880693	5.774216	8.251908
3.479013	4.905071	2.608248
4.452402	4.457054	8.695906
2.804838	4.595122	4.561388
4.752101	6.896602	5.253067
3.004472	5.261557	3.820051
3.694734	5.237212	3.166132
4.082330	4.906669	2.902492
3.219851	6.052983	4.548745
4.482811	6.433889	8.238809
4.138598	4.762894	3.131277
4.257050	5.299046	9.469165
4.439597	5.892320	3.912323
2.508897	4.151444	6.391245
4.187024	4.300420	5.479911
3.773708	5.872872	8.286331
4.893476	5.363775	6.572580
3.053548	3.670738	6.301333
4.547543	3.967099	6.146334
4.823783	6.341760	4.496161
3.726931	3.789309	7.132531
3.225427	3.894200	4.647559
4.717194	3.689516	6.402192
3.166606	4.261471	8.446519
4.310512	4.781180	3.139497
4.954538	6.478164	7.587855
2.813020	2.915638	6.021598
4.485577	5.125271	3.655827
4.156784	3.880809	4.487303
4.344678	6.490868	7.753310
3.241879	5.656999	6.853507
3.189390	3.857060	7.778164
4.489011	4.356387	6.810709
5.196577	6.605032	4.729075
4.044629	6.498833	5.979243
5.234409	5.384752	5.756714
4.622027	4.962949	3.517445
4.090738	4.582305	3.558382
4.104590	4.634177	8.924586
4.379878	5.927912	9.051695
7.345870	8.287946	8.617832
4.473421	8.845274	9.728319
0.079743	3.075559	3.946752
2.795641	4.330637	3.805254
7.566183	2.875988	8.128092
3.133944	1.538462	8.739361
6.656546	2.584189	8.268046
3.648349	5.021420	8.514006
1.560558	4.580990	7.556229
1.899097	3.324393	8.804146
6.857279	5.644417	7.700854
7.935596	2.052171	5.785546
6.103545	8.889232	3.270324
5.326345	5.908704	4.716004
6.523925	2.917301	3.037375
1.351725	4.704756	6.815588
2.835966	6.918235	8.939799
4.751375	5.675950	6.514766
4.099894	4.412072	2.554257
6.361151	2.776187	7.503770
0.931019	5.450198	4.973675
1.883639	6.739050	7.544921
2.485128	4.496563	6.016670
3.871362	3.828974	5.202226
0.311396	6.066918	2.013508
5.520294	8.254240	8.391344
7.429105	1.126709	5.884823
2.609472	6.369214	6.019927
6.204822	2.261338	7.605932
6.116933	8.906420	4.424332
1.983979	2.436095	4.682359
2.892529	2.990831	5.392229
4.452147	8.490559	5.936199
5.168624	8.436127	8.201394
4.662437	1.108227	6.929017
0.537189	2.494041	3.439927
4.631581	2.664748	8.750694
5.852683	6.372045	3.760187
6.812202	5.074917	2.135088
0.352077	1.658289	8.078655
1.369426	1.811272	8.809069
4.577292	7.254758	8.100633
6.350196	5.352770	9.210241
3.761158	5.771260	5.938130
2.005467	6.473285	7.082578
7.473958	5.947837	7.296413
7.789237	5.970924	6.679767
0.511905	8.182625	5.921104
0.039382	6.872621	2.497049
5.622341	8.870860	9.469356
0.221881	5.649022	3.088440
7.987417	7.313383	6.662803
3.362628	2.672366	7.153540
2.114805	6.589837	2.308079
4.108250	1.645965	2.804683
6.359973	3.134486	4.950378
5.954181	7.200902	3.474793
6.268686	6.444481	2.609095
2.050845	7.398673	8.938340
3.392816	4.299255	3.889029
0.747992	5.551241	8.786715
1.847885	1.502835	5.790456
5.694410	1.488211	9.095481
5.699974	3.978609	9.170510
3.021095	6.527402	6.046193
1.967904	7.674780	6.140569
6.763924	2.880661	6.253130
2.075463	6.469280	5.120972
0.716865	5.961181	8.323904
3.966660	4.011626	8.159478
1.354284	3.413364	3.928004
6.339162	3.992530	5.611271
5.229193	4.485115	3.752279
4.442820	2.119516	3.490081
