4.249277	4.909197	9.064164
5.157490	6.107989	7.051698
3.370517	5.466400	8.965817
4.962097	3.906660	6.974823
3.918262	3.689693	4.081417
5.107913	5.842553	5.257765
3.050523	3.740643	3.474694
4.243834	4.309431	3.978060
3.138415	5.247004	6.076755
4.375998	5.328569	2.919901
3.663587	5.407093	3.249127
4.085420	4.977656	2.870012
3.331891	3.928196	8.144468
5.400530	6.493179	6.424132
4.786505	5.656285	4.428156
3.977111	4.487618	3.342857
3.556759	3.279577	6.843860
4.244374	4.690384	3.208600
3.891346	5.140954	8.729853
3.756225	4.646190	3.401818
4.051362	3.260410	7.136890
3.666246	4.456653	8.991771
4.325099	6.310238	4.215485
5.011877	4.732353	9.061840
4.036302	4.254042	9.144730
5.248464	6.076114	6.402783
3.991517	4.417942	3.482920
4.758155	6.635377	5.951265
3.402030	3.127221	5.045842
3.298079	5.253915	4.158603
3.627899	5.118087	9.205382
5.120634	6.217843	5.426637
2.877863	5.721111	4.767206
5.134965	5.497336	5.006844
2.644169	4.402741	5.824779
3.540605	3.997013	7.990428
4.468505	5.129107	3.291299
5.591973	5.840721	6.218729
2.624631	4.074245	7.442392
4.121094	4.534538	3.232351
4.029180	6.394451	6.374620
4.205844	5.123842	3.199998
4.199177	5.971164	7.515369
4.282736	6.423483	3.546691
3.897309	4.856177	3.177736
3.754091	4.212800	3.420537
4.253166	5.045521	3.097584
4.911455	6.767887	5.196963
4.808131	4.729692	6.953042
3.974099	4.749146	8.583035
3.831515	4.994182	9.118219
3.100150	3.868310	6.095471
4.787138	4.631596	8.331093
3.441262	4.469317	9.284858
3.039702	3.853275	4.156181
3.477378	4.458252	8.902106
4.986255	5.785662	3.931312
4.607778	5.662933	8.566440
3.597862	5.108957	8.794821
4.645425	4.395026	5.086407
3.200103	5.403176	4.759365
4.857949	5.126719	8.924243
3.716638	4.111192	8.238039
4.146633	4.900328	8.720483
4.477950	5.015877	2.882042
4.308686	4.984961	2.882329
4.059021	5.552134	9.059911
3.957691	4.197162	8.250067
5.037313	6.390775	5.696409
4.754215	4.531804	7.830296
3.808335	5.570087	3.966518
3.767372	4.082686	3.769921
3.943875	5.801134	8.346182
4.279574	4.429159	8.625927
4.137852	5.739906	8.465268
4.523957	5.319850	8.617287
3.831161	4.880681	2.891444
3.611373	3.290037	7.606129
5.308259	6.629563	6.956429
3.692586	4.557071	3.473731
4.034723	3.436473	4.175685
4.386353	6.067165	8.521872
3.885301	6.051681	3.977048
3.140688	5.457770	6.538211
5.480903	6.291074	8.005210
3.324497	5.575135	8.274867
3.441746	6.005031	4.923571
4.482987	6.741207	6.701226
4.553560	4.285940	3.829321
4.135485	4.517466	9.577651
3.398522	5.844500	7.619214
2.859410	4.719245	6.993762
3.166911	4.243093	8.278035
5.267758	5.571661	5.340007
4.739980	4.184564	4.770285
3.514833	4.786129	8.567393
3.296424	5.484165	4.583102
3.898326	6.402158	4.500876
4.864803	6.442033	7.922092
3.792702	6.324144	6.399593
4.990634	4.139118	6.279789
3.406628	4.410667	8.008651
3.953976	6.324177	3.757102
4.205682	5.081744	3.169816
3.742278	4.774229	8.871306
4.801047	4.084434	5.292458
4.770167	6.415279	7.117043
4.681538	6.176638	7.859337
5.478362	5.296190	4.323732
4.704438	4.874460	7.486761
3.436766	4.783793	8.531672
4.216161	4.785703	3.550218
3.834330	5.044529	8.953843
3.751157	3.825131	8.341516
2.996979	4.862790	4.411127
4.454189	6.449306	4.386212
5.050980	4.717173	6.398284
3.332944	3.347387	6.826157
5.056206	6.486944	7.578185
4.109221	5.006547	9.051544
4.527615	5.562159	8.916881
3.289459	4.172630	8.906118
3.701629	3.971843	8.812928
4.853518	4.875726	8.430232
4.133453	5.154578	8.897923
4.864921	5.216421	8.442477
2.825074	4.640087	3.538948
4.410438	4.332129	8.663764
3.920092	3.501279	7.481404
3.169431	3.553455	5.390852
2.570563	3.702283	7.181430
4.041064	5.405867	9.008396
3.263022	5.507390	7.289058
4.018622	4.844220	8.948295
4.171172	6.444355	6.810399
3.200714	5.813685	7.627328
4.060124	5.211268	9.213028
2.859580	4.653833	6.556037
3.211327	4.728201	3.947538
3.620044	3.415356	6.343417
3.818576	4.817598	2.843701
5.594008	5.157278	6.447506
3.844578	4.548316	2.909530
3.945503	4.747978	8.946230
4.365625	5.173188	8.124184
4.784372	5.173731	8.374085
3.620930	5.490586	6.910795
4.992579	6.196176	7.114882
3.900962	4.382504	3.219880
2.777605	5.807072	5.763687
4.381242	5.534446	8.421917
4.764357	6.470073	4.511378
4.556085	6.663715	6.816702
3.989213	5.386883	2.876342
4.207240	4.751291	9.126455
2.679953	4.272316	4.759999
4.838601	4.271889	7.005300
3.838705	3.085015	6.481918
2.704465	4.166025	6.629508
3.860942	5.204235	3.073661
5.516666	5.229442	6.836889
3.936469	5.292425	2.645245
4.617367	5.288305	3.389679
4.815663	6.766289	6.472346
3.279523	5.431280	5.214103
3.086286	3.868556	8.392446
3.212201	3.990879	7.961913
3.668682	5.384246	9.046901
5.137173	5.994339	4.144417
3.613724	5.300003	8.679075
2.745819	3.640417	5.552313
4.101290	5.359330	8.868976
4.454574	5.355479	8.941747
5.390156	6.166800	6.724206
2.568273	3.933279	5.469471
4.110169	4.159222	9.517952
3.197871	4.623444	4.212132
2.652289	3.383236	7.280921
4.165094	5.937255	7.717858
5.184484	4.976799	7.320963
3.947610	4.863649	3.397608
3.414095	5.736650	8.573760
4.853658	6.125630	7.744943
4.474160	4.356408	4.427948
3.359167	2.944568	6.822315
4.549099	6.506255	4.630761
2.931466	5.212238	5.499253
3.918714	3.930062	8.429290
3.908752	5.048739	3.133575
5.268787	4.643404	6.215090
2.969666	5.386033	3.576079
4.350615	5.277853	7.956301
3.370683	3.432078	7.453919
5.090596	4.818937	5.914558
3.372814	6.158356	8.343169
2.382089	3.388637	6.070160
5.084492	6.346290	4.677989
5.061288	5.950499	4.305750
3.352384	5.797086	4.983847
4.208747	4.453668	9.091456
3.924248	4.977895	2.577121
3.652883	5.755265	5.775277
4.431674	5.054608	3.527069
3.359189	3.936159	3.426191
4.917434	4.676706	3.279096
4.412093	6.907421	6.692126
2.797356	3.725850	6.113728
3.842929	6.131718	4.592064
4.854585	4.577674	4.416270
3.879063	4.593244	3.228135
3.065500	5.293834	4.373009
4.344009	4.599841	2.627489
3.436461	5.526039	8.054831
4.896473	6.097777	8.381423
4.148583	6.604356	6.944937
3.323130	3.333937	5.360214
4.929030	4.447410	6.375746
3.144200	3.161414	4.975153
3.319150	3.356122	3.760669
5.052412	4.192793	7.949452
3.942158	4.900764	2.937507
4.658406	6.171062	4.360204
3.741675	4.991558	8.713001
3.770077	4.869470	3.357648
4.063309	6.683578	7.520936
2.972183	4.996702	6.115489
4.206050	6.616193	7.006474
4.840200	6.093068	3.040478
3.884983	4.977418	2.879382
3.003657	5.675578	7.354878
3.435564	3.672581	3.778825
3.594740	4.417313	3.190148
4.855386	6.449230	3.807144
5.227295	5.398044	4.129665
3.032768	4.767526	4.941813
2.936074	3.231467	4.639564
4.364916	4.822656	3.022343
3.256281	4.868996	8.981322
4.154803	5.121783	9.062675
2.817348	4.915956	5.996338
3.876429	4.917083	2.758777
4.846716	7.140115	6.193433
3.529000	4.914848	3.277959
4.252561	4.842822	9.294572
4.454275	6.469653	7.943980
3.196467	4.870788	5.044772
3.894080	5.539805	2.613256
4.289871	4.466751	9.051971
4.705782	5.519845	8.916603
3.640055	5.651769	8.328843
5.133439	6.274946	3.642357
4.253214	4.892177	8.971122
4.078619	4.430356	8.133093
2.927226	4.486241	3.628396
3.738082	5.328079	9.166766
3.580105	5.884031	3.314533
4.360588	4.850442	3.173392
4.892619	5.730314	5.624741
4.017086	4.848403	3.393843
3.426700	4.903717	3.964666
4.434734	5.245178	8.064759
3.644712	5.036464	9.213270
4.822175	6.528335	6.139843
3.312227	4.679624	8.379955
4.628465	6.212578	4.121057
3.410517	6.105997	6.832519
3.731695	5.419922	9.120699
3.217950	4.843387	7.881485
4.078786	4.893370	3.195926
4.084059	3.688000	6.694761
3.289917	5.123266	7.822309
4.168089	5.244958	9.198965
5.202704	5.433478	7.059646
3.105512	2.672466	6.787055
3.627237	4.435695	2.812510
3.694301	5.417381	2.885257
3.780471	3.580050	5.467110
3.917079	4.876541	9.083048
3.787557	5.827572	3.614634
5.129441	5.570691	7.501432
4.043108	5.340218	9.126133
4.299247	5.972107	3.650334
3.620000	4.253178	8.412157
4.098389	5.946378	8.069327
3.168883	3.733504	8.309776
5.107086	5.087499	4.442922
4.481306	5.272045	3.164005
4.919626	6.071330	7.578092
5.050508	6.748181	6.835147
4.226663	6.692541	7.436219
4.974236	5.815388	8.387411
3.133831	5.699904	5.985545
3.990215	5.495955	8.445402
5.049311	6.548900	4.225036
3.611909	4.933988	8.534150
4.037650	3.854236	3.965775
4.500768	5.950011	8.175147
3.489449	5.062205	2.738602
3.800276	3.487340	5.415575
4.197854	5.155139	2.751002
3.168826	4.727734	7.850337
4.539227	6.031586	7.947484
4.148711	5.912074	8.506091
5.238882	4.526524	7.661305
4.423181	4.091736	3.707922
3.892414	3.932587	4.537480
3.178250	3.544776	7.248186
4.847630	6.720708	4.483883
3.383751	3.688735	4.556238
3.777058	5.273173	8.992217
5.261874	5.230570	5.801924
3.414880	3.209430	5.867722
4.621886	4.047634	3.258073
4.561822	5.183964	3.690802
3.119782	3.882318	7.976480
3.522397	5.190303	2.835143
2.861732	4.837204	8.633561
2.679915	3.228992	4.367095
3.827635	4.129073	7.774530
3.549561	4.903150	3.238324
3.505695	4.915452	8.927121
4.331190	6.886029	4.630553
4.973478	5.476589	6.526614
2.897126	3.763085	8.494125
3.879004	3.902726	4.513830
4.035483	3.389620	7.210583
4.349462	5.451526	3.057320
4.570142	4.068634	5.899450
4.547757	4.404198	3.439337
4.315425	5.408788	2.904889
3.880604	5.004144	3.314570
4.019740	4.813306	8.720469
4.340133	4.762187	8.601121
3.068158	4.884129	4.072946
3.886834	3.559332	7.210804
4.648368	5.427032	8.889888
5.165705	5.384902	5.036513
5.002286	4.253225	4.320071
3.646760	3.988606	3.557653
4.338745	6.701405	4.989372
4.838258	6.356245	5.675537
4.198684	5.467618	9.538823
3.454847	5.602353	4.153625
4.101377	3.981048	7.584965
3.942465	4.629931	2.856978
4.512516	7.030658	5.754419
2.906927	4.121835	6.709283
5.096264	6.324955	6.289926
3.714539	5.771474	6.168461
2.843378	3.632215	7.400590
4.472500	4.194171	3.531961
5.033236	6.601190	7.262142
4.109624	5.090780	9.028125
3.393515	6.172675	5.261694
3.982180	6.302173	5.404429
2.930935	4.083607	3.900952
2.494881	3.730794	6.407278
3.175832	4.066907	8.189251
5.058894	5.374400	7.502792
3.786228	5.684518	8.393490
2.960354	5.393131	6.684366
4.541238	5.490219	3.261450
2.582820	3.584312	5.488270
3.952690	5.531636	8.565267
4.127901	5.978943	2.617442
5.043086	5.586295	7.927828
5.353261	5.682458	7.291014
4.399079	4.929169	8.682061
5.243801	4.445041	5.918367
4.052157	3.822887	6.225525
5.053739	5.182420	7.251092
4.369082	5.180124	9.197668
4.032503	5.712431	2.990921
4.124727	5.543185	2.885477
3.066563	4.047720	4.144166
4.396906	5.176163	3.479941
3.347213	3.366768	4.685603
3.156635	5.277344	7.921941
4.198056	5.687038	2.588305
4.157909	4.913176	3.137071
4.538798	5.558939	7.970554
3.390522	5.091281	3.147102
3.462172	4.170820	3.679748
3.566981	3.228118	4.840908
3.609821	3.603613	3.553722
3.733504	6.017996	6.295748
3.113367	5.046082	8.230172
4.897712	5.377318	3.862176
4.454247	5.110020	2.855409
4.483354	4.596246	5.898769
4.217718	6.081718	4.162134
3.879036	5.641194	3.970358
4.392245	6.380492	3.063688
4.368474	6.066115	3.628669
4.264430	5.685091	3.405234
3.852733	5.132652	3.224359
3.684076	5.450787	3.400435
4.916619	5.706451	4.138663
3.228750	4.105278	7.319781
2.960288	3.582501	6.641619
4.036273	3.333293	6.017896
4.136239	5.348214	9.335588
3.080444	5.145068	4.354612
2.760508	4.063390	8.609907
3.815299	5.320321	2.947700
2.809286	3.183424	4.711672
3.882206	5.132340	3.123214
4.901964	6.241627	5.731010
3.549636	5.005166	3.513599
4.199299	6.050937	4.436981
5.148377	5.687139	4.692912
3.871837	3.765693	3.915682
3.397068	4.626021	2.769171
2.925614	3.812339	7.218054
4.238198	5.772795	3.255176
4.482202	5.726347	8.439612
3.890004	4.837351	3.584642
4.098782	4.195007	4.770072
4.727522	6.026138	8.241576
3.951465	4.825350	3.315671
3.208441	4.661605	8.825353
3.795199	3.412771	4.828618
4.537897	5.357611	8.763227
4.552304	6.688539	4.886257
3.494525	5.210724	8.654276
5.058822	5.322244	3.226571
3.009616	4.558345	7.040653
3.546239	4.583132	3.684938
3.699668	3.513989	6.135118
4.341347	4.539692	4.084587
4.756579	4.499706	5.378706
2.742677	4.584300	6.222123
3.310321	4.458195	3.482705
4.635642	5.714251	4.078841
4.751651	5.979969	3.909551
3.507737	6.238592	5.776267
3.088701	4.147583	5.496202
4.359786	4.719909	9.337287
3.221386	3.553058	7.314181
3.869441	3.722626	5.732864
4.305220	5.064961	2.756454
2.974462	5.772621	5.756914
4.378928	4.265545	4.317394
3.230472	4.470463	3.282897
4.598889	4.283443	5.996749
4.930819	6.495328	7.183623
3.034387	3.523452	4.557248
3.705803	5.477687	8.701748
3.098910	3.998785	3.803416
3.505889	4.854960	2.977413
3.129568	4.508402	4.867725
2.644515	3.128917	5.687358
3.644449	3.779320	4.645367
4.932751	5.231420	7.066382
4.188709	4.761155	9.098376
4.428185	6.429515	7.697868
4.404977	3.446905	7.224759
3.545179	5.109256	8.719495
4.212557	4.830488	9.159494
3.996368	5.544394	2.804013
4.095781	4.625263	8.784412
4.301463	4.337192	7.926830
4.183952	4.114437	8.870368
3.298418	3.252830	6.271616
3.956345	4.413108	9.119232
5.042301	4.949756	4.053900
3.590137	4.393711	3.130607
3.986703	5.363764	2.664381
4.529995	6.776764	4.692774
4.163675	4.066240	2.941193
3.960315	5.485368	3.489714
3.128588	5.220133	7.885638
3.243352	4.647265	7.465221
4.196568	5.627630	3.464295
3.787652	4.915584	3.421203
5.542656	5.544662	4.535953
3.715763	3.764528	5.161978
3.963004	4.066809	8.412879
4.447629	6.301298	4.128515
4.796323	5.063879	3.645733
3.452424	4.790759	4.451143
3.598074	4.136963	9.256898
2.770193	5.662629	3.568820
3.552924	5.348248	8.326518
4.217149	6.256156	3.706607
5.146908	6.085428	5.946820
4.704791	5.373310	8.823050
5.483465	4.865645	7.303183
3.807424	4.175650	8.795385
4.503473	4.419494	4.191430
4.719894	6.627631	4.315247
4.776665	4.905975	3.660647
3.769655	5.641277	3.250831
4.675973	4.858688	9.314921
4.172071	5.838949	8.827652
4.005429	4.902645	9.116200
4.656404	4.534185	3.305167
4.271018	5.403294	8.732519
4.050457	4.906301	8.742547
3.253182	4.489389	3.254121
5.663222	5.948977	4.793400
7.521540	5.574019	2.463351
2.729995	5.026303	3.206956
4.310373	8.796537	5.106705
7.245643	1.666341	8.062895
4.601674	4.146031	9.275085
0.489972	8.987620	6.937254
3.840518	4.082241	2.536758
4.954930	4.454471	7.997151
1.158154	4.923085	5.709236
4.759408	2.913899	9.990400
6.145993	5.259313	3.252144
6.649700	3.033490	6.989033
0.907497	3.639693	4.118806
4.127407	5.644168	2.237344
2.207657	7.490903	6.566617
4.300697	5.902118	2.595441
6.590339	6.640308	9.479957
3.870627	3.649046	3.504247
6.018081	7.092362	5.683676
6.205085	7.898288	9.394264
5.098864	4.669359	7.796517
7.110163	5.458248	5.915972
4.942805	3.549783	4.090364
6.261163	7.714946	7.827698
4.763698	6.196160	9.493725
1.366448	2.511534	8.575324
5.306947	6.461474	3.154398
3.495441	1.937718	4.634747
2.769180	6.297470	8.063370
7.481562	2.817050	6.326340
6.649425	3.491942	3.626591
7.578935	4.957633	3.750980
5.695601	7.159703	2.517205
7.853407	7.004621	6.458563
3.073183	7.219949	7.339192
6.416609	1.412138	6.920998
7.345484	8.723648	8.685810
2.256079	6.624557	6.321017
4.315111	6.353498	4.533520
5.204495	5.438472	7.019372
6.662594	3.794958	5.823260
1.635544	1.099487	2.458479
2.013573	2.479919	9.486138
4.791946	5.538669	8.398229
1.713742	2.447021	9.292238
2.569217	5.229320	3.756449
7.274428	6.155595	5.118572
1.620434	7.750884	7.825392
7.801338	2.305896	9.896037
6.692843	5.544139	2.099309
7.043335	3.267354	9.428711
2.479302	8.811668	7.876429
1.252649	6.071958	6.804937
7.458236	6.971308	7.794790
7.918654	5.558549	4.968859
6.333377	7.986487	3.490293
5.837930	7.766531	3.489376
4.742104	7.783600	4.101847
3.976891	2.831592	9.307842
4.138263	1.049447	4.479163
1.703856	3.339667	8.567619
0.819134	1.250360	5.206311
6.927858	4.053221	4.593814
5.431681	8.235174	5.086250
3.841275	3.568015	9.233471
4.440050	4.539061	4.925247
7.030004	8.134155	4.926739
6.542431	5.907259	5.326194
2.905942	5.482108	6.317451
3.909880	5.877504	4.622532
7.212171	4.324888	9.180563
5.962435	5.083809	3.677542
6.665088	4.731651	8.900462
4.783807	6.581073	5.577282
