3.882486	6.279713	4.986449
4.076395	6.030616	4.124901
4.626188	5.933157	3.289036
3.625956	3.346594	6.628309
3.082982	4.195304	7.295807
3.754091	5.100745	3.368311
3.371946	3.554130	3.552108
3.653671	3.724559	8.597025
3.929706	5.897996	8.404752
3.378838	4.431662	8.162511
3.279212	2.960118	7.114964
4.331601	5.062123	3.661227
3.081496	3.650697	6.341424
4.736649	4.755344	8.423594
4.181064	5.455673	3.270338
4.339474	5.377832	9.157715
4.637983	6.085982	3.242661
3.556452	4.700386	3.378553
5.026306	5.333178	8.256216
4.442163	4.942128	3.072428
2.680022	4.649680	4.890526
4.269406	5.202045	3.059365
3.869058	4.895075	3.036814
3.366474	4.066615	3.340452
5.172648	5.352516	8.821465
3.939230	6.373596	8.754533
3.912590	4.729653	2.918400
5.112696	5.741258	4.748069
2.947979	3.525102	3.938012
5.058194	5.634975	4.896648
3.188929	3.060973	6.007379
3.961046	6.162768	8.039458
3.534598	4.580304	8.843776
3.097841	5.436954	7.191677
3.514404	4.486543	3.217845
3.105433	3.158802	5.325208
5.027241	4.701745	6.068839
3.752147	4.681653	2.555823
5.476814	5.239355	5.394696
2.889158	4.827886	7.513235
4.023717	6.300375	7.940815
4.002420	4.282633	9.204227
4.100236	5.253463	9.082721
4.295931	4.169424	4.020027
3.532408	4.996687	3.020272
3.819530	6.307409	5.593030
4.127470	6.806301	6.675843
3.477170	3.078315	7.834101
3.726055	5.264815	7.661407
2.919800	4.654849	5.301441
3.371332	6.346549	6.120556
4.944704	5.806893	3.900347
3.458888	5.061339	8.133664
4.694188	6.889545	5.643324
2.894482	4.626547	5.246925
3.723041	3.843607	3.342908
4.630918	6.077754	2.915876
3.113597	5.287378	5.256026
3.573895	4.546413	8.333074
3.759452	6.245779	7.547539
4.154734	5.307407	2.928649
4.095205	4.294190	3.258011
3.794312	4.149387	8.690914
4.424869	4.770046	8.748735
4.799571	6.248579	4.493920
2.684217	3.791853	4.936400
3.888655	4.841974	9.257691
4.117866	3.929097	7.813382
4.529712	5.027450	2.977589
4.887683	5.093489	6.269965
5.050700	5.840742	3.693781
2.767330	3.974144	4.049444
4.271648	6.480054	4.818522
3.358127	3.533575	4.628854
4.329635	5.027577	3.062502
3.530834	6.119219	5.391439
2.611894	3.440789	7.118151
4.975020	6.948243	6.530278
5.285110	5.317215	4.807298
4.189865	4.349343	8.816898
4.555992	5.007233	4.821994
3.848978	5.550801	3.215584
4.192145	4.959972	3.342553
5.054165	6.287278	5.521935
4.028801	5.413324	8.451317
3.031389	4.455712	3.327995
3.841833	4.941782	8.650143
3.635841	5.178401	3.015086
3.178814	4.671923	6.976833
4.089499	4.762483	3.369501
3.473818	5.000383	8.179211
4.551569	4.620195	7.220869
3.330484	3.554916	6.626150
3.436820	3.196552	5.174165
3.418579	4.501198	3.620184
2.762965	3.441272	4.572765
3.037790	5.456765	6.403449
2.636974	4.814518	5.318325
4.269983	6.429327	5.628233
3.914583	4.784101	8.623661
4.046329	4.065308	7.979896
3.426562	4.560006	8.738292
3.842047	5.780713	8.859412
3.693426	5.190931	8.828783
4.000813	3.842576	7.058380
3.608933	4.265626	8.921144
4.283250	4.838303	9.339884
4.318731	5.586206	3.060361
3.725807	3.501856	8.568944
3.962323	5.261013	2.853189
4.172434	4.941990	3.204222
4.002735	5.640556	8.670086
3.268066	6.303049	4.601487
3.330538	3.220196	5.656440
3.994826	5.335897	8.545226
5.364817	4.918768	6.287708
3.226726	4.568519	8.759008
2.684650	3.239755	5.868599
4.863803	4.155499	4.563641
4.511965	4.410566	8.412562
4.348106	4.861350	2.913878
5.125834	5.734950	6.929184
3.625923	4.908744	2.861214
3.313577	5.471261	8.563371
3.933948	5.036956	9.113229
3.990429	5.086459	2.847019
4.285338	5.044938	8.876063
3.837636	4.794624	2.725896
4.157066	5.472546	8.541845
2.967250	4.361328	6.470756
4.481107	4.984984	8.331342
3.133328	3.000250	5.440452
4.795607	4.978523	8.897482
4.537642	4.349497	5.003935
2.848092	4.664165	6.814218
5.291281	5.828525	3.864612
4.715219	5.937920	3.087094
3.118475	6.085255	6.889696
3.060938	5.883652	7.541970
3.867214	6.080147	4.275338
2.962275	4.569760	7.902153
3.544737	6.236323	3.704260
5.332788	4.914586	4.369716
4.805577	6.897627	4.969850
2.928438	4.771141	8.061224
3.879356	4.127455	8.809921
3.817476	5.136691	9.145261
2.961916	5.008199	4.086805
3.040465	3.501302	6.964841
3.034424	5.234146	7.538693
5.064189	4.928326	6.865186
4.286348	4.091908	4.918535
4.052072	4.446676	8.096997
3.693415	5.612112	8.205115
4.447596	5.072971	8.662292
4.048289	3.577318	5.189593
4.472411	5.855552	2.825867
5.639761	5.576470	5.998937
4.298530	6.325273	4.872806
4.809246	6.063726	7.751537
5.003425	6.037202	5.923140
4.091898	4.888705	3.488554
4.868905	5.627562	4.907737
4.250002	5.102036	3.160105
4.269233	4.916270	9.192641
3.935099	3.423635	7.917204
2.943376	3.746136	3.658468
3.949139	5.017460	8.895193
4.624555	5.726382	3.098787
4.682920	5.333448	8.877483
3.932859	3.915008	7.272929
4.455272	5.557528	8.544625
3.410430	3.326431	8.267724
4.629115	4.383941	4.554756
3.317102	6.514044	4.946243
4.903958	6.689411	5.587285
4.903225	6.161232	7.251709
4.901111	6.054811	5.407898
4.912540	6.155611	3.675138
4.145833	3.495304	5.144861
4.391361	4.778988	8.490733
4.098559	6.728471	5.883710
4.867699	4.773894	6.806298
4.153676	6.215913	3.363067
4.712102	4.569769	7.826875
4.383186	4.037892	8.325487
3.424481	4.435206	8.726845
4.207866	3.485395	6.520958
4.245950	6.293064	3.503376
3.921725	4.505167	3.341968
4.463818	4.199786	8.033393
4.320205	4.800514	8.910531
4.629197	6.345325	8.692640
2.657501	3.891240	4.904289
4.396269	3.891281	4.499535
3.488515	5.126605	8.572464
4.541039	3.499621	5.993520
4.001836	4.769405	3.272166
4.133334	4.424918	3.399152
4.194305	5.994280	8.566846
3.103487	3.341304	4.747905
4.984107	6.299964	3.742864
3.736203	5.519209	2.524874
5.019075	6.832313	4.539306
4.005013	4.283942	3.330158
4.751829	4.863664	3.859100
4.214611	4.948297	2.941991
2.625117	3.895321	5.608940
3.448257	5.162215	3.208772
4.358799	5.362408	2.775017
4.203635	5.310169	9.608411
3.422247	3.814645	5.570583
3.612327	4.535168	3.523463
3.909208	5.358740	3.131949
3.781540	5.379282	7.877368
4.165399	6.334934	4.533414
3.310476	5.538679	3.326797
5.122521	5.804144	8.101827
3.760309	4.759666	2.689428
3.707859	4.452700	8.665950
3.256100	5.493311	4.586077
3.333887	3.472075	5.316586
4.688451	6.058900	7.466344
3.641030	4.187919	9.024255
3.238346	5.740580	4.556413
3.647317	5.402534	7.227928
3.439067	5.019154	3.153818
4.169581	4.067402	9.067841
4.398070	7.130112	7.269034
4.690458	6.456545	6.760596
3.860438	5.528057	2.920456
4.429750	4.346825	2.970079
4.788313	5.571055	3.241524
4.032016	5.175804	2.916600
4.609925	4.646275	4.026210
4.435761	5.692221	2.799117
2.266779	3.935377	6.999533
4.690984	4.521997	9.437233
3.150743	6.039095	5.980758
5.554831	5.952303	5.075347
2.716723	5.152406	7.448468
3.496272	3.791835	4.460754
4.725221	5.184368	2.848883
4.923449	6.723169	6.734458
2.706756	4.147398	4.132009
4.116501	4.501795	3.246451
4.313478	6.362257	8.264618
3.175663	5.488301	7.618534
4.472101	4.048429	3.820819
3.391262	5.711077	5.283759
3.229670	5.597480	7.240265
3.197432	5.690462	4.878077
3.857520	5.419408	2.873482
4.722984	4.096012	7.504225
5.160762	6.303185	5.809609
4.801179	6.726940	6.489242
4.979262	4.332573	4.250698
4.960623	5.369840	7.826728
4.515718	3.915573	5.591791
5.210927	5.971329	6.062519
3.375121	6.055317	4.203412
4.530645	5.592321	3.394064
4.046180	4.352576	3.754442
3.980606	3.898139	8.454211
3.408161	4.151579	8.452522
4.224570	6.948682	7.456749
4.018350	4.701587	8.485181
2.941002	4.838375	5.097390
4.769242	4.449473	4.670637
3.896214	5.721981	8.023079
5.129089	4.137309	6.348640
5.086754	4.380345	5.986336
3.777977	4.922780	8.651946
3.828770	4.832599	2.925686
5.618317	5.870127	5.001572
3.467196	5.443905	5.386560
4.067703	4.461378	8.530363
2.882874	3.076175	6.739195
3.536034	4.399986	3.304935
5.002923	5.646994	4.796138
3.202588	4.679511	2.912251
3.763711	4.657448	3.051152
2.782425	3.463127	5.659522
4.059846	4.990060	8.342677
3.307103	4.019685	8.250753
4.421504	6.430574	6.321777
3.102073	4.986991	4.820031
3.632480	4.482839	3.569318
3.689873	3.523366	9.012869
3.822974	3.364327	6.155174
4.125831	4.135884	3.634939
4.711026	5.438409	3.630759
3.723011	3.347896	5.842061
4.797479	4.470304	6.783264
3.187653	4.570281	8.565740
5.009947	5.425101	3.550725
2.584697	3.860399	5.514952
4.072641	6.394658	8.032024
3.208204	3.612302	4.046031
3.786712	4.466830	8.851352
3.766277	3.999689	3.894936
4.322418	4.717962	3.595851
3.848108	4.667752	8.684873
2.672467	3.755057	8.006036
4.323296	5.298176	3.489712
4.208647	4.511901	8.954184
4.660935	4.723853	8.579674
3.764740	4.963242	3.058890
4.444105	6.171937	7.375123
4.341977	4.996397	9.118029
2.617997	3.084143	7.354273
3.594402	3.809242	7.249567
4.635260	6.447826	7.645738
4.199480	6.466684	7.979140
3.560293	5.673380	9.059374
4.134667	4.789506	8.417367
5.016888	5.658321	7.033845
2.854084	4.491118	8.808717
3.825772	3.781490	4.204014
2.753636	3.748363	6.786218
3.909575	2.999061	4.062212
3.340371	5.142815	4.478500
4.059348	3.566449	7.156646
3.858112	4.653038	8.767480
4.678615	6.167736	4.677673
5.037490	4.899540	5.435976
2.759167	3.790839	6.714457
3.910564	5.116307	2.992873
2.609724	4.662599	4.410657
3.384430	3.568106	6.313807
3.890333	3.756533	4.563718
5.099200	5.376945	6.306317
5.495450	6.152925	5.745073
4.215121	5.131803	9.182622
2.944689	4.991756	6.261387
3.195166	4.029450	3.615544
3.061608	3.096573	6.015116
3.245044	5.155777	3.890946
3.977209	5.465796	8.972072
4.844717	6.355145	5.150128
4.591342	5.267285	7.371286
5.112082	5.281105	4.789965
4.258391	4.684469	3.053713
3.472309	5.425638	3.332810
4.291788	4.188442	6.045800
3.783636	3.812002	3.555518
4.386863	4.896852	3.564922
3.827148	5.218967	3.729370
4.846885	6.475232	7.444014
4.323399	5.815452	9.260591
3.025988	3.826500	8.511053
4.580467	5.697558	3.167131
4.414411	5.510467	8.480629
3.325842	5.304948	9.018031
4.758762	5.719759	3.508941
5.474230	6.253935	6.753029
3.349993	6.005134	7.837638
4.476791	5.770482	2.826143
4.887307	4.173029	5.596248
4.026780	4.944829	3.319290
4.719339	5.695705	3.570397
4.958888	4.919224	7.708639
3.795034	6.488151	6.692527
4.448793	6.396115	7.298856
5.166989	6.693214	7.017238
4.352645	6.542057	4.616023
3.409462	5.028251	3.254279
5.147857	6.270753	6.569606
3.565699	4.305557	8.638571
3.750043	4.252221	3.120365
4.192647	4.701843	9.411454
4.148570	4.720427	3.113207
3.762145	5.560872	3.521953
3.884016	4.189787	9.435421
4.680605	4.330324	7.193852
5.273401	6.161278	4.033141
3.623248	5.228415	3.377023
3.633282	5.212267	8.898375
4.000764	4.932452	8.705294
3.931160	6.113060	6.919312
4.522495	5.595700	8.655633
4.596597	4.657360	3.955430
4.569180	6.395400	3.957225
3.672828	4.728141	3.110086
4.877430	6.758522	4.589470
5.368111	6.171737	7.171484
3.995357	5.602095	3.060268
5.188176	5.411038	8.366711
3.362017	4.968999	8.437403
4.901985	5.348782	4.151483
3.984700	4.638998	3.120642
4.768722	7.590630	4.822579
5.074914	6.251455	7.676731
3.965668	5.117252	2.977390
3.128546	3.508235	3.705993
4.330565	5.217840	8.919484
3.487074	3.918826	8.284656
3.407438	3.739403	4.518496
3.653051	5.436646	9.110594
4.008225	4.596594	3.420022
4.657750	5.989749	8.623667
3.419605	4.618701	3.412687
3.001874	3.234677	4.655809
2.381798	3.860542	5.568737
2.790538	5.407353	3.986353
3.696357	4.691024	8.847924
4.673912	4.307617	3.194182
5.134815	4.892729	5.764956
5.122928	6.078800	4.582334
3.575497	4.502275	3.621460
4.234667	4.134443	2.936069
2.962697	4.505391	6.525136
4.453043	5.659737	3.551569
4.670293	3.943887	7.565382
3.073687	5.185943	6.507083
3.648925	4.935996	3.173817
3.652214	3.396197	8.020432
2.772818	4.390279	7.713785
3.567259	4.633386	8.764778
4.116358	4.952502	8.434598
3.193647	3.918515	4.108541
3.635300	4.216238	8.512615
4.442058	4.902128	6.679924
3.071012	4.898413	7.921214
3.453731	4.241535	9.224904
5.404289	5.915704	6.044353
4.303514	6.505273	4.397046
3.542017	4.835440	3.097277
4.129463	4.732778	8.777761
4.756445	5.384656	3.600893
3.794090	5.675169	3.026558
5.403928	5.406400	6.871814
4.018418	5.057847	2.925683
3.826426	4.825908	8.794067
3.996720	5.295805	3.114250
3.417969	5.139570	8.825436
5.168212	5.888250	8.017839
4.046231	4.620957	3.261888
3.676713	6.090694	5.454575
4.903203	6.158611	8.563898
4.882919	5.501899	8.529141
2.600145	3.501029	6.742600
3.667370	5.766127	5.243889
3.957453	5.445705	9.095755
4.326887	5.144220	3.284256
4.244279	5.150995	8.407249
3.301473	4.224911	3.707184
3.400956	5.840683	3.266217
3.556713	3.349689	5.245337
5.180404	4.569861	4.125653
4.105685	5.614906	8.731960
4.942882	5.947818	8.865949
3.525127	4.425114	3.520998
2.494668	4.777601	3.904825
4.141493	4.241967	8.653449
3.000924	3.434847	8.056611
3.692704	6.242761	7.261168
4.321982	5.996830	9.088626
2.763149	3.682936	4.504028
4.992651	5.090434	4.865518
4.269488	5.485809	9.096318
2.966589	4.865973	4.522419
4.378192	4.371523	3.290819
3.251550	5.380930	6.640073
3.868389	6.164398	6.525606
4.830587	6.377308	6.938768
3.031524	3.653919	7.375360
3.679201	3.848643	8.298735
4.550658	5.168312	8.711806
3.426936	5.666710	3.437082
4.185487	6.326146	3.645132
3.605342	5.350073	3.962268
3.665502	4.891974	3.038946
3.335026	4.122876	3.958882
4.189724	6.051180	8.250827
2.859456	4.380190	7.527875
4.247833	5.572646	3.101782
3.421106	3.494127	7.440221
4.698138	6.399440	6.623123
3.737096	5.049571	8.855763
4.471397	7.071400	6.329117
2.761133	4.734923	7.616940
4.302030	4.952029	8.923539
4.170904	6.634292	6.516688
4.506159	4.440934	3.382839
3.300662	4.195772	7.903805
3.942670	3.907935	4.099523
2.514868	4.248270	6.279057
4.632755	5.968098	8.562673
2.826242	4.676853	5.305433
5.470078	6.311705	8.108772
3.765263	4.942241	9.059822
3.893581	5.952592	3.521005
4.020950	4.506531	8.774413
3.552458	5.342159	8.839146
4.305626	5.212058	2.835448
3.638818	5.493345	3.623385
3.310952	3.375435	4.042765
4.341851	4.975783	8.664149
3.798428	5.098810	8.955720
0.587148	5.027300	3.212583
2.331751	2.660440	6.866250
7.228644	1.162661	7.047456
6.022209	7.777004	2.471242
5.471207	6.891874	5.228028
1.710979	4.443926	4.802949
3.093095	3.630294	6.555321
3.841965	7.279409	3.655303
2.183816	6.680367	8.887491
1.681356	8.085567	9.507741
1.978901	3.524449	4.211552
4.689037	1.474643	4.299931
1.471170	7.806144	4.658652
5.090834	1.091386	3.937503
6.423174	2.222232	6.969854
1.472669	3.793775	8.668436
6.058998	3.983930	2.070962
5.823391	5.933866	9.278379
4.689365	1.058208	2.616596
3.275270	5.693296	9.099302
6.973520	2.623261	8.189847
2.397559	7.839815	7.372369
5.443399	2.504813	8.536428
4.739614	4.319201	6.753241
0.382132	8.408534	9.567804
1.308066	5.588050	6.360158
0.424106	2.300406	6.311367
7.118507	1.527947	8.682427
0.754808	2.231329	2.714777
2.039894	8.904464	7.540736
6.992766	7.231868	9.280507
1.724014	3.278570	5.647459
6.406106	4.990613	8.289754
1.583328	4.364523	3.803637
5.806802	2.653956	7.109307
0.192468	1.805793	5.683702
1.826731	1.056586	6.098180
4.831603	5.467266	3.202996
1.535329	3.165044	8.394039
3.498620	1.139070	7.175873
3.520175	7.866304	9.747607
3.190597	2.748254	5.151706
0.869513	5.353919	3.330815
3.963716	4.451965	9.049887
2.916110	2.083644	2.833173
3.964577	4.020391	4.174438
6.514506	2.021995	5.923014
0.199537	5.071501	3.656965
7.630247	8.353236	7.330753
1.342009	1.715549	5.357384
5.885833	4.037911	5.861108
5.951818	2.252458	7.664769
6.740972	5.734058	7.943145
2.061787	6.543007	8.902631
7.947371	2.449079	3.252732
2.302170	5.325000	3.418211
7.783656	8.569788	7.466558
1.466649	7.271802	2.807641
0.200891	2.526054	4.647482
7.057758	2.576063	2.322891
6.269854	4.336334	8.691726
2.076499	7.429011	3.686117
0.791441	8.685325	9.043072
1.683098	8.175934	5.914151
5.648951	1.713806	8.476233
1.191060	4.067818	6.320339
3.604888	6.768928	9.294445
5.305805	3.764983	6.096188
6.354929	2.799663	3.032876
6.141924	5.988456	2.734123
5.699129	7.561393	3.690716
6.720902	5.104518	7.237977
4.256944	5.208770	9.289908
6.289063	3.335662	5.070288
3.961631	6.829019	5.007129
