2.711286	4.957715	4.625929
4.122489	4.320557	3.443898
3.887949	5.001987	3.279834
3.096896	3.548042	7.914535
3.126932	3.273724	5.394010
4.028497	4.739482	2.384629
5.114543	5.461922	4.913132
3.730189	5.646632	3.407735
3.145680	3.828466	7.495079
3.249671	5.106250	7.599642
3.385275	5.059312	3.397027
2.845126	5.203419	8.201180
3.552343	4.731213	3.455752
3.963528	4.965545	9.002424
4.960646	6.475768	6.984968
4.546681	5.596028	3.347787
3.972120	4.865096	8.469475
5.193849	5.869483	3.330385
3.147404	5.349439	4.046649
4.870471	5.572040	4.152073
3.683894	5.594713	3.942574
4.076644	4.527966	8.811463
5.488616	5.556551	5.555709
3.958759	4.844891	2.827515
2.744705	4.391356	5.614005
4.132698	3.588580	4.618001
2.893733	5.751536	6.664368
4.551364	5.061742	8.953091
3.491936	5.383251	4.072390
3.878730	5.865643	8.606346
4.669446	6.813282	7.286678
4.190578	3.970802	4.708979
2.835303	4.363028	5.164576
4.447639	4.474838	8.400735
4.852473	5.016086	4.697934
5.128910	6.040669	7.946569
3.139253	3.799738	5.034599
4.565644	6.540734	8.276152
4.165150	5.679998	9.094511
3.878133	4.971856	9.336492
3.731378	5.190027	8.660711
4.756139	4.353933	4.034878
4.365962	4.166223	2.301511
2.892624	3.312276	6.086902
4.229508	4.855655	8.847233
4.576089	4.028768	8.105034
3.812475	6.171462	3.556041
2.633646	4.212038	7.745868
4.206009	6.006163	8.036646
3.358520	5.263274	8.500672
4.199722	4.270154	3.086682
3.665739	4.768192	8.890327
4.025237	5.199425	9.140404
3.692251	6.095990	4.450632
2.876038	3.691215	3.644586
4.631827	3.946331	6.615282
4.102001	6.462031	6.839487
3.307272	5.572449	7.314373
2.966879	4.297840	8.455375
4.849580	5.629685	7.702712
5.499376	5.435144	5.387378
3.737793	4.330346	8.660046
5.096476	6.899511	5.099048
3.420117	4.785914	3.990079
3.040766	4.687239	7.658648
3.612883	5.691592	6.532888
2.530192	3.727935	7.203791
4.330506	4.734368	8.705746
3.265836	3.157943	4.993413
5.011425	6.542167	4.442049
2.862903	5.441745	6.925856
4.170075	5.456274	8.698032
2.651269	5.486430	3.958747
2.981138	4.157184	7.498055
4.909204	5.057646	7.879955
4.025958	4.298293	8.772243
3.697318	4.972497	9.141311
3.955430	4.959267	8.977231
3.979907	5.843660	8.009469
4.604563	4.782272	8.888999
5.244108	4.389978	4.746409
4.113280	5.594938	8.299929
3.783739	4.862553	8.585923
5.095793	5.707324	7.326043
4.861108	6.547518	4.665998
3.939680	5.076843	8.220584
3.298645	4.031104	8.619181
2.722037	4.468878	2.967142
4.205724	5.570656	8.781615
5.505736	5.766578	4.823174
5.160188	6.352326	3.965234
3.581548	3.404169	5.472907
3.739502	4.795929	3.103399
4.716148	5.222110	4.838381
3.078689	4.904624	8.091647
3.193394	3.822971	7.857278
3.746150	4.521757	9.336219
3.801571	5.543288	8.461677
3.720269	6.317685	5.126695
4.750749	6.203209	4.066007
3.293049	4.229759	3.392529
4.204354	4.958345	2.837924
3.047639	5.539378	8.005830
4.567392	6.382930	8.183476
4.333490	5.071124	2.979801
5.273223	5.280281	7.554321
4.968474	5.285966	7.571472
4.306782	5.785423	8.711592
5.464098	5.619618	6.260868
2.819488	3.737939	4.654172
4.136721	6.108047	3.620443
4.225965	5.441343	2.942351
4.559445	6.155425	3.516135
5.120152	5.113915	6.792060
3.992691	6.745390	4.990763
4.469798	6.268082	5.781534
4.491029	4.428598	8.719382
4.861776	6.216181	8.844499
3.745333	3.615071	4.129116
3.299475	5.428203	4.471485
4.224137	5.386762	8.170387
4.285213	6.407626	3.703567
3.827306	5.403447	3.217662
3.545671	4.597686	8.835318
3.348790	5.410284	8.589025
3.303045	3.184639	5.004722
3.395908	3.828285	4.127961
4.558236	6.645232	6.914579
3.183368	5.624718	8.545971
3.542056	5.253289	3.096236
4.142674	4.104958	8.580465
3.802723	4.565122	3.112182
2.804275	4.603132	7.521977
4.330114	4.507482	3.726136
3.515935	4.913339	2.864492
3.633232	4.969355	3.163860
5.332730	5.384281	5.940757
4.811468	6.447026	5.537421
2.679330	3.938147	4.707719
4.290804	5.469625	9.262614
4.574360	3.697714	8.068523
5.454848	6.212276	7.174499
2.976591	3.443274	6.087580
4.966068	6.245447	7.075102
4.969417	4.032104	6.017062
4.730494	4.366513	7.695235
4.077486	3.091475	4.084281
4.572329	3.950374	5.902136
2.547225	3.880363	5.969652
3.611168	4.910240	9.394819
4.968510	5.456472	6.600310
4.228446	4.351588	5.263990
3.634106	5.179464	3.114810
5.060611	5.851100	3.985440
3.610784	3.556364	8.052716
3.463001	3.960514	8.516146
3.380260	3.487875	8.204003
3.169384	4.093912	4.182717
3.569062	4.846189	3.207318
5.142482	5.913996	4.441112
3.298754	3.235800	6.221924
3.130772	4.387907	7.974162
4.202152	3.683815	5.994596
4.061905	5.682947	8.604190
4.157633	6.584758	3.991784
4.506257	5.569099	3.583469
3.881050	3.880924	3.574576
4.133361	3.879457	5.755773
4.888453	4.985983	5.024667
3.902423	4.582175	8.939978
5.049058	5.287103	5.284978
2.715205	3.958210	7.840823
3.625032	3.867449	8.329621
4.134628	5.144390	9.583217
3.382281	4.779700	7.484392
3.557299	4.954857	3.236676
4.520707	6.515509	4.871878
3.297610	5.473707	5.757878
4.382235	4.421839	8.032584
3.989871	5.239363	8.310920
3.967237	3.831079	4.016320
4.362457	4.272718	9.045097
3.261221	5.253314	3.492626
4.758457	5.036373	8.841279
3.943218	4.963428	2.510980
3.203957	5.457122	3.103625
4.184069	4.548014	3.307418
3.880123	4.266696	3.336179
3.449939	4.445136	8.613585
3.979056	3.191673	7.297306
4.022219	5.262522	2.650351
4.347791	4.524654	9.056033
3.408579	5.103108	3.625306
4.546520	5.005851	8.322474
3.751945	4.134064	8.975910
2.585940	3.930701	6.855492
3.890652	4.577850	3.412834
3.842552	4.852727	9.176533
4.966735	5.415366	3.330445
3.666587	4.552370	8.883983
4.759211	4.758991	8.278288
2.994416	4.982759	7.080389
4.461235	5.200657	8.839519
4.194970	4.754511	8.773297
4.263402	5.291775	2.670135
2.753942	4.048218	3.720403
4.167539	5.259570	2.382114
3.990906	4.189240	3.490901
4.096346	3.915498	4.731369
4.290211	4.859410	7.008469
4.120094	3.475782	9.026734
3.390904	3.437734	3.835106
4.857119	4.694417	8.320460
4.051524	4.810769	9.124380
3.616077	6.423033	6.575862
4.678669	6.397050	7.288167
4.030237	5.218752	8.758437
3.838880	4.548283	9.018184
4.620552	4.898153	3.057875
3.989777	5.367614	3.681384
4.495895	7.260772	5.657424
5.182451	6.548841	7.808536
4.501997	5.123409	4.130661
4.501661	5.462383	3.281370
2.991119	3.524567	6.745187
4.463812	3.891769	3.355582
5.359262	6.598049	5.810615
3.837974	5.570724	9.106260
4.025408	5.381160	3.092711
3.037473	4.650212	4.307338
3.085627	3.029438	5.879029
3.840343	5.070060	9.204436
4.548402	6.173281	7.568565
4.144009	5.339889	2.815924
4.150140	5.059722	3.035115
3.802308	3.646243	7.065853
3.839776	5.706788	6.325708
3.684706	4.048934	8.447982
4.641976	6.281931	4.115309
3.985877	4.832218	8.957316
4.929125	6.021476	8.180007
4.055782	6.010122	6.283730
3.279569	5.853719	4.525881
3.373416	3.915851	3.049552
4.553710	4.783173	3.532602
3.113329	4.796245	3.961447
5.568921	6.190962	6.315263
3.811073	4.657211	3.457380
4.107608	3.663317	7.815546
4.226789	5.822467	3.320050
4.296055	6.007632	3.368135
4.754063	5.719275	7.748936
4.040147	4.198499	8.469537
4.607830	5.875617	3.323581
3.968305	6.070170	3.118979
3.524489	4.449081	3.233163
3.621447	6.049451	4.340761
3.512419	5.891385	5.113569
2.239333	4.550598	6.975409
3.442111	3.665658	3.698539
3.715916	3.648682	4.630681
4.547839	4.725183	6.863666
4.755927	5.880640	3.682564
4.527713	5.622143	9.154879
3.971322	5.287543	9.547272
4.118447	3.823990	8.171459
3.865603	5.426804	3.255378
4.567310	4.034467	8.509785
3.653592	5.555111	8.507118
4.059763	3.037761	5.202199
4.122288	5.229630	2.838069
5.190197	6.113920	7.004758
4.600819	5.348131	2.931412
3.885210	4.527171	3.302166
4.207176	5.470962	2.661557
3.775054	6.678759	5.854780
3.962878	6.226546	8.056005
3.850966	4.137899	3.545661
4.131970	5.461772	8.742508
4.726752	7.192765	6.089580
4.176525	4.939518	8.849429
5.346031	5.099079	5.136985
3.508328	2.789465	6.470654
4.038796	5.434459	2.888461
4.341032	4.849460	3.381055
4.229573	4.073107	7.330888
3.515638	3.791590	7.951539
5.186079	5.436001	4.113407
3.246168	5.147855	5.341221
2.988902	3.542577	6.352432
4.877034	4.623619	5.536480
4.352630	5.704205	3.239909
4.379302	6.209787	4.912605
4.697165	5.761512	3.153716
3.772647	4.114060	3.259252
3.993029	6.099337	7.471656
3.515686	3.834263	6.365335
4.168890	5.107153	2.583147
3.578191	5.037813	2.557632
4.744931	4.291757	7.112106
4.648516	5.060517	4.456483
3.583226	5.117308	3.265550
3.768035	4.709651	2.826680
5.159164	6.340664	6.094074
4.064816	4.881411	8.914173
3.828514	6.502190	8.525052
4.836035	6.455919	5.896639
3.394837	3.195543	6.227470
4.445987	5.708319	3.493641
2.998388	6.128973	5.802092
5.262572	6.219017	4.980826
4.323592	6.760955	4.872058
3.889246	6.464363	5.599526
3.378873	5.347307	2.941329
3.605883	3.548497	7.349908
4.197207	4.830794	2.440836
4.290012	5.412217	3.040727
2.682010	3.490112	5.211803
3.881333	4.804698	2.684302
2.612494	3.855359	4.642794
4.321667	4.783135	3.197092
3.672292	5.053747	8.985020
4.039053	3.506068	6.156295
3.104683	4.048361	3.576435
3.526742	3.336651	7.267786
4.101243	6.070347	4.517304
4.286220	5.461345	8.937520
4.576916	6.318521	7.860794
3.639252	4.798770	2.738728
3.360154	5.192337	6.005774
4.961162	6.199647	4.854350
3.660838	4.266716	8.876206
3.059910	4.881763	5.844748
3.408426	4.348815	3.681219
4.897086	4.708802	5.937552
3.530188	3.220140	4.261168
5.106864	4.518181	4.648826
3.999868	3.685919	5.857422
3.815790	5.124482	8.855434
4.366256	3.888502	3.922453
3.740203	3.542021	5.586533
4.271085	4.998192	8.716064
2.734414	4.134638	4.312559
3.060730	3.253348	6.788574
4.787822	6.945888	6.501359
4.730992	6.720093	4.797739
4.428675	5.038350	7.493753
2.628880	4.196126	4.812582
4.244478	5.383769	9.089106
3.904208	4.075472	4.291146
4.288028	6.490591	6.228653
3.590973	4.939494	2.904681
4.729083	5.799230	4.285217
4.402853	6.140258	8.285124
4.160338	4.911165	3.828831
5.758946	5.567868	6.595570
3.498100	3.609598	8.188172
4.356487	5.814340	3.304972
3.793914	5.773367	8.943108
4.551483	7.132405	5.784831
3.447126	4.268313	3.056900
5.024027	6.761153	6.701299
4.022127	5.453391	3.206081
4.688635	6.241643	7.208555
3.856087	6.567516	4.151933
2.529889	3.178110	6.336942
3.581196	4.717198	8.717490
4.696275	3.884659	5.259167
4.964293	6.330718	4.941397
4.149667	5.031251	3.157205
4.443055	5.289716	3.680238
5.459860	6.441852	5.183099
4.406054	6.568687	6.719908
4.199872	4.435582	7.984111
2.841464	4.217517	6.509510
2.510565	3.641001	5.284162
3.548571	4.722283	9.134441
5.268970	5.155793	5.912856
3.437403	3.472727	7.253505
4.561516	5.334800	8.560916
5.047956	6.262411	7.029279
4.118269	4.876226	3.370809
3.928329	4.788010	3.271184
4.233504	5.033183	3.192124
3.963371	4.994308	3.061626
3.246591	3.278586	4.891049
4.146538	5.480546	3.437470
3.925355	6.010765	8.954613
4.841536	5.627743	4.116281
4.791127	6.663031	4.295227
3.553579	5.517092	8.301900
5.768688	5.478785	4.042540
3.534808	4.240530	8.460524
2.982234	4.555552	8.307348
4.025778	5.188868	3.201332
4.507549	5.159045	3.153612
3.759993	6.724792	7.755820
4.017146	5.359252	3.230652
3.580908	4.478031	2.947999
3.389792	5.823957	4.720462
4.312531	4.064259	6.636318
4.333154	5.464310	3.000444
3.597816	3.457745	3.726573
2.617073	3.583100	6.960230
3.292761	4.733208	8.605032
3.990060	6.058239	6.770580
2.966787	3.784169	8.321852
3.770688	5.329055	3.457226
3.898632	5.121636	9.176910
4.076439	5.046181	8.735173
5.256063	5.463131	7.459519
3.224528	5.715730	4.186155
4.892981	4.745946	7.335026
3.742077	3.832364	8.904245
3.549269	5.020520	8.726373
4.789151	5.716262	8.427354
4.788916	4.421459	8.696269
5.266725	6.116069	7.526715
3.862468	5.122173	3.255326
5.230103	5.806648	7.879355
4.047307	5.710044	8.631229
4.243275	4.978021	3.438086
3.338963	5.666265	7.350620
3.279274	4.934853	8.334392
4.268557	3.593612	5.252087
3.311847	4.485675	7.927835
4.618511	6.181426	3.541524
5.303549	5.698716	3.669935
3.103525	3.721752	7.510942
2.775190	4.696759	6.662952
4.685884	6.997563	5.822904
3.036494	3.062683	5.574907
3.095031	5.157459	5.906923
3.898941	5.058486	2.857284
4.028971	4.991347	2.914216
3.042698	4.780257	3.752769
3.219875	5.444707	5.289092
3.497981	5.026632	2.974695
3.460673	5.902999	6.710449
2.673126	3.030665	7.278889
3.027173	4.271707	8.962685
4.788880	4.891423	3.122244
4.577137	4.750047	7.544102
4.974321	7.094766	5.595030
4.738925	3.897347	8.030843
3.253570	4.475048	8.616628
4.038962	3.780131	7.345604
4.582312	3.573458	4.957844
4.107747	5.218369	8.876107
3.922380	6.140166	9.142562
3.747260	3.831794	3.733457
4.500429	5.083039	8.528891
4.159624	4.798268	8.786170
3.763810	6.082469	8.665191
2.829994	4.884798	5.156497
3.498332	6.220347	7.897742
2.829055	4.814526	3.781267
5.298930	6.014042	5.011020
4.839434	5.536165	8.509422
4.667384	4.320407	5.491199
3.860469	5.161836	2.770700
4.549004	4.464084	8.492862
3.316879	3.747662	4.497961
3.239360	4.176910	3.293803
3.246283	5.403163	4.396587
3.632549	3.318356	4.471248
3.905419	5.459086	8.757829
4.252629	3.589327	8.037412
4.257665	5.343049	8.346048
3.877958	4.235286	8.818357
3.764346	5.091360	3.302067
3.906629	3.449988	5.313895
3.453924	4.580512	3.272977
4.272094	4.865213	9.018669
3.684937	5.489220	7.976870
3.499993	4.139026	3.131928
4.664544	5.562815	3.512075
3.823571	5.587459	7.983534
5.040467	5.305791	7.514353
5.140712	5.580602	3.593464
4.525755	4.995904	8.129770
5.010324	5.977714	8.131804
4.659776	6.115156	6.927039
2.855149	5.286730	5.821709
3.704324	4.729075	2.654554
3.875409	5.691559	9.318044
2.951708	3.754432	5.681545
3.729761	6.181250	7.104471
2.906188	4.714045	7.037721
2.787187	4.101693	6.217515
2.939124	3.613743	4.865378
3.608132	4.003940	7.023110
4.679400	5.684557	3.257972
4.021495	4.869710	2.942190
4.453153	4.180138	3.873088
4.190041	4.917071	2.657228
3.054251	4.827748	8.226608
3.849215	4.574208	9.039344
5.406345	6.888425	6.914275
3.308065	4.167267	3.991090
6.273865	4.934949	3.076805
2.360340	8.042054	2.367838
1.534330	6.335217	9.325770
2.655856	7.992942	9.998453
5.285768	6.481857	9.640169
5.808882	6.538902	7.189976
1.712209	1.490221	5.262631
4.120057	8.124677	5.043323
0.292720	1.020589	3.518542
7.439248	8.432254	3.877552
2.985462	6.955331	6.438505
4.603099	4.327384	7.580656
3.510426	6.753042	3.851515
3.578443	3.372154	7.959675
3.771725	1.804937	5.645299
7.114546	1.421940	2.690642
0.356337	1.785235	7.800740
6.890255	1.904858	3.973456
5.442709	1.649244	9.614604
4.795615	8.900596	5.154365
3.702384	8.861513	4.054209
3.725243	1.629915	7.198486
2.820397	5.038828	7.128034
2.656202	1.942888	3.121120
5.461304	4.171921	9.819257
4.367770	1.625417	7.868639
4.369624	6.598291	4.444350
2.931941	4.029682	2.008140
5.204505	6.766730	7.384002
5.534052	2.711075	8.244266
0.048504	5.581555	9.303045
6.052734	1.427869	2.165436
5.192216	1.601448	7.980453
5.180671	3.398381	6.362996
1.373246	2.701553	4.332418
3.969343	6.019888	4.127815
1.833571	8.351379	4.628349
2.930745	4.368694	3.277921
5.275784	7.552330	9.995831
4.787812	4.654500	3.967582
0.864874	3.146719	2.202718
5.002422	6.160224	9.608790
0.815455	5.362987	3.494406
3.571284	5.624305	7.728657
7.244486	4.928867	8.617134
7.208009	3.406229	3.206766
0.960341	4.897241	6.149699
7.595258	1.506444	9.741993
3.181614	6.559723	6.971729
4.542617	6.997721	8.762256
1.234091	4.628027	9.639612
1.762836	2.897220	7.311088
3.918490	8.529650	7.549785
7.199685	3.881918	4.546223
4.466327	1.831989	7.731230
4.606670	2.971155	8.638969
2.379491	4.473879	5.224027
4.538848	8.895908	9.310126
6.996043	3.926310	7.769873
7.557055	5.973617	4.823648
0.800205	4.210368	8.762374
6.104216	1.555038	3.125639
0.006544	4.100996	7.193410
7.487956	2.253190	9.079765
5.285882	2.017646	6.703074
5.111077	2.695144	2.662171
5.333793	7.447488	9.451328
6.782955	2.626853	3.138091
3.790345	8.784460	8.493176
5.445597	7.137461	7.471524
1.366703	4.001631	2.402597
0.434642	5.034493	4.058157
4.667782	3.424279	9.192239
6.400339	8.079602	8.345879
7.012111	8.499651	8.365400
