4.959608	6.462199	4.878517
2.956951	4.346061	3.904038
4.119157	5.462276	3.417265
3.246785	5.431074	5.965055
2.987786	3.374410	6.059514
3.408724	2.771547	6.399934
4.146502	6.162189	8.773593
3.190298	3.849951	8.097070
4.587356	5.289411	7.687422
4.367992	5.207904	3.242671
4.842756	6.845063	5.366618
3.567266	5.626408	8.198594
3.435648	3.252669	7.562251
3.511562	3.763066	8.749540
5.050411	6.311256	7.230041
3.963059	5.535567	9.242543
4.953835	5.957207	7.495666
4.497365	4.446193	8.316704
4.447901	5.005407	3.640069
3.551273	4.426772	8.693835
5.132405	5.312657	7.825195
3.946764	4.554441	2.710723
4.176897	4.291731	4.865402
3.546088	4.019358	4.145239
3.526434	5.081010	8.682984
3.382336	4.423389	3.832632
4.204965	3.892632	4.083923
3.381564	4.073314	4.170328
4.950858	6.435391	6.269239
4.785334	5.813648	3.324057
3.756826	3.930100	7.215929
3.978678	5.208083	8.926348
4.309866	4.748776	3.403201
3.309066	3.369008	6.694760
4.388688	6.007754	3.466665
5.005149	4.764986	4.631903
4.762756	5.205800	7.151484
4.344414	4.380146	8.433167
4.036477	4.717995	2.820019
4.904231	4.709003	6.353056
4.847832	5.032221	2.988170
5.081228	7.045953	5.566764
3.975550	3.467340	7.137025
3.489947	4.470134	8.293358
3.773348	3.960284	3.550497
3.622266	5.241113	3.186883
5.229809	6.433744	6.097829
3.942406	4.168269	8.414150
4.342264	4.995750	3.204617
3.784661	5.005505	3.516501
4.269650	6.308276	7.946356
3.758028	5.231538	3.540564
4.202547	4.653863	9.276751
3.474375	4.533112	9.192523
2.851813	4.171951	5.850777
4.349072	4.188341	4.196110
4.558232	6.874366	4.421456
4.484392	4.804502	8.901270
4.479305	6.500986	8.144828
4.675394	4.395655	4.294546
3.454023	5.964186	4.407795
4.370603	6.725346	6.432175
3.448928	3.911826	3.540780
3.207307	5.198708	3.399617
4.380426	4.491052	8.778119
4.381360	4.872442	3.382244
4.333543	5.830427	8.490163
3.856636	5.898228	8.574159
4.059734	6.519990	5.453934
3.847435	3.579730	7.740212
4.966586	5.508628	3.455351
5.056966	5.137388	7.388990
4.873836	6.778976	6.968539
2.429397	4.190067	6.692557
3.046979	4.475132	6.997337
4.003698	5.300935	8.737207
5.740167	5.720895	5.733231
4.301788	5.079038	2.770442
2.751298	4.598244	7.249997
4.201331	4.831494	9.478975
4.553174	6.438212	4.506737
3.357395	4.533039	4.048491
4.093239	5.239855	2.994708
3.810440	4.563665	8.856497
2.612190	4.304233	4.920191
4.092823	6.013653	3.772761
4.031916	5.278535	3.382166
3.730379	6.217671	6.323967
3.829007	4.741827	8.862288
4.451274	5.102953	9.141872
5.080419	5.691328	6.350137
3.173734	4.389634	5.490977
4.451929	5.946796	8.685085
4.592796	4.281480	8.998590
2.621534	3.736516	3.563851
3.604915	4.939361	8.757232
2.266868	3.777342	6.355663
4.157834	3.423873	6.218574
3.109504	3.232819	7.477496
5.065984	4.926868	5.442188
4.097855	3.391396	5.447161
4.562182	5.240939	8.871412
4.936724	5.717686	6.381195
4.087426	5.176863	9.313620
4.729465	5.797340	8.973478
3.231639	5.685688	3.910855
3.011044	4.609573	6.798309
4.471438	3.929667	5.781647
3.784473	4.774337	9.271904
3.744198	4.168965	3.074469
4.409781	6.706958	7.947601
3.242058	4.164022	4.969276
4.606071	5.115645	3.327672
3.912047	3.958536	8.374217
4.784519	3.963738	7.546732
4.042445	3.556489	7.461995
3.313171	6.097911	5.341826
3.774562	5.411739	8.046674
2.935764	4.202217	6.666710
4.172356	4.751740	3.077499
4.615631	5.033235	8.447093
4.277941	5.443902	2.696388
3.560944	5.174780	3.058233
3.979482	5.010800	8.898208
3.310027	4.708220	8.925237
3.726149	5.337859	9.018320
4.974169	4.407510	3.636520
3.950014	4.622328	8.980240
4.389381	6.618517	5.191058
3.841413	5.372787	9.238055
4.172278	3.828778	3.900874
5.409109	4.691201	5.759268
3.080537	5.871366	6.749214
4.073075	5.453292	3.055683
3.871313	6.345003	5.799819
2.742420	4.248042	5.347623
4.114042	5.362120	2.955180
4.010414	4.599697	3.455772
2.587479	4.982597	6.082357
5.483479	7.093172	6.548287
4.334643	5.430739	8.326748
3.132467	4.051840	8.179524
3.681895	5.089431	3.042260
4.547040	5.685034	2.939891
4.873916	5.207970	4.062591
2.601597	4.308308	4.892000
4.001618	2.868941	5.201314
4.289114	4.171204	8.685722
3.510848	4.099283	7.482303
3.747589	4.861172	9.463787
5.063078	4.968130	3.490544
3.957071	4.391856	8.784771
5.165057	5.783122	4.091759
3.848014	3.271522	3.528016
3.824272	6.018680	7.753509
4.023779	3.832961	8.190984
4.893077	6.066968	8.282498
4.385014	4.758744	9.227779
5.306099	4.662967	5.537262
4.855628	6.609744	7.438471
4.854932	4.193557	6.078951
4.186516	4.660530	3.448478
3.784127	4.387280	7.825645
4.253764	3.830751	3.951385
2.821531	2.909731	6.428624
2.934689	4.860092	8.021886
5.064370	5.035525	4.355474
4.529204	4.366989	3.572443
4.663796	6.246508	3.671832
3.359398	4.995907	8.209532
4.379382	6.443743	4.328977
4.483733	5.189771	9.179792
3.793704	5.492326	3.827580
3.774377	6.334576	6.323633
4.131760	5.954418	4.000839
5.118357	6.842634	6.965081
2.938128	5.250153	6.390366
3.465074	5.404042	9.368902
4.728349	7.254092	6.432803
5.324291	4.924347	5.120778
3.123691	3.259465	4.086815
2.839731	5.203141	6.289494
3.040292	3.058055	6.494226
3.726839	5.459971	8.920342
4.654522	6.031298	6.879661
3.249658	4.242915	7.413022
3.369056	2.705803	6.278597
3.757705	4.216018	3.201372
3.783747	5.309856	2.972395
2.976758	3.940056	5.474219
3.938922	5.354141	8.870661
4.885893	6.511679	5.957170
3.996730	4.124330	8.503858
3.776592	4.668869	2.882720
4.090069	4.497586	9.035057
4.437343	4.616436	4.660002
3.692290	5.484785	8.971805
3.717445	6.142047	3.826320
4.173585	5.761528	3.655564
3.714505	3.411802	6.259869
4.165772	4.409807	9.015444
4.660843	4.081634	5.696847
3.701399	5.741221	7.648055
3.953233	3.848867	4.342969
3.407420	3.922177	4.022331
3.937959	3.792347	7.765625
4.544237	4.958817	8.791307
4.081713	4.774448	7.809503
4.021152	4.384366	2.726940
4.796048	6.509464	5.713798
3.072062	3.768539	5.711700
3.224706	5.840132	6.823143
3.889474	4.879615	8.794331
4.262959	3.864597	7.978502
3.141080	4.711845	8.539241
2.744170	4.169526	7.796996
4.228605	5.091040	8.816216
3.277746	4.445625	3.376230
4.845695	5.193138	8.744694
4.582618	5.297028	3.123064
4.436296	5.265929	8.554241
5.312914	5.149727	4.870862
4.318016	5.753756	8.886859
2.570963	3.866807	5.514148
3.017263	4.466267	8.190200
2.899437	4.551116	5.973133
4.132317	5.233536	3.136143
2.478158	3.588165	6.384615
4.002254	6.429394	6.065833
4.340937	4.766702	3.704159
4.683569	4.622899	4.328223
3.881408	4.302855	8.957243
4.633009	5.424281	3.329656
4.030030	5.100318	2.995994
3.456968	5.694522	5.493873
4.098675	6.451051	6.194968
3.552252	4.642108	3.155114
2.991247	3.787277	6.758440
4.028640	5.984193	7.719055
3.813756	5.858914	8.449948
3.681452	3.997931	8.088023
4.664954	4.946360	8.466641
2.947863	4.894462	3.277359
4.017720	5.192923	8.954291
5.432554	5.694199	5.616763
4.207659	4.950953	3.294962
3.423055	3.209627	7.368038
3.528306	4.597070	8.304471
5.084177	5.954276	4.504147
3.889619	5.101983	2.919565
3.319321	5.638128	2.987845
3.512841	3.282666	4.698144
3.376022	3.844879	7.788539
3.834437	3.684147	3.545645
2.627796	4.245217	6.481260
4.426077	5.152242	3.507089
3.855695	6.197573	4.445325
3.985762	3.867883	7.180853
4.777539	4.865258	3.282068
3.987717	5.122593	3.063817
3.474885	5.483573	4.954055
3.202584	4.000928	3.673170
4.159800	5.256669	8.581111
4.778988	6.633899	7.745908
3.415123	5.650660	4.435167
4.668019	6.490536	7.778357
3.443966	3.372602	7.880171
4.318391	4.738863	3.165639
5.053249	4.508338	6.842208
3.428910	5.143774	4.219837
5.409837	5.682426	7.412053
2.950887	4.970977	5.651181
4.117758	5.318513	3.032330
4.385938	5.472940	8.717103
4.066060	4.826393	2.701610
4.065269	4.588957	8.907683
4.458526	5.212098	4.652480
5.342165	4.677373	6.841869
4.378981	4.548383	7.869798
2.962593	3.800491	4.894484
2.509625	5.305992	7.500048
3.672324	3.121745	6.282461
3.103249	4.928466	3.676796
3.717968	4.951222	8.742819
3.859863	6.610421	5.315335
3.291336	5.196846	4.964305
4.582210	5.184756	4.154242
5.043121	5.573891	4.237683
3.756008	4.954613	8.896836
3.576486	3.570141	4.532088
4.322241	5.615704	8.539355
3.458116	4.866210	8.505654
2.683473	3.676933	7.521493
4.282166	3.907266	5.407345
3.867840	3.999960	2.790528
3.717446	4.510226	3.329495
3.707756	4.444646	3.110768
3.489572	6.202673	7.611786
4.479184	5.655147	3.188659
5.081026	4.933428	4.205200
3.017159	5.348440	8.418127
3.167008	5.217090	8.155764
3.377278	5.963190	5.895700
4.568270	6.146763	8.626832
4.068130	5.766020	8.834074
3.539051	5.673409	2.988475
2.925672	4.859714	4.044295
4.723195	4.589673	8.943739
4.966584	6.949518	4.565647
4.839828	5.585017	8.266231
3.885725	5.007783	8.924915
4.393964	5.367840	3.032011
5.093063	5.428588	4.471023
3.021788	5.936336	6.463976
4.428300	6.164556	4.873021
3.227434	4.115205	7.362554
4.402535	3.789799	7.527177
4.298790	6.981101	7.591675
4.849193	5.924315	3.579018
3.934162	5.330937	8.644301
4.855932	5.583440	7.581406
2.740126	4.165347	7.342747
3.575467	4.067982	5.910829
4.700630	6.465647	4.858002
2.924610	5.375439	5.854481
3.242837	5.432700	7.737330
4.117603	4.979829	3.384209
3.212189	5.138551	8.670243
4.113714	5.060391	3.440872
3.277498	4.787034	3.893780
3.188066	4.934591	3.478669
4.950581	6.358162	6.445844
3.208748	4.569286	3.897908
3.890835	5.483364	3.168894
3.082288	4.871252	4.352389
4.070576	4.830855	2.971645
3.959782	4.544546	3.422093
3.364578	3.963794	4.345264
3.212446	5.697025	4.490411
3.678793	4.045988	8.348850
3.384946	4.691515	8.274740
4.102985	4.650083	3.101634
5.069571	6.586083	6.916809
4.087627	5.399675	2.817252
4.121141	5.434987	2.859972
3.615823	4.192323	2.966534
3.972281	5.361987	8.729975
4.060239	6.031799	4.090616
5.355663	5.260147	6.529318
4.730734	4.199900	3.862095
3.965432	4.730643	2.853058
3.623586	4.633673	3.067268
4.277632	7.009512	6.816696
4.013244	5.968393	8.902382
3.349389	3.681024	4.521210
2.484230	4.268721	4.505649
3.268823	3.786267	8.464842
2.932889	4.229880	7.618576
4.278112	3.611661	6.808295
5.126270	6.762611	5.029651
3.510675	4.011621	8.912936
4.067040	5.954602	7.013802
4.779640	5.073510	2.961337
3.524459	2.999533	5.731854
4.169047	3.673937	4.818041
4.439466	5.246320	3.104213
3.154887	3.469309	4.920205
5.253814	6.390127	5.003622
3.723903	4.717145	9.035014
3.271852	4.714668	7.708494
4.273515	5.589523	3.489777
4.160431	4.201402	5.247105
4.662933	5.044613	8.859717
4.534355	5.160950	8.432814
3.567544	4.067679	4.119793
3.411213	5.219860	8.356084
4.392674	4.408171	7.296014
4.406834	4.930087	9.430985
4.705762	5.449103	8.513299
3.195034	5.793473	4.175799
3.287158	5.855498	4.814097
5.202606	6.804045	5.672096
4.308376	6.368397	7.387050
3.910624	6.108531	3.095402
4.550795	6.027123	8.270522
4.360668	3.717895	8.297216
4.592308	5.009991	3.535064
4.442589	6.430000	5.856426
5.287138	6.543453	5.054256
4.150242	5.321823	8.833624
4.596659	6.377547	4.400945
2.978170	3.584147	5.056653
4.060322	4.386488	3.209142
3.082580	4.495115	4.523146
3.387766	5.618638	4.874999
4.927591	6.025572	8.163706
2.302419	3.554877	7.219492
3.020510	3.762333	6.638696
3.604210	5.369817	3.408978
3.022892	3.138127	6.652735
4.342492	5.664759	8.440645
4.031622	4.939118	3.029625
5.392441	4.826738	7.744911
3.571339	3.969198	8.170220
2.637173	4.450874	7.496157
3.564121	4.419222	3.644977
5.078287	6.171789	4.067178
4.788899	4.835551	8.440011
4.376819	5.482458	8.791403
5.274823	5.055542	6.036529
2.548884	3.521334	6.506976
3.633915	5.137071	8.992532
2.979076	3.244755	6.488779
2.590814	3.080228	5.569458
5.120125	6.640842	5.666201
4.767303	4.590379	6.325339
3.892712	3.512519	4.400155
3.285164	3.710015	6.315634
4.765234	6.168835	3.788136
3.592414	5.387778	3.789002
5.331279	6.198511	4.525122
4.715807	4.253513	7.481206
4.180686	4.476259	3.278190
5.079257	6.312190	5.486476
3.016959	3.918547	3.373734
3.871049	4.974265	9.080128
4.086170	6.358358	3.658271
4.200232	5.484308	2.484978
3.909633	5.899282	2.964868
4.006017	5.126097	2.963857
2.769898	4.783673	3.316415
3.854786	5.093180	2.702687
4.846900	5.321225	3.564523
3.311426	3.586563	4.394465
3.494364	3.542397	4.529391
4.951688	5.909896	3.283098
3.792990	6.457083	7.178256
4.546733	5.955906	7.284960
4.109248	4.820784	3.184065
4.175623	4.053591	3.879464
3.957489	4.555441	2.735489
3.360745	5.345306	8.119278
4.339795	5.211095	9.256879
4.685955	4.714019	8.783560
4.866667	5.001316	5.033045
3.400621	5.659874	7.911253
4.705232	5.793597	8.026426
2.942213	4.087524	4.068020
4.587723	4.629384	5.844665
4.249015	5.210453	8.678212
4.165948	6.310685	3.491454
5.097439	5.671454	3.659286
3.322275	4.000203	7.157212
3.838135	6.182428	6.555739
3.820797	4.433839	3.417489
5.194663	6.367266	6.971737
4.805552	4.240894	7.962943
4.418640	5.199334	8.788687
4.163889	6.109329	4.039350
4.357521	4.198850	6.913828
4.224180	5.955875	8.190743
4.719519	6.528613	7.749688
4.391455	6.006549	8.376039
4.130651	5.325430	2.914656
3.347541	5.117169	8.473066
4.225462	6.200979	4.058742
4.046880	4.663931	3.310433
2.931150	4.074629	6.196047
3.106947	5.292174	8.043528
3.373998	4.659211	3.214103
3.837156	5.673534	3.228067
5.276972	6.223186	6.910607
5.306360	6.046890	4.658373
4.202834	5.710201	8.455604
3.672593	4.213350	8.851822
3.825641	4.328023	3.107050
2.984639	3.627823	4.102562
3.724004	5.389107	8.288872
3.450909	4.082958	3.346364
3.728743	4.858722	2.818160
3.518295	4.655527	2.957504
4.308190	5.787334	8.761557
5.403946	6.198412	7.513348
4.533462	4.861424	7.990020
5.248677	5.541264	6.980977
3.496765	3.344548	5.014044
3.903666	4.882529	3.153304
2.913668	3.700142	5.036013
3.687206	5.777404	5.705142
3.921581	6.892022	4.544216
5.260283	6.385037	5.806002
3.926419	4.202239	9.200852
3.608249	4.530128	3.085222
4.068451	5.030944	9.332984
3.757493	5.438585	8.290444
2.947671	3.642747	7.739144
4.376799	5.995253	8.787831
3.661770	4.866354	3.109843
4.283944	5.516948	3.154459
4.019544	3.732810	4.547572
0.541436	3.543561	5.081253
5.467401	3.320019	7.176863
1.823452	1.805399	5.467834
5.286942	3.626257	9.102888
7.861107	6.097850	2.394423
5.715023	2.264239	3.239372
0.165516	1.870651	4.385187
3.399705	6.934920	2.711286
1.883459	3.962557	6.221985
3.449577	1.496980	8.647778
6.425758	4.507262	6.800107
6.832046	5.811419	5.853741
0.406232	7.443106	8.179305
7.939957	3.894505	2.900180
1.449458	5.843462	8.279125
2.159701	8.505310	8.934551
4.646548	5.096245	7.495895
3.553748	3.545759	9.704869
0.169464	6.800916	5.005416
0.828239	8.050226	6.819076
7.794903	1.952013	8.009643
6.075488	4.348099	5.111161
2.461098	2.447806	5.252026
0.884728	5.814205	8.462290
5.136480	3.271697	4.262395
5.408888	4.732042	7.361610
2.856644	7.599155	5.273073
1.220049	1.697907	5.872253
0.508108	6.602092	9.976787
5.922974	4.990123	7.963299
5.833655	1.727237	5.650867
6.261946	8.949758	9.931631
2.965648	2.556977	9.513058
1.838904	1.632360	3.174198
1.901595	8.256994	8.287717
4.055445	5.177478	5.625548
7.812976	5.186860	3.619152
3.703038	2.647118	7.405821
0.626955	4.029060	7.176320
4.367768	4.363446	5.456535
6.358136	6.390297	5.241955
3.021706	6.814041	4.056911
7.236920	3.760835	8.187970
7.588180	3.761598	3.697642
1.604453	5.502926	3.245108
2.728588	5.453663	5.728163
5.226379	6.435149	3.276958
3.067232	3.138028	2.443387
4.219992	6.106773	7.525353
0.253613	7.521395	4.796704
2.940699	4.683151	2.785176
3.258129	1.599038	8.539881
0.233929	6.916476	5.114704
3.963214	8.544886	4.753041
0.355626	3.740812	8.318049
4.914233	3.731017	6.311201
3.122237	8.041803	8.458322
4.511061	7.514671	3.746599
5.384091	1.007502	9.893069
2.040813	8.720712	4.583306
3.531032	4.234480	8.868386
4.868727	1.828206	5.793244
6.197526	6.965896	3.838851
1.500289	2.029057	9.437074
5.715582	3.684353	5.115183
0.768672	3.849046	6.271624
1.535345	1.939929	7.362894
3.626426	2.158862	8.881428
2.990701	6.962495	3.519816
0.180124	5.524766	5.473245
1.716490	2.249864	8.615582
1.648876	3.484279	3.569559
5.710849	3.276048	8.835157
4.022242	3.714623	3.986227
0.131947	1.005896	2.473766
