4.326301	4.441837	8.460341
3.697292	5.163484	3.017540
2.971744	3.915914	5.672373
2.404578	4.410411	3.813376
4.315314	6.222103	3.821450
3.295150	4.705465	4.777784
3.393655	4.074682	8.979328
4.035439	5.012081	2.989217
3.922447	5.576252	8.191560
2.856790	4.561706	3.225842
2.397285	4.323541	6.125131
4.355846	5.590773	3.300974
3.352274	3.865433	8.523878
3.660935	5.703601	4.338789
4.489777	6.655069	5.219204
4.499012	4.577482	3.597525
3.754783	3.285539	5.244337
5.141783	4.026625	5.798767
4.023735	4.968332	3.138559
4.328662	4.580625	2.661664
3.545431	4.947867	8.309344
3.964661	3.861504	9.215191
2.394463	3.925769	6.160360
4.095225	6.089294	8.433241
5.350278	6.460283	5.194925
4.041609	5.201875	3.280950
2.889423	3.788815	5.720907
4.044942	4.351720	3.068358
4.090710	5.068507	9.173374
4.503276	6.861304	4.868650
3.769388	3.181459	4.502757
4.987007	6.115910	8.017833
4.835331	6.393192	7.777446
4.013257	5.935898	7.110012
4.292487	5.282774	2.960719
4.915911	6.466976	3.369895
3.699113	3.600117	8.074983
3.999144	4.573304	3.433787
3.572782	3.905479	8.614997
4.134574	4.877341	3.521995
4.516559	3.907362	7.386784
5.048433	5.531851	3.629860
4.536754	6.201748	7.216125
5.851180	6.061410	4.429454
3.680457	3.770258	8.102308
3.475353	4.639268	9.045348
3.376313	3.638856	8.090246
4.156312	6.553714	4.543589
4.208618	3.512392	4.645612
4.635702	6.582981	6.074721
3.816861	5.785279	4.914361
3.718379	4.912775	9.078449
4.912286	5.357485	8.231209
4.878933	4.953433	8.444779
4.315928	4.224869	8.591410
4.018014	5.056072	3.029423
3.402791	3.460284	4.644278
4.602628	4.515466	3.666942
3.613226	3.603127	4.804574
3.953613	4.864191	3.051857
5.146744	6.663717	7.023809
3.988564	4.301678	8.537126
3.513760	4.359549	3.228315
4.064676	5.245821	2.874028
3.203539	4.619724	3.054023
3.802945	6.179297	8.040021
3.990740	4.509579	8.709548
3.448591	5.716622	7.363933
3.197468	5.786962	6.655359
4.465208	4.189471	7.363675
4.727307	4.615360	4.079186
3.805939	5.372110	8.395796
3.744595	3.201269	6.666365
3.035403	3.293228	6.681439
4.353244	3.902616	4.406084
3.798950	5.327127	8.221337
4.111249	5.125892	9.086047
4.057699	6.810506	4.115090
3.984181	5.206288	8.815314
4.847718	3.968677	5.817812
3.718530	4.633817	8.859658
2.991551	3.790579	6.507625
3.282744	5.636718	4.595211
3.207493	3.863377	8.546354
4.181423	4.779870	2.989205
3.869737	5.832700	3.370551
4.941072	5.639876	8.549166
3.608916	3.247946	5.480895
4.415479	5.664862	8.870768
3.711156	5.800512	5.131553
3.799360	6.554076	6.724047
4.874625	6.379026	3.997639
3.929314	5.021773	3.029534
4.667177	4.193725	4.131066
3.547990	5.558576	4.036706
5.088701	4.520128	7.928730
4.205594	5.037604	8.812323
4.329811	7.376057	6.846094
3.196576	4.261966	7.903068
4.215061	3.929489	6.710054
4.126568	4.616912	8.931743
3.514101	4.492321	3.302400
4.985485	5.176042	8.684261
2.901444	4.447510	3.832641
3.300615	3.913378	8.483372
4.514051	5.496337	3.008232
4.238357	4.766158	3.290741
4.101653	5.624868	2.875866
4.444793	4.978107	8.526590
2.972727	4.276289	7.122842
4.194591	5.887630	3.117480
4.383119	5.720506	3.682981
4.266457	4.253102	4.070348
5.059295	5.888617	8.679030
3.267598	2.960484	6.933523
3.170790	5.591669	7.726930
3.418480	4.433930	8.665954
3.911387	4.422986	2.977317
4.693717	4.748485	7.648715
3.979173	4.863923	8.900902
4.007337	4.913572	8.888083
3.059564	5.349881	3.919204
3.680780	4.811056	3.200498
3.467339	5.268176	2.968644
3.580453	4.529327	3.445499
4.917500	5.703777	3.595758
3.647490	5.424041	5.933964
5.099824	6.484277	5.742630
3.510999	5.425208	8.900813
4.245958	4.909678	2.935553
2.983437	4.059484	3.604156
3.025784	3.329568	4.158597
4.443135	4.625284	3.369969
4.763202	6.844271	4.352454
3.592328	3.210793	7.315612
4.370569	4.085640	4.068309
5.359421	6.075013	5.187556
3.619295	4.478985	8.963893
3.292503	5.742758	6.115631
4.828252	4.805708	7.232297
4.435568	5.016464	9.396242
3.065733	3.548802	6.158634
3.787684	5.075409	9.192255
4.094418	4.933079	8.632942
2.865872	3.342664	5.564177
2.908997	3.834589	4.540811
4.663371	5.847443	4.236317
3.899101	4.949487	3.388094
3.541626	3.674252	7.207151
3.083830	4.015569	3.595984
4.628319	4.582416	7.575130
2.998785	4.095376	4.684697
3.249160	3.194872	5.633117
3.870305	4.230661	3.532399
3.317629	3.470462	7.647569
4.596223	6.815718	6.274449
4.066811	5.465164	9.004274
3.330224	5.023533	8.235052
4.971924	5.613812	3.309361
5.440872	5.736062	7.207501
4.251242	6.438009	8.124460
4.109000	4.771946	3.389501
4.420076	4.184512	4.323561
3.178343	4.102747	4.633468
3.645679	4.874861	2.582109
2.676658	3.668690	7.536838
3.417545	4.750846	3.726651
3.963482	4.475076	8.984871
4.284216	4.346340	8.854728
3.814707	6.756377	4.271629
2.834056	5.452265	5.774273
3.031738	5.317493	6.633219
5.089495	6.156846	3.925512
2.759737	3.665251	6.435588
5.498213	4.675299	5.656599
4.343106	4.686105	4.086027
5.276577	6.738095	5.343172
4.015491	5.746920	8.540452
4.289248	4.655184	3.001080
3.569513	3.453253	3.913545
3.874939	4.993628	8.862975
4.512429	5.904760	3.610170
4.892984	6.206095	3.502314
3.235862	3.615286	7.963307
3.097845	4.603999	3.699058
4.905574	6.241171	4.297173
3.264547	2.985709	6.253577
4.979635	5.541481	8.979266
4.276436	5.207242	2.945163
3.685573	3.551624	4.277840
2.852544	5.733544	4.877597
4.212053	5.657429	8.765937
4.546404	5.125533	2.905225
3.071399	4.107212	4.526978
4.468309	5.600572	8.569789
3.218402	3.762821	4.470984
4.663920	4.339180	4.911571
4.323413	5.679702	8.138775
2.641952	3.710427	5.633742
2.609026	4.693292	6.613618
2.578467	3.742315	5.933896
4.782624	5.086127	2.850819
4.194468	5.247610	3.318566
3.562162	6.219012	6.096407
5.437087	6.128896	6.992756
3.769312	5.262896	8.898857
3.884301	4.943741	2.923521
4.496023	3.679824	6.748505
4.455839	5.644930	8.110010
2.756641	5.072187	6.204422
3.412400	5.145249	8.587431
3.950569	3.668244	4.530643
4.208249	5.244057	8.955148
4.922279	4.602936	4.633149
2.870290	3.747250	5.161563
3.567715	3.455619	7.050676
3.551136	4.867972	8.971841
2.768881	3.993055	3.879977
3.511036	4.014142	8.742851
4.158815	5.029291	3.400588
3.947278	5.239710	2.893368
4.762262	4.478207	6.509804
3.087872	4.948224	8.013306
3.128050	3.771594	8.521852
3.997423	5.138668	3.355876
4.374612	4.524901	7.431578
4.254361	5.048278	3.181871
4.209566	5.994651	6.651110
2.946771	4.929252	8.825430
4.694943	5.337646	8.830523
4.062707	6.368856	5.763803
2.817398	4.540550	6.722756
3.999771	5.362350	2.977418
3.399788	3.660355	8.453934
2.830256	4.212145	5.435684
4.821604	5.033734	3.769275
5.521884	5.497329	7.208625
4.286665	7.076563	6.080399
4.075073	6.026326	8.888776
4.198810	5.604618	3.174243
5.149303	6.181051	7.292495
4.893841	6.617217	5.254066
5.230524	5.869402	8.385545
3.077182	4.673794	8.656345
3.552802	5.602235	4.195558
4.958168	4.787865	4.377432
3.280356	3.626015	3.777763
3.439024	5.232362	4.222567
3.916044	5.808944	3.390160
3.829262	5.888366	8.028460
4.565213	6.387657	4.323543
4.049403	3.385342	6.413722
3.991421	4.639609	2.413294
4.810039	6.568666	4.818702
3.695538	5.416971	3.148151
4.739597	4.725773	4.491041
5.126680	5.423905	8.301682
3.353735	3.395477	5.386199
4.781551	6.156556	8.206932
4.174191	5.607038	2.826702
5.317227	6.355788	4.923471
4.648596	6.228312	8.184455
3.900235	4.485015	3.367533
4.128539	3.438766	4.898620
3.235873	5.066815	8.248251
4.888292	4.314453	5.982261
3.990403	5.671862	8.345424
3.526682	3.793095	7.536269
3.592005	4.809445	9.121845
3.142649	3.607886	5.167199
3.357425	3.851008	3.722421
4.103944	4.867454	8.256805
3.967641	5.174899	9.249914
4.790492	6.635999	6.688212
3.239068	4.838430	3.381949
3.453003	5.371835	8.413135
4.420578	4.235234	5.952450
4.164804	5.390049	8.977931
4.342370	3.929632	3.495831
3.323692	4.297113	3.233432
3.222882	5.720934	7.102992
3.693954	4.424121	3.616777
3.815599	6.033400	7.373470
2.945497	3.138760	4.753226
4.008129	6.847025	7.016896
3.115760	5.184905	5.987589
5.270116	4.308742	5.293626
3.903613	5.476937	9.428687
4.153831	4.486152	8.515797
3.262600	5.358622	3.545907
4.739301	6.705308	7.506201
3.952283	5.523469	8.593386
3.323927	4.780198	8.941205
3.980349	6.196878	6.178828
5.073886	6.473546	7.298761
4.174569	4.002869	8.310453
4.046580	4.355582	8.324252
5.116044	5.725408	4.865103
3.983135	3.719770	5.399122
4.197575	5.086776	3.096589
3.559468	5.670532	3.838719
3.708781	3.693533	7.353334
4.900007	6.803985	4.304667
5.188755	5.502820	7.527546
5.133961	5.175930	4.085559
4.644291	5.819701	3.914711
3.911321	4.555765	3.008905
3.845966	3.291035	4.144500
3.579714	4.587241	2.753636
3.887374	5.425159	2.893916
4.286474	5.042658	3.101175
2.867501	5.005844	4.483693
2.653254	5.458406	7.471112
5.063223	5.035802	7.310040
3.113699	5.076997	7.384150
4.778474	5.630590	3.077224
4.159963	6.348402	7.114628
4.424011	5.304346	8.782975
5.374988	5.814400	7.077791
4.395008	5.838732	8.318513
5.046513	6.371255	6.008507
4.740085	5.626890	3.423908
5.489387	5.561679	5.893275
3.966692	5.068124	9.048981
4.966139	5.720117	4.477910
3.721117	4.992695	3.414093
4.024562	3.276456	6.145981
4.017037	5.661793	3.516913
5.304776	6.213340	5.995547
3.126329	6.147412	3.767671
3.962717	4.763751	3.067950
3.837172	5.873212	3.727107
4.811979	4.752334	6.227906
3.919307	6.308556	5.122388
2.785988	4.523362	6.369838
4.534889	5.701181	8.421313
4.613924	5.643737	4.081769
4.491236	4.609554	6.888396
3.835308	4.985961	3.264282
4.089456	4.896941	3.366494
4.933970	5.958249	5.969586
5.222739	4.713869	6.897819
4.377122	5.550683	8.990335
3.602145	4.553872	3.033732
3.127518	5.387591	6.582902
3.365167	3.495139	5.825611
4.682701	5.000047	8.536847
3.732646	5.124788	2.656366
2.622021	4.390532	7.481985
3.543365	3.250909	6.158959
4.613707	5.317562	8.739079
4.804816	5.409115	3.233771
4.348877	5.133410	9.215433
5.385942	5.087451	7.477921
3.051741	5.266435	4.476979
4.771798	6.868231	5.381060
3.733211	5.421753	2.947678
2.748815	4.275421	7.738614
3.300657	4.190352	4.568282
3.976172	4.553351	2.860146
4.898167	6.336347	8.073808
3.640642	4.784015	3.278889
3.942653	5.011707	2.766870
3.284021	4.308569	3.506066
4.069692	4.955937	9.458566
4.118728	4.690496	8.761523
4.758600	6.416739	8.397688
3.377942	4.739754	3.566109
3.861127	6.692521	4.118960
4.300834	4.765031	3.422560
3.225810	5.348230	4.690557
3.723004	5.285314	8.758869
3.392702	4.049664	8.169708
5.498247	6.166721	7.180664
3.981401	5.468747	9.206854
2.533842	3.356566	4.738916
4.194481	3.697484	6.358509
3.688615	3.220605	7.489594
4.397409	5.685451	8.719648
2.865476	4.231803	4.622757
5.307736	5.143264	5.976907
3.802572	6.319764	6.387450
3.392541	4.758758	3.417765
2.778941	3.877980	7.733808
4.442553	4.602494	4.712976
3.710688	4.374439	8.352547
3.134763	3.508334	3.998080
3.894968	5.832925	3.441146
5.532432	5.300299	6.351105
2.750839	4.561056	4.268985
4.034052	4.479258	3.076320
4.177721	5.285594	3.237305
5.057251	4.768147	5.050916
3.899168	5.623738	8.123458
3.949135	6.375130	4.766209
4.933546	5.612781	3.989674
4.347383	5.385090	2.969421
3.120139	4.056356	8.297597
3.808578	5.152067	8.792672
4.190245	4.463529	8.695437
5.249113	5.764863	6.200739
4.232699	5.356479	3.419248
4.091882	6.655918	6.945653
5.316273	5.425845	4.973898
4.821609	6.375070	8.275065
3.772264	4.967826	2.908954
3.372773	3.994355	4.587766
4.201541	6.308484	8.048591
4.599897	4.026337	6.352174
4.535517	4.107746	8.453446
4.872071	6.237755	6.147860
4.676624	4.116133	7.286822
2.487699	3.122529	6.841390
5.269598	6.028983	5.702567
4.038568	5.415271	3.319879
4.758278	6.792853	5.905432
2.965084	4.255974	6.596626
3.545157	6.138977	5.424783
3.371379	5.259670	8.445559
3.767122	4.426269	8.933608
5.269971	6.905983	6.453142
3.758705	5.108078	2.856239
2.915537	3.479368	7.466767
4.411089	5.309799	2.607378
3.396011	5.523042	8.173133
3.815373	4.105367	8.757216
4.079034	4.483419	3.080155
2.964141	4.226297	5.348434
3.022686	3.726721	6.023520
4.552109	5.166019	8.759347
2.978214	4.033184	7.925444
3.897165	3.393208	7.193654
2.653380	4.488700	5.712223
3.165406	4.206057	7.687872
4.805103	4.376331	7.711404
4.077429	5.092008	9.570256
4.523158	4.801432	3.077891
4.839379	5.048008	8.446439
4.641025	7.210554	5.761687
3.856405	5.507896	2.860847
4.487904	4.724038	8.344721
3.297060	3.819244	4.511909
3.277386	5.780852	4.879754
4.356339	4.660750	8.931830
4.249735	6.158289	3.684292
5.321315	5.377290	3.099810
2.957863	5.374864	4.984327
5.043307	6.126237	6.984373
5.356333	6.880362	6.363818
4.408671	6.342852	8.294340
3.459283	4.950506	8.752942
4.077030	4.970110	2.940324
3.948211	5.325277	8.935684
3.828730	4.069159	9.361004
4.772337	5.795602	6.865796
3.577270	4.368983	8.270815
3.706587	6.199538	7.570528
2.888888	3.436847	5.278082
4.861647	4.932460	3.215713
4.859188	4.231304	3.937796
3.677074	4.223322	8.708869
4.503832	5.512958	8.924673
3.574659	4.763086	8.821575
3.863892	4.807343	8.758184
4.141357	5.314384	8.260887
3.507566	3.848769	7.827805
3.545874	4.483343	8.422083
4.296993	4.267918	9.028644
3.573336	4.876351	3.230576
3.997935	3.729842	3.184639
2.856694	4.487858	8.004235
3.689920	5.389438	3.473608
4.695334	6.623228	5.195875
5.349975	5.483933	6.263700
5.196812	5.470791	4.506813
3.252321	3.963342	7.597269
3.335116	4.683295	3.352450
3.951155	4.250823	3.499508
3.445214	4.644843	3.770810
4.540332	5.380788	8.455004
3.992254	4.824315	3.056856
3.685320	3.896454	3.595174
4.687246	4.959708	8.294263
3.447474	5.429130	8.897601
4.024204	5.239813	2.981296
5.395309	5.975143	6.406238
3.269103	3.955359	8.134443
5.160860	4.618905	6.943657
3.917645	5.171282	2.746398
4.607453	4.721752	3.435067
2.917065	4.445469	8.396855
4.618950	4.240415	6.135170
2.997632	3.800835	7.625132
5.006331	6.455395	5.555848
4.208808	5.136500	9.019426
4.618423	6.340731	8.256181
2.629319	3.666374	4.394697
3.989360	4.443400	8.238083
3.734446	4.544398	9.343798
3.756984	4.730976	3.074141
3.433508	1.759509	5.479027
1.245073	7.958502	3.626090
0.622984	5.194793	6.775465
2.361909	6.360550	2.458341
4.105902	8.418082	6.210195
5.259364	3.076676	9.260753
4.325650	5.752495	4.894751
5.915736	1.302342	9.239363
3.311540	5.833743	5.114313
1.646511	7.360583	7.422634
4.118436	1.040806	3.748050
1.250129	5.150320	6.967831
4.893090	3.343135	9.462755
7.402719	4.600812	3.018717
4.100508	5.224034	8.306349
1.286492	7.310487	9.732617
4.938976	5.558302	5.828619
2.689123	2.874793	2.679921
1.755990	4.265108	7.626558
2.704716	4.625355	3.465610
2.750987	3.136355	9.812823
6.172662	7.510492	8.040396
6.072673	3.551082	9.012917
7.269510	3.993381	2.284406
1.049249	7.667109	8.869850
7.992241	7.542976	7.507920
1.489006	4.048096	5.961327
6.588966	1.962546	9.986742
4.849678	8.288892	4.260315
5.728835	1.116494	3.653932
1.767347	1.517891	7.317309
7.143543	4.650392	4.098781
6.977174	2.959723	2.471805
6.927882	1.849351	6.309884
5.818315	8.714019	2.629761
7.596720	2.740143	5.850147
3.135821	8.120208	3.217726
7.987521	6.245041	4.416898
0.358673	5.521314	4.124465
1.826712	2.499398	9.410443
7.567786	8.462194	4.650525
0.075884	5.336954	2.478223
3.026854	6.009388	6.274301
3.920426	8.335532	4.045538
1.766008	3.119383	4.833019
7.488609	5.545595	2.864080
5.893059	4.944781	3.696035
1.881570	8.555084	5.565091
3.911575	2.612955	5.148496
3.568746	3.388539	4.806228
4.125597	7.609134	4.754641
2.715384	7.963002	8.852731
4.897846	4.198040	8.297195
5.422592	7.232479	8.548588
0.961404	7.196059	4.472935
3.010698	2.105616	9.075697
4.997467	2.136548	4.453412
6.075275	3.277899	5.651246
1.824752	8.731500	8.146248
1.072916	1.298864	2.851391
2.554664	8.073467	7.586379
7.610729	8.053279	6.034941
6.850265	4.505481	9.418536
4.231066	3.852145	3.182374
5.703237	6.706338	2.233482
6.756010	3.670652	8.464846
4.464024	1.986742	3.895046
1.744929	8.870992	3.246736
7.105630	5.620875	6.817471
0.833049	4.131505	2.493811
6.858038	7.738790	9.322121
5.634140	1.265950	5.809407
1.260443	1.947319	9.230069
2.313082	4.799962	3.147917
0.926190	3.523541	4.239260
