3.429631	3.544541	7.706003
3.992616	4.313133	8.229718
4.021863	5.159295	9.314723
4.348294	4.098974	6.891827
3.763089	5.001462	9.026776
4.669594	5.822259	8.211906
3.159395	5.310043	7.395438
4.566230	5.808057	4.097987
3.542921	4.293764	3.603350
3.495807	3.033069	7.174774
4.023011	4.606689	8.040949
3.843660	4.893846	8.731568
3.827800	5.377379	8.763999
5.009307	6.180016	3.649599
4.420856	5.392040	3.176430
2.856115	5.387244	7.295813
2.511046	4.792403	6.466006
4.554566	5.150366	3.537228
4.732697	6.479002	4.080778
3.291470	4.775141	3.599389
5.064503	5.349593	4.427403
4.578051	4.724703	3.660611
4.463893	5.393124	2.994237
3.243766	5.117514	3.309153
4.205955	6.338738	5.594176
4.953697	5.117320	4.318955
4.049821	6.605938	5.809783
3.727088	2.918832	6.332638
3.405430	5.582449	7.569914
3.876441	4.314867	8.899349
4.017869	4.910737	8.133330
4.425922	4.681471	8.475142
4.867092	6.496147	5.071186
4.304143	5.150720	3.034853
4.978871	6.961498	7.887854
3.743692	5.252052	3.047724
5.197191	6.164666	6.678384
3.717701	5.432669	8.966890
4.811917	5.034726	7.319341
3.929534	4.652668	3.454833
2.949276	4.452296	4.146444
4.025943	6.078509	3.969508
4.758478	5.331269	3.816330
4.805586	4.004309	6.684297
4.097194	4.612581	2.881395
2.734197	4.192006	4.987920
4.577304	5.218363	3.734273
3.009151	4.951284	9.247475
5.065017	5.447653	7.457289
4.758895	6.228646	4.527521
5.121965	5.151438	5.339955
3.018431	4.436083	8.578875
3.913066	5.255979	8.676098
5.416904	6.468235	5.924712
4.868392	4.722777	6.544945
4.605590	5.048007	8.391630
3.628891	3.389634	4.164193
4.357373	5.388364	3.155418
4.083405	3.905698	4.047980
4.062920	5.548766	3.283822
4.330415	5.304526	8.877703
3.129761	5.680831	4.643887
4.258201	4.860994	3.090324
4.426088	5.289388	8.681995
3.650639	3.563422	8.181756
3.053600	4.023488	6.818817
4.564234	5.730596	8.486936
5.197740	5.581161	6.949090
4.877809	4.866773	8.107156
3.702013	4.838040	2.754167
4.833164	5.315258	8.539618
3.638289	5.232710	8.057282
3.740263	5.088160	3.171287
3.250735	3.333602	4.969342
3.874917	5.186808	3.120719
3.846246	5.924362	8.794566
4.019148	5.159635	8.669973
4.028334	5.603147	9.113255
3.468014	3.099671	6.624584
4.178275	3.017325	6.169307
4.001074	4.481051	2.885555
3.742684	5.381650	8.798090
4.753165	4.971626	4.685477
4.273627	5.361280	8.701569
3.869513	4.107410	3.314876
3.819738	4.257717	3.118680
5.049279	6.069147	4.073753
3.169179	2.790231	4.836424
4.646145	6.488757	8.778601
4.122729	6.559435	4.782358
2.910155	4.713898	6.168022
4.767828	6.648103	5.504747
3.871319	4.946433	2.350932
3.152439	3.075587	5.588594
4.653292	4.799929	3.679763
3.264493	3.935902	4.918706
3.466294	4.569382	3.820951
4.093126	4.797931	3.345304
3.772261	5.370474	8.538445
4.280447	4.342462	8.452612
5.525739	5.631814	3.796796
4.173207	5.007642	2.599312
3.382019	5.406823	5.512861
3.917048	4.034772	3.826827
3.587239	4.725965	9.396097
4.834080	4.704664	5.932110
3.089799	5.600536	7.570437
4.584987	4.070308	5.236661
4.307781	5.497783	9.007390
5.280017	6.399125	5.988630
3.625977	5.803490	7.673674
4.422601	4.930446	3.666486
3.487630	3.007798	6.013080
4.567793	6.956027	5.260877
3.784046	3.698919	6.741456
4.902654	5.694280	3.566259
3.445282	3.885289	8.230451
3.961925	5.054792	2.896973
4.325640	4.420716	3.019198
3.499708	5.403413	8.425302
4.032063	5.789488	3.555723
2.848572	4.495472	5.058018
3.743826	4.522586	8.143793
4.881961	6.332289	6.324227
3.061673	3.981121	3.690042
2.940890	4.221965	7.567020
4.749732	4.571564	7.440554
4.809683	6.057114	4.405800
5.335938	6.178458	5.645738
4.662707	5.486203	3.966813
4.408257	3.725151	6.754746
3.505555	3.683467	4.316145
4.144841	4.766240	3.340102
4.223123	5.037081	2.918221
3.170434	4.271779	8.726912
4.833313	4.156912	3.924865
5.167617	6.378505	7.361672
3.281292	5.109769	8.994743
4.099369	4.748864	2.975820
3.838011	6.218503	4.369853
3.912446	4.141659	4.981361
4.717163	6.113285	7.275394
4.058158	6.115326	7.609518
4.556759	6.202750	3.685725
3.847669	3.737187	8.433407
5.422218	4.520012	5.784813
3.040631	3.623467	3.740710
4.416135	4.577322	8.333231
5.261785	5.850662	7.523325
3.777079	4.291616	3.069588
3.797059	4.207204	9.118918
4.080468	5.084450	3.365498
2.654094	4.217562	5.712089
4.768043	5.427407	8.925833
4.002579	4.998386	2.801831
3.804027	6.019156	7.818948
4.222484	5.263636	9.180571
4.246252	5.756507	8.452709
3.328314	3.523215	7.169910
2.864163	4.261684	7.384461
3.612328	3.566362	4.564470
3.165250	3.755170	4.205210
4.536261	5.464518	9.146361
4.527695	6.078126	3.414807
3.994544	4.919468	9.028400
4.310838	3.930112	4.696463
3.305043	3.377003	6.917754
2.946415	4.867164	4.991758
3.029242	3.014624	6.003154
3.765500	4.118074	8.180827
4.356546	5.886428	4.317938
4.829341	6.934666	6.766894
4.147307	5.347495	8.697350
4.625297	5.155592	3.055746
4.848366	6.010297	8.757815
3.518377	4.207018	3.661250
4.951057	5.259941	8.796739
4.182341	4.173297	7.835471
3.455897	3.548533	7.317604
5.362568	5.027491	7.776650
2.833073	4.403639	7.487344
4.026937	4.536652	2.715794
2.826890	3.928473	6.881037
3.890149	3.991753	8.380665
4.714632	4.328185	5.365704
3.609727	5.161241	2.943557
3.902238	4.256358	3.530929
4.388713	6.733769	7.864162
3.844484	5.404397	3.406820
4.189947	5.725312	8.579423
4.293099	5.481517	9.131797
4.889533	4.625490	7.988123
4.395179	6.198561	3.909321
3.654682	5.196342	9.007791
4.539338	4.656243	3.148450
4.820447	6.664184	6.521839
5.013107	5.079615	8.038548
3.613680	5.893200	8.064566
2.966429	4.714688	3.509746
3.299267	5.369715	3.667662
4.972377	4.321853	5.038979
3.913035	4.955642	3.077159
5.508943	5.481077	4.306077
4.442073	4.970424	3.277551
4.212400	5.597457	8.612678
4.668480	6.184070	7.890602
4.501101	5.136005	8.506642
3.234057	4.989813	4.726375
3.879930	5.477222	2.764606
5.305892	5.952518	5.096087
4.020797	4.012533	8.165299
3.115843	5.007472	7.382439
3.127236	4.316504	3.702798
3.857774	6.920132	6.435799
3.010491	4.522604	7.964817
4.418932	6.040175	3.175349
4.328647	5.092332	3.476647
3.846157	5.735144	6.376247
4.147111	4.724946	8.434364
5.367570	5.588993	5.267006
4.320433	6.526640	3.799147
2.994013	4.326664	7.055969
5.219950	5.160941	8.080538
4.554094	5.495769	3.022281
3.871729	5.307286	3.061812
3.262129	3.754297	3.827152
3.775665	3.600779	7.660481
3.014037	5.230740	9.014708
3.796090	5.122492	3.194971
4.457863	4.081964	7.320556
4.379097	5.907216	8.486283
3.454051	3.419581	7.426592
5.116893	5.547900	8.166798
4.147703	4.875157	2.559820
4.881746	4.390313	7.115549
3.195578	4.403543	4.096807
3.409775	3.966939	3.437276
5.432439	5.152374	7.510913
3.738734	4.706355	2.702237
4.429523	3.624055	4.977765
3.993377	5.192119	2.895256
4.417667	3.263753	5.042637
4.861859	5.003662	3.594119
4.009748	4.882549	8.969196
4.662142	6.465415	4.590450
3.749074	3.087402	5.625477
4.036508	4.427888	8.727560
3.522810	6.385036	5.641528
4.025192	3.582719	7.893647
5.413104	6.758573	5.827477
3.646974	5.026201	3.097829
4.502078	5.792546	8.435885
3.613379	6.084179	4.087288
2.844161	5.754623	5.017255
2.776161	3.584864	6.898650
5.151831	6.427313	4.376057
2.908375	4.108736	7.536369
3.687109	3.521728	4.209978
2.652012	4.068882	6.578404
2.871848	5.402398	3.918164
4.034307	5.297958	2.924737
4.068419	4.898878	9.052673
2.865609	4.782765	8.349906
3.980120	4.891162	8.594889
4.974206	6.291361	3.912903
4.597966	6.722688	8.898921
3.225959	3.498906	3.547554
3.765752	4.476734	9.441976
4.278526	3.625951	5.438453
3.101055	4.598720	8.420574
3.289865	5.165595	8.101859
4.785131	4.953948	4.779726
4.314448	4.267817	7.680218
4.067516	3.935697	4.822204
4.061050	5.803799	8.829017
2.631224	3.948607	6.133612
3.239433	3.815780	3.611188
3.909291	4.834019	8.652982
4.319688	5.085521	8.927522
3.122918	4.982945	6.848896
3.286226	4.870317	5.514830
4.246238	5.805726	2.921514
3.511080	4.714024	2.658959
3.664152	6.153858	4.199826
3.800978	4.805145	8.625437
3.518893	4.806312	8.113418
4.449262	5.289021	8.865320
3.185770	4.111708	3.762107
3.296894	4.884144	8.291953
3.771285	5.251245	9.059245
5.351825	6.087111	6.323182
3.881778	6.077167	5.496203
3.762660	5.335161	8.697865
2.931092	5.134288	4.714191
3.154791	5.349291	6.456278
2.891784	3.212190	5.187038
3.904749	4.644575	9.215898
5.266972	6.476454	4.981301
3.375475	2.906066	6.633493
4.123675	6.013497	3.610807
5.133616	4.780160	6.936207
4.787312	5.314873	2.835815
4.698371	6.692544	5.421055
3.422464	4.406959	8.071352
4.460071	5.675941	3.318484
4.137624	5.395388	2.851732
2.516584	5.087736	4.807556
4.129307	5.540992	8.843139
3.310268	4.061670	3.119846
3.995966	3.919357	8.029122
3.788104	6.071798	7.778726
4.485652	4.809979	2.808556
3.826750	5.367711	3.386437
3.979549	5.112792	2.961768
4.032128	4.195855	8.845513
3.973447	4.421749	8.249416
4.124908	5.279049	8.616847
4.101821	6.725713	7.213696
2.653862	3.666140	7.005570
4.983313	6.233769	5.119759
4.099899	4.471346	4.082587
3.566407	5.246177	9.092745
4.048024	4.123899	6.397564
3.680846	3.578793	4.704668
2.342840	5.336107	6.986692
4.931045	6.056901	6.650328
3.056099	3.018240	5.217564
3.865008	4.234667	9.054375
3.635845	5.070879	9.149843
4.429540	5.248061	8.882139
3.882471	5.603870	2.908348
4.626450	4.064670	4.705278
5.324953	6.164613	6.275259
3.510826	4.417650	9.153781
2.938173	4.175880	7.980633
4.689348	3.987957	3.707017
3.645233	4.938510	2.918056
4.951539	5.672110	3.944856
3.237601	3.275370	5.188044
4.128209	5.267666	3.290383
3.783006	5.198873	3.144899
3.825993	4.056974	8.586204
3.906902	4.789333	9.025700
3.229819	3.801980	7.740704
4.732125	6.819527	5.530126
4.354641	5.599083	3.087096
3.339822	5.975663	4.221957
4.986656	5.701165	6.226897
3.443879	4.299368	4.140597
3.112142	6.153785	5.833860
2.710688	3.306249	5.953023
5.034966	5.844956	7.363772
4.159469	3.989417	7.144680
4.134130	5.201956	3.142616
4.027555	4.774172	2.866272
4.155142	4.647978	3.348222
3.844031	4.635917	3.108353
2.962993	4.107187	7.430133
4.029133	5.222627	3.005146
3.613426	2.845082	6.720193
3.330315	5.519237	2.870000
3.005022	4.161173	4.327095
2.682672	3.652364	3.989461
4.327987	5.392545	3.262471
5.548641	5.065065	6.523908
3.905288	5.630497	8.441236
3.812566	6.334448	6.215580
4.036399	4.500703	8.948797
2.675934	3.707380	5.405289
3.851834	5.070517	8.677364
3.766263	3.287173	7.127616
3.405569	5.304632	7.492587
4.046631	5.661559	9.146948
5.189195	5.099708	4.886851
4.510451	6.525738	6.248212
3.583360	6.457966	5.208468
3.583698	3.339065	7.384572
3.859087	5.998868	8.797127
4.449058	4.850631	3.152338
4.158368	6.446091	5.013087
3.949700	5.293501	3.482325
4.398167	4.446042	4.386487
3.816542	5.293178	2.947069
3.812144	4.728297	8.890878
5.469772	6.352302	6.040330
4.118674	5.512265	3.197668
4.205981	6.138854	3.671667
3.498298	5.335337	8.342777
5.112398	6.515545	4.515831
3.996067	4.369570	8.610218
3.553466	5.310136	3.366106
3.207600	3.652629	5.873540
3.668041	4.308771	8.427423
5.221589	5.264419	5.750014
4.152060	5.241848	9.063260
3.653055	3.921867	3.860343
3.987874	6.315330	4.942473
4.548732	4.243527	7.804723
4.414419	5.227425	3.187559
3.991474	6.335068	6.509277
4.213154	4.480219	3.407788
2.603177	4.368005	5.268921
3.944150	4.332473	3.015526
2.615353	3.766437	7.259798
2.773680	4.038616	6.243435
4.111028	5.829884	3.585571
4.578202	4.657989	5.699130
2.525673	5.235929	5.385477
3.345393	3.181086	6.093519
4.022350	4.776583	9.073824
3.373036	5.424611	4.024315
4.573372	4.801922	4.095035
3.423201	4.749244	8.201839
5.312221	6.456383	7.778232
2.879793	5.494566	5.895455
4.450812	5.199067	3.557863
4.017446	4.067307	3.345392
3.407919	4.774029	3.376796
2.640661	4.499604	5.805640
3.836175	5.045218	9.165490
4.757468	4.441566	4.528618
3.367082	5.254095	7.899034
4.257456	4.858752	9.162338
5.142881	5.568300	7.752390
5.204406	5.437918	7.608412
3.663961	5.537044	4.402617
2.584999	3.758839	6.754300
3.677238	5.615824	4.582177
3.132943	4.956932	7.741628
4.014293	4.405438	8.380056
5.387648	6.361645	4.106059
3.213826	3.578556	8.367227
4.128789	4.901286	3.335303
3.274827	3.698897	4.438734
5.044861	6.679835	5.144704
3.092114	4.640946	8.619622
4.139968	5.354624	8.865440
4.183489	5.423680	8.745906
2.880431	4.528415	4.016787
3.191149	4.644950	3.761603
4.494770	6.265442	3.900957
4.709465	6.459529	7.558462
3.411024	4.156702	7.826221
3.766851	4.807214	3.405000
3.580052	3.183040	4.675638
5.343949	6.075225	7.212758
4.396649	6.561598	7.292610
3.929365	4.876773	8.924029
4.887267	5.960029	3.783359
4.918599	6.377967	4.836697
4.525409	6.459087	6.160933
3.963828	5.255676	3.256573
3.395349	3.850025	4.088352
4.856572	6.195333	3.353950
4.038076	5.169788	9.112706
4.917461	4.092327	5.789941
3.611546	5.994647	5.749718
2.694318	4.758894	4.495089
4.726561	6.684846	7.828583
3.684858	4.608527	3.265834
4.481691	5.825771	3.044680
3.983288	5.360517	8.870871
3.536726	5.069397	2.539199
4.072490	4.415709	3.254584
4.366271	4.862287	3.392414
3.953358	5.171847	8.694093
3.567368	4.558197	9.027893
5.065402	5.372496	7.238507
2.903621	5.424926	5.709699
3.042146	4.408775	3.476275
4.221751	3.204099	5.110798
4.765695	5.448379	3.802111
3.035348	3.453198	7.680380
3.319429	5.040570	8.504805
3.631699	5.685831	6.816146
4.843950	6.829800	7.093341
2.816993	4.480236	7.490511
3.343335	4.537045	3.336761
4.979376	5.511754	8.574314
3.873923	6.373238	6.997360
5.144187	6.627269	6.557065
4.209288	6.586785	5.581408
5.076994	5.199649	6.628724
4.869595	5.802793	8.643937
4.781466	3.958581	6.071436
3.489438	4.246612	8.707237
4.563235	5.222311	2.955088
3.421162	5.235068	7.426423
5.312247	4.866436	6.067041
4.066949	4.475788	3.692737
2.953026	3.095289	4.681848
3.902372	4.907524	2.858278
4.976368	6.720184	8.277787
3.543952	5.278367	8.025173
3.026456	5.130913	4.687005
4.147785	4.707665	3.073254
3.855919	4.836004	8.891977
3.874335	4.080431	3.780815
4.275652	5.242147	2.787671
4.389405	5.088685	2.767005
6.398490	1.136288	4.534406
2.477150	7.211807	5.691544
3.011716	7.502343	4.197912
7.180964	2.568358	4.062040
5.958953	2.900944	2.036931
1.827447	5.773382	5.146181
3.872977	5.205267	4.258727
4.878116	6.522951	8.313346
7.903298	2.069752	8.033044
1.614166	4.008580	4.790024
4.719558	3.635682	3.294237
7.588407	5.411619	3.509191
2.267512	6.644802	7.384384
7.583473	3.984468	6.989024
7.351768	4.093027	2.478742
2.203145	7.631065	6.646852
5.662937	8.140894	2.206555
0.079707	3.996073	7.889214
7.948399	5.033686	3.042061
4.097005	4.949369	5.436141
1.875289	2.250620	6.903732
7.117900	3.755256	7.386883
0.155661	5.278674	8.369722
0.413170	6.006682	7.495968
1.728694	4.877639	7.807656
2.438733	8.368326	7.269243
5.108496	8.251177	8.297214
2.896760	4.183179	2.019961
6.449940	6.486792	6.383778
1.143048	5.565320	6.840433
6.580518	3.013950	5.872909
0.740040	8.968613	7.196270
5.503009	2.765590	6.949365
5.003190	4.513342	6.652970
7.295133	6.833340	2.390701
5.530742	8.719422	2.402967
1.349031	7.245597	6.996968
3.718400	2.351313	2.541245
0.028254	3.100706	9.172449
7.301682	4.640830	2.849079
2.872578	1.060680	8.226905
5.125631	4.891652	3.533742
7.312109	1.571962	5.767212
5.730291	8.872975	3.614716
5.520122	8.723952	4.451136
6.430296	6.269082	6.716853
6.632669	7.756624	6.138265
3.046561	1.362779	3.870824
4.881455	1.147886	3.261143
1.339105	1.518684	2.608710
3.189360	6.380323	8.850939
7.411948	7.552443	9.046289
6.314252	1.375078	6.475316
3.536847	8.977463	4.932263
5.760590	4.300258	9.856181
4.356682	7.054576	8.988899
0.140100	6.657066	3.301436
7.333452	8.286766	6.107422
4.918312	1.535911	6.172913
4.007982	3.947255	8.040710
4.520875	3.863455	9.573593
7.116333	7.181604	2.769420
1.123205	8.295731	7.817890
2.882198	3.436843	4.524218
4.768392	3.934788	7.653187
1.410652	1.700110	6.010297
1.827372	2.139086	2.263048
1.740259	8.551934	6.634217
1.988471	2.583257	2.236998
0.865732	4.012619	7.198528
0.862575	5.379752	5.766577
5.921413	4.887168	2.143291
2.711133	8.052561	6.188803
4.142725	7.764356	6.767977
1.260378	8.559605	6.935959
