3.661673	5.533869	3.184955
4.682472	7.156437	6.587651
4.188008	4.534611	7.872494
5.168397	5.261943	7.875452
3.245664	3.215839	4.721293
2.888663	4.033060	7.448196
3.760239	4.551541	8.888291
3.854314	4.992438	8.703112
3.230111	4.157316	3.315062
4.064251	5.549331	8.845727
3.422313	3.340178	6.870287
4.136768	4.391907	8.890393
5.179863	5.891677	5.133094
5.064282	4.104607	6.356748
3.949112	5.165203	2.862042
4.715588	5.531221	3.557900
3.138708	5.116613	5.858203
3.790550	4.797085	9.242219
3.238859	4.638286	8.737796
3.123974	5.011580	7.167230
4.377619	4.093429	9.140386
3.635174	5.055505	3.217182
3.539222	6.297508	5.802643
4.008888	5.275602	2.851901
4.177367	3.896943	5.090434
3.802473	4.469083	3.426958
4.217905	5.341771	2.821546
3.340585	4.806364	7.720686
5.108273	5.186640	5.707029
4.030616	5.673394	9.162790
3.319180	5.299974	8.608329
3.845836	4.851890	2.886095
2.997243	3.846698	4.192952
4.646741	5.688192	3.438584
5.019576	5.100661	7.079351
4.773654	5.459199	3.546972
5.260555	6.597325	4.622248
3.970186	3.628008	5.121649
4.671292	6.036054	8.840592
4.191301	6.470367	3.623876
4.269064	4.383059	3.901039
5.805360	5.944132	7.460060
3.987121	4.453039	8.770203
3.671884	5.179251	3.489939
3.774225	3.798162	7.521343
4.620910	5.508371	3.093696
3.835077	5.132208	9.051514
3.372717	5.736457	8.168124
4.645010	3.930608	4.871522
4.775523	6.834991	6.022224
4.258279	4.137917	3.629665
2.668269	3.612416	6.258892
3.311436	3.926287	3.314649
4.454165	4.393405	7.961306
3.171505	2.932740	7.088519
4.407265	5.366090	3.073782
3.770608	5.901236	8.669848
5.249535	6.091721	5.142994
3.229569	6.061598	6.866872
4.788566	5.026409	3.606429
3.686681	6.123039	4.515395
4.090565	3.388230	3.971331
4.726387	4.505278	8.158853
4.529677	4.121343	4.114356
5.225819	4.106680	4.358353
4.505193	4.120174	4.933407
3.684065	4.844853	3.066534
4.089811	4.785708	9.003608
3.306664	3.867170	8.047912
4.638426	6.878519	7.114503
3.837204	5.189213	8.339853
4.462653	5.373527	3.282521
3.053342	4.985610	3.685671
3.779485	4.459236	8.377569
3.785319	3.587353	3.997209
4.367619	5.388546	3.053829
4.243809	6.374108	7.497889
5.005414	5.333227	8.877611
2.952373	3.039051	5.590932
4.644068	6.425109	7.540719
3.577446	5.327508	8.096481
4.271636	4.677063	3.099578
4.393873	5.323517	2.796210
2.650402	4.039657	8.450950
2.977209	5.211866	5.985103
3.891238	4.599361	9.179447
5.468860	7.003147	5.984178
3.759909	5.438112	7.425623
2.526457	4.052616	5.204362
3.486431	4.202961	8.120816
4.501635	4.690225	3.215507
4.538759	5.921717	3.391176
4.826828	6.189219	7.192924
5.291869	6.477441	3.892868
4.159750	3.934954	8.112047
4.204815	4.621501	8.729416
5.049178	4.831815	5.069055
3.669635	3.814836	3.478718
3.620279	4.346252	8.712605
4.063097	5.319752	8.878149
5.227363	5.215417	4.543923
3.550719	4.045371	3.319237
3.981269	3.553134	6.164844
4.603817	3.519942	5.295316
4.671721	4.137599	5.820470
5.174009	6.061063	7.638412
4.055876	4.542603	2.784884
3.341421	4.346953	2.935142
2.775199	4.554911	7.500389
4.803783	5.100640	8.707240
4.569588	6.222004	4.080877
3.506246	4.444557	8.959087
3.048663	4.231080	4.269201
4.032226	4.514775	8.539155
3.986773	5.513222	8.919064
3.864269	5.304273	3.294336
3.727736	3.729357	8.408326
3.705219	3.847471	4.228368
3.916859	5.766537	3.412943
5.856187	5.991588	6.324609
4.174760	5.192447	8.977336
4.582561	5.148093	8.613899
3.977557	5.102189	8.868466
4.618663	3.763827	5.017769
3.571284	3.846980	6.163009
3.203283	5.265583	5.544698
3.802794	6.167131	6.521183
3.842061	4.398055	8.984509
4.457987	4.506437	7.726876
3.432036	4.857449	3.061259
3.262004	5.630693	4.636398
4.920950	5.778822	8.543929
4.630793	6.059819	8.294495
2.780277	3.690702	7.317075
3.885086	6.440084	6.980346
4.184166	6.183935	4.006130
4.399938	5.057666	3.619157
4.487122	6.919213	5.141864
3.852226	4.984352	9.239131
4.874021	5.685988	4.456126
3.711870	5.793185	7.459509
3.897084	4.202337	9.057439
4.411324	4.088450	3.960221
2.834504	4.064558	5.892162
3.384060	3.633092	6.773104
2.673351	4.295411	6.926113
3.040006	3.327746	7.922237
4.417519	4.594447	8.552714
3.879360	4.158256	9.124096
4.549786	4.576812	7.814645
4.158920	5.183164	2.856863
4.767142	5.419900	3.177600
3.936288	6.326277	4.954107
2.960110	5.477144	7.684706
2.970918	4.967028	6.786871
4.308699	4.996237	3.044162
4.939623	6.626170	5.528573
3.410139	6.599345	4.335010
4.486698	5.190970	3.295490
4.067586	4.933115	9.051024
4.171960	5.150864	8.744010
4.121464	3.696087	5.209029
3.752435	5.390836	3.356959
4.244224	4.835456	3.366937
4.990560	6.045708	4.908130
3.626076	3.675744	5.165796
4.139456	4.831498	8.932409
2.544061	3.687157	4.222146
4.119695	5.269465	3.296455
4.023273	5.253313	9.008309
4.136345	5.946846	3.477747
4.435159	5.172729	8.595257
4.475562	5.711168	9.117121
4.060046	4.779662	8.944889
5.016026	6.689900	5.946597
4.755105	5.888137	4.342583
4.503388	4.998464	3.762555
4.845052	5.914162	3.084848
3.779405	5.176223	9.046189
4.954136	5.079554	8.883246
4.458737	5.555219	3.109164
4.774876	4.060154	7.400126
3.724673	4.283393	4.008917
4.524309	6.755563	7.955874
3.200176	5.322661	6.583776
3.609179	5.118100	3.091641
2.676554	3.625139	6.683686
4.267205	5.907550	8.073617
3.047002	5.329251	8.020180
3.710729	6.478265	5.999331
5.436850	5.656134	7.791732
3.895395	4.974241	3.316281
3.463523	3.509180	6.239865
3.076908	4.203450	8.719124
2.789417	5.347275	7.768003
3.817926	5.866793	8.437685
4.226695	6.360606	8.555227
4.229266	4.558064	3.384974
3.440296	5.270841	6.292646
4.282167	4.435581	3.976136
4.032664	4.925132	2.903448
4.193171	4.812909	3.310726
2.106408	3.432867	6.836548
3.763177	6.174621	4.657068
3.988466	6.697220	4.294847
4.259341	6.646484	5.574182
4.091020	4.997081	3.203883
4.434410	5.316922	9.120699
4.214814	5.574495	8.623159
3.432539	3.812211	3.512744
2.512141	5.094007	5.242562
3.137611	5.637903	5.365263
4.315547	3.751999	6.114472
3.822574	5.224948	3.210025
4.989004	6.178867	4.965523
3.601510	4.981317	3.306474
4.149900	4.595635	9.008602
4.472267	5.686582	8.602021
3.697473	3.401822	5.979805
4.959978	4.093951	7.352787
4.097902	4.250275	3.363025
3.652009	6.503619	5.417462
5.135044	6.390148	7.556625
4.760144	4.761707	5.088524
5.089364	5.293010	6.262808
3.937087	3.542436	7.352358
4.844186	5.234005	8.386632
4.541615	4.639303	6.907729
4.142275	4.956554	2.549298
2.529928	3.306435	7.576944
4.747130	4.954818	3.565879
4.383214	3.997561	8.808889
3.909881	5.507313	2.942251
4.423232	5.186928	9.181571
3.749974	5.097517	8.857900
3.015569	4.252254	7.889727
5.342947	5.829666	5.935950
4.261262	5.496641	8.391161
3.630772	4.818375	3.223797
3.039779	4.268323	4.062214
4.235044	4.124926	8.871255
3.716225	5.219886	9.095928
3.789835	6.508464	6.853385
3.215159	4.710397	8.015274
5.011342	5.329468	4.093344
5.051964	4.698332	6.328673
2.835882	4.270328	7.132167
4.207449	4.222916	4.565310
4.249234	6.325661	4.847067
4.673737	4.561303	3.270420
2.851804	3.885118	4.245631
4.391290	6.310225	7.541831
4.022637	5.476237	3.041206
3.433053	3.427956	7.514350
4.529883	5.028476	7.644269
3.936689	5.405227	3.190951
5.067206	6.432007	4.449031
3.506058	4.890829	9.096210
3.294859	4.327827	8.278338
4.096066	5.244913	3.307033
4.192350	4.567859	8.730588
3.491544	3.310842	5.276011
3.901545	3.929298	3.924935
3.106715	4.033339	8.052669
4.931824	4.398583	5.825770
5.020416	6.804644	6.093993
4.044740	5.028730	3.190437
4.023409	5.144969	3.232293
3.882955	3.657525	6.259052
3.971626	4.710366	3.217779
3.388443	5.089617	4.705458
3.561745	6.670375	6.744792
3.898280	5.382865	8.222997
3.829897	5.033194	2.799602
2.864559	4.118954	8.013889
4.994039	4.364718	6.087327
3.153207	4.262372	4.846558
3.550972	6.218927	5.661255
2.585391	4.676144	5.390465
3.764204	5.789748	3.709182
3.553816	5.233355	8.159849
3.816125	6.031647	4.188961
4.997274	5.603403	6.091517
5.385986	6.052509	8.165957
4.682637	5.238452	8.175161
3.598492	5.031279	4.054106
4.758915	6.109917	7.393109
4.146621	4.490208	3.435466
3.364711	3.910695	8.567663
4.903480	4.803506	4.089725
4.051195	4.872895	8.771234
3.850974	6.084482	7.583543
5.036553	5.835053	7.913120
4.881816	5.982264	8.734538
4.264281	4.706517	9.065055
4.216581	4.981210	8.903416
3.525937	5.729907	8.808114
4.558178	4.584855	8.638901
3.943315	4.347810	2.915117
4.398494	3.825401	4.225747
3.308265	4.875146	3.520157
4.290681	4.910384	3.239895
4.088893	5.271403	3.355502
4.407637	5.470172	9.610409
2.789864	3.529116	4.709461
3.112458	3.485423	4.886107
4.968546	6.650400	6.491149
4.854298	5.294054	3.580092
3.126142	4.888056	6.938950
5.072176	5.619003	5.238229
3.426086	4.727963	3.181497
3.402174	5.215438	8.360762
5.095754	5.179534	5.689648
3.395623	3.169562	7.384463
2.504414	4.428723	6.775247
4.250677	4.669319	8.873871
2.533827	3.324593	6.313544
4.361570	4.869086	8.652234
4.465478	6.468472	3.696880
4.200528	5.086324	3.317231
4.460154	5.056156	3.441220
3.754903	5.714558	8.884420
4.013822	5.927743	3.508756
5.008976	4.447025	6.944365
3.930802	6.305992	3.562129
3.228976	4.218108	9.162850
4.602641	5.584197	8.782719
4.572603	6.483174	4.740453
4.728037	6.178301	8.973510
3.454539	3.566650	7.445371
3.539788	4.819603	3.370014
4.902528	6.346785	4.955909
3.719743	3.970087	3.152284
3.894887	3.645152	6.661938
4.632043	5.864317	7.199945
5.458621	6.482313	5.585588
3.592696	4.228516	3.563100
4.139134	5.623476	8.588246
4.823853	5.684333	8.973303
4.786097	5.907713	3.379074
2.884244	3.036957	6.145758
4.156496	4.875337	9.050634
2.859405	4.477527	5.014433
3.810135	5.471041	8.947726
4.378104	4.802946	8.290180
3.802394	4.139362	3.316213
3.832735	4.893096	9.127381
3.222793	5.115041	3.028156
3.455857	4.435932	3.624217
2.788097	3.331801	7.306009
3.721388	5.279606	8.992336
3.200459	5.726036	5.250698
3.467908	4.255484	3.178575
4.253076	5.968242	3.552665
4.922037	6.105281	7.912655
2.860162	4.855436	7.322481
4.213312	4.939995	3.518337
5.259937	5.749819	7.489316
4.093389	4.599136	2.666076
3.150693	5.066281	4.193999
5.673423	5.807692	4.888516
3.536817	5.222147	3.663010
2.967135	3.276151	7.474784
3.773882	4.875858	3.448425
5.749740	5.664151	4.649638
5.258471	5.979599	6.910126
3.121831	4.314859	3.581734
4.271949	5.516721	2.856381
2.192615	4.164441	6.129879
4.583151	5.041823	3.101313
4.527856	4.502801	8.222731
4.559220	4.809080	8.180355
3.719195	6.084181	3.797285
4.003365	4.969171	8.682853
3.585597	4.350251	9.286704
2.475091	3.903683	7.581800
3.324514	4.351384	4.274245
4.452466	5.356001	2.777263
5.229102	6.386010	6.186913
3.228056	3.539894	6.485730
3.166575	5.844348	5.247976
3.587967	5.096525	3.000721
3.805043	4.947957	9.117627
3.731858	4.389411	3.263867
3.394085	4.962214	8.587964
3.987504	5.060188	8.555295
3.888618	5.619309	3.423178
2.513907	3.485570	5.828799
4.843655	6.341200	7.982088
3.569542	3.819497	7.922871
3.972678	5.293945	9.036201
3.965531	4.432529	3.593713
3.948602	4.328832	3.461417
4.713735	6.005257	6.300219
4.646062	4.509555	5.511469
4.789760	6.028754	8.561920
4.854201	4.371398	7.513734
3.813240	4.986835	9.055592
2.964474	3.627433	5.732153
4.336857	6.680058	5.233060
3.396409	3.653170	6.151692
4.973576	4.456071	5.102300
5.222689	5.146294	5.389378
4.547949	6.141771	7.686401
4.447504	3.992845	5.464717
3.737106	4.842801	9.236386
5.339775	6.343991	6.795838
3.938121	4.636669	8.775370
5.351333	6.352108	6.576873
2.853953	4.867083	6.210459
3.882968	5.506880	3.544547
5.142029	6.125879	6.934126
4.280732	6.022015	8.848858
4.187898	5.193126	2.862323
5.266505	6.052024	3.885365
4.369395	4.329509	8.175719
4.392102	3.472653	6.611331
4.291438	5.308678	2.877595
3.778802	6.008677	6.157294
3.186115	4.533515	8.236007
3.638879	3.274352	4.585840
2.732516	5.096662	3.824367
4.491170	4.411169	3.583737
3.570867	5.130692	8.763606
3.651368	4.456831	3.035583
3.947356	6.016480	6.310378
4.187555	5.978364	8.350964
4.651184	6.345620	4.069331
3.369589	4.595318	8.978121
4.058727	4.988371	3.283168
3.642824	3.742752	5.603446
3.134932	5.263044	4.184924
4.750710	6.825521	7.442381
4.166026	6.936453	7.795639
4.078086	5.346175	9.241617
2.854832	2.936618	4.645079
3.884386	4.220405	8.369743
3.313412	3.982519	8.002814
4.478452	5.232195	9.196799
3.949711	3.685623	7.064513
3.911846	5.062246	2.924260
3.938859	6.020539	3.381758
3.541579	5.005677	3.371267
2.972520	4.951802	3.217754
4.999379	4.529142	6.473045
3.620281	4.539187	9.283709
4.355475	5.193503	2.877445
4.700503	5.951822	8.275684
3.065048	4.990739	7.684809
2.723780	3.895781	5.565176
4.056655	4.109335	8.009323
3.109451	3.792356	3.437005
2.627070	3.615658	5.296139
3.895475	5.289424	8.982879
4.790459	4.944061	7.041130
3.712089	5.856444	4.045249
3.543422	3.011993	5.527702
3.158956	4.462612	6.945297
3.285064	5.357231	6.557012
4.525619	6.123951	4.297679
4.794462	6.652939	6.300565
4.040145	5.381390	3.033094
4.066728	6.473153	4.260653
3.239422	5.219600	8.048839
3.615322	5.463961	4.228563
3.721300	3.967566	8.429978
4.743915	7.066602	6.808934
3.538506	6.086645	3.562930
4.928735	5.803457	4.178361
2.775020	4.477099	6.623491
3.605118	3.869738	3.457378
3.121711	3.851929	3.925859
5.246678	6.896202	4.797894
4.244321	6.473375	7.946333
3.644290	4.602785	4.009473
3.524625	2.851146	5.058058
4.472934	6.206558	4.176864
3.788608	5.663352	8.759208
3.716810	5.000992	3.112820
4.085412	5.434415	8.387383
3.346395	4.173514	8.485657
3.016175	5.074272	5.082831
4.332166	6.585345	5.702002
2.746457	4.087932	7.669371
3.458725	5.458700	8.796332
3.665415	5.741027	7.970630
5.446749	6.222222	6.178132
4.421470	5.406471	3.280539
4.634237	5.064193	3.189552
3.611935	5.559309	3.004997
3.878771	5.340123	2.776499
2.722487	5.108685	4.726203
4.952729	5.445337	4.836317
3.411879	4.583947	3.403104
2.785954	4.290023	4.720077
4.996481	4.537953	3.842904
4.388118	5.483289	2.836341
3.186199	3.440758	4.461249
3.544014	3.444192	7.760016
3.862201	5.094549	2.691318
4.289226	1.875506	3.657063
0.855237	7.156566	3.656488
7.580778	4.064517	7.224368
4.251383	1.330769	6.211343
7.305203	6.599945	2.334909
0.142758	2.733342	7.882545
0.643114	3.502765	2.102860
5.378224	2.333922	4.624265
7.218875	1.984250	5.471653
5.676342	4.997037	3.365276
4.605240	3.031134	3.518117
7.254172	2.452854	3.232876
5.451033	5.461654	9.139500
5.912024	4.716339	6.643355
2.041944	1.719962	6.439231
1.380783	1.978170	6.301932
3.217623	2.648230	3.095042
2.335919	5.544408	2.175863
4.306884	3.746774	5.382333
4.665596	5.421079	2.538411
3.289936	8.261671	3.305433
5.519233	2.455374	4.576138
4.746265	1.555487	4.463677
5.222803	7.317116	4.013524
4.275671	5.136001	6.272688
6.369221	6.234666	4.979543
3.317803	3.007159	8.135423
0.112744	1.746858	5.597316
5.077356	1.979518	2.196318
3.719277	3.303653	8.426081
6.929174	2.590941	5.798016
1.610742	5.024812	2.484773
2.801485	6.164277	4.908949
6.132955	5.153302	6.284299
1.364623	5.011630	2.961210
4.150338	2.224825	7.632614
2.225757	7.559344	8.706170
5.673505	6.559231	6.827180
0.430766	3.769533	5.455140
6.715525	5.955565	2.434964
5.304145	8.548470	5.995020
0.626125	7.379208	4.016182
5.632008	4.739781	3.969457
0.590822	3.553694	5.218923
6.779615	2.844887	2.806866
5.569548	3.018455	9.346442
4.622159	7.105712	8.940631
2.509570	3.133513	3.291696
0.289893	6.076631	2.114550
3.814380	1.324098	8.556222
7.896546	1.255854	8.400094
6.116237	2.264164	4.925739
7.203097	3.336181	2.962981
2.767313	7.214613	5.842175
4.080474	7.303125	5.040815
1.141638	6.542536	8.027943
7.484685	5.888091	4.387914
5.782312	6.979594	9.303550
2.338289	5.328964	5.438764
4.895155	2.364808	3.809939
6.668957	6.484134	9.367073
6.829585	7.671750	4.865894
5.198003	5.595549	7.651805
2.905822	1.417185	2.466919
1.235204	6.652291	8.525119
1.638393	5.938609	9.783723
5.921813	6.805496	4.908271
6.845958	7.532119	6.746043
4.994875	7.031234	5.221963
1.803552	4.026061	7.055064
4.922836	7.943075	5.628139
1.680039	5.540605	7.931180
2.368537	3.270008	6.715952
5.212024	3.224890	8.690957
0.255143	7.195346	9.868163
