4.113051	5.308227	8.297771
2.911015	4.563319	7.468145
4.843176	5.280408	9.058868
4.221211	4.593533	3.095955
3.135097	4.324222	8.752299
3.885115	5.174708	3.039530
4.638498	5.299520	3.269489
2.697524	3.231074	7.428611
4.263633	5.264486	8.832748
3.851191	5.635397	3.528927
3.532904	5.414725	8.786774
3.990777	4.711817	3.108853
4.153334	5.050558	2.899201
3.179605	4.856760	8.884058
4.324167	4.258460	7.658820
3.436731	5.637916	8.066660
4.070446	4.982176	3.429272
4.336336	5.075911	8.131994
4.365733	4.189227	8.464558
3.699810	4.251229	3.168705
4.953975	5.809519	8.080874
2.949900	4.377286	8.489401
3.998476	4.104363	3.745620
3.667748	4.249984	3.207074
3.469149	3.096767	5.965487
3.498699	5.432994	8.416897
3.766861	6.139366	4.812500
3.682672	5.027984	3.210901
3.180902	4.632555	8.716785
3.051257	5.005596	5.369809
3.511777	4.947745	2.946842
3.835548	3.959298	8.231976
3.813184	4.037376	8.188322
3.136513	5.176429	7.016375
4.669174	5.559468	9.212058
5.047988	5.948773	7.883510
4.642858	5.504870	3.250527
2.862077	5.716983	5.108479
3.617238	5.094445	3.098079
4.185967	5.825617	7.895994
4.987814	6.213319	7.404793
4.196030	4.761764	3.452550
3.829022	4.988441	8.645321
3.286523	4.611170	3.904219
3.688319	5.233176	3.407771
4.393858	4.088781	5.330349
4.001001	4.186416	7.919042
5.190896	6.095949	4.640384
3.730517	3.870204	3.767340
3.370394	5.188974	8.509231
4.405447	3.550482	5.118726
5.011017	4.588122	3.842810
5.358352	6.668573	6.139572
3.443865	5.605008	5.926322
4.895129	4.947371	3.606084
3.813881	6.016390	3.357951
3.084159	3.373795	5.122587
4.028924	6.172656	8.054990
4.212137	4.742331	2.981142
3.143419	3.888954	7.749942
3.225386	5.304159	4.066483
4.332886	5.596689	7.834605
4.510908	4.172397	7.237280
3.988350	5.044642	8.954515
4.129254	5.937290	3.118682
4.044415	5.539963	8.859971
4.013929	5.552199	3.608240
4.054122	4.349924	9.369296
5.003666	6.300332	3.884330
4.754131	4.499044	6.812459
3.041484	4.024311	8.074096
5.206831	5.896858	7.387091
4.670299	6.801621	6.871817
3.355303	3.226831	5.165785
4.391441	4.451411	6.026779
3.755420	5.380443	3.583818
4.030290	4.949674	9.301340
4.177366	5.054492	8.992657
3.037965	3.577381	7.576906
5.214278	6.381646	5.017008
2.674885	3.463694	5.507921
3.981793	2.967471	5.347336
4.807697	4.740942	4.588362
5.155464	6.284434	5.004838
3.289305	5.683606	4.056373
2.689090	4.898852	7.324355
2.731896	5.170284	5.405711
2.980102	5.631284	5.650732
4.517200	6.543362	6.775715
4.188323	6.193130	6.277229
3.140304	3.997074	6.170963
4.136960	4.667807	8.927158
4.962895	5.474630	6.820127
3.109817	4.633756	2.991034
4.714663	5.894872	3.092915
4.100997	3.973774	7.003355
4.717541	4.052443	6.679405
4.516658	5.403226	2.757915
2.596062	3.747912	6.891728
2.831005	4.583343	5.429426
4.335013	3.585697	5.840064
3.524510	5.443412	3.324774
3.816532	3.359364	7.051108
3.698115	5.596352	8.842754
2.941045	3.165460	6.662686
3.888105	6.501180	4.913335
3.715483	3.721763	3.925270
3.920219	2.986264	5.454352
4.151535	5.316832	2.531959
4.041060	4.827001	9.034670
3.669957	5.339109	9.039318
3.496665	5.171618	3.064450
4.272227	4.807921	8.912995
4.132408	6.042144	8.067716
4.139418	6.552930	4.426025
3.961960	5.564667	2.769286
4.792883	5.994247	4.419937
4.903836	6.379581	4.026602
3.699059	6.488820	3.755075
4.603797	4.772429	5.052155
3.776293	3.966787	3.167875
4.152361	5.658394	8.561897
3.767397	4.555025	8.783884
3.712523	4.133158	8.053638
4.549978	6.479849	6.814707
3.984373	4.939021	8.851888
2.846631	4.812327	4.945564
4.985410	5.173167	3.656491
4.216604	4.602087	2.993218
3.840779	4.124420	3.696853
3.993726	4.034362	7.393020
2.957227	3.229773	6.703408
3.783607	6.018619	5.541326
4.031337	5.072319	3.032443
5.117957	6.206155	7.755450
5.100879	5.546634	7.412669
3.329569	3.308654	4.343174
4.910831	5.537655	3.609477
5.046945	5.353278	5.953666
2.315745	4.294173	7.982768
3.637738	3.467959	7.418987
4.139957	4.477785	2.663107
3.592916	5.212839	3.170623
3.733499	5.396159	8.879698
3.953242	5.611638	6.188750
3.813433	5.274886	2.517642
5.083172	6.506755	7.492504
5.043535	5.050659	3.777634
4.157385	5.009018	9.117798
3.790009	4.732909	9.147175
3.309193	3.996410	4.197169
5.169436	5.514862	8.389939
2.723263	3.117894	6.313177
3.968310	4.511671	3.266099
4.778803	5.230516	7.634445
2.963403	5.628879	8.546961
4.946085	5.682332	8.475176
3.710263	6.048310	7.449974
3.077106	5.340666	3.030581
2.770459	3.527920	6.659216
4.282999	4.265746	8.788977
3.623901	3.802496	2.777044
4.106549	4.517992	8.973086
3.691625	4.945484	8.348751
3.063237	4.536437	8.761463
2.310733	3.817963	7.384009
5.420661	5.994487	5.573173
4.454537	5.248114	8.501506
3.863521	6.190408	3.481808
4.126399	6.387649	5.194507
5.000052	6.525919	7.561246
4.817684	5.164569	3.205809
4.088527	4.031629	3.920637
4.472181	5.655779	3.649693
3.764628	5.323841	8.977987
3.220564	4.660719	2.202141
3.290395	5.254704	6.138154
5.429402	6.561720	5.249221
4.384382	6.231911	3.762105
4.437650	5.982156	3.483760
4.685239	6.928450	6.144501
3.635202	5.931498	8.387311
5.051298	6.151973	8.567463
4.090141	5.274481	8.940702
4.473920	5.627708	8.864236
4.056176	3.531677	6.001596
4.219481	5.316034	8.504756
3.225335	3.916126	7.863471
3.084064	4.748472	3.238687
4.066079	4.948942	9.261242
4.080066	4.729038	2.562736
5.097889	5.068356	4.407166
4.856469	6.929895	6.156027
4.833019	5.243520	7.907691
3.466465	4.219424	8.608150
3.041263	4.648595	8.552811
5.530368	5.891208	6.755336
4.391539	4.069597	7.227095
3.143077	4.261723	8.736859
3.507667	4.840890	8.400561
2.477987	3.281476	5.928522
3.054091	4.466416	7.743357
3.999394	5.071279	3.179314
2.523007	4.073315	6.217806
3.025696	5.608399	5.131923
2.902591	3.117993	5.430143
3.587817	4.619058	3.312196
2.939952	4.264480	4.715836
4.821927	6.579487	4.117886
2.705838	3.522637	4.803214
3.510910	4.289052	9.206750
3.924421	5.925916	6.984866
3.944773	6.494596	7.679329
3.771467	5.821814	8.579219
2.619198	3.884704	4.910188
2.567426	4.662465	5.767695
3.770508	5.499268	3.165053
3.467832	3.428969	7.804483
4.096064	4.770195	3.281575
5.529340	6.070230	5.509492
4.067829	7.198258	5.031227
2.736001	4.545327	6.678989
3.950540	4.517456	3.121239
3.383954	4.182944	7.486576
4.356665	4.183492	7.002086
3.961006	4.703011	3.139077
4.499239	5.918593	3.913060
3.506842	4.580659	3.616287
3.910698	4.918176	9.301333
3.742946	5.614023	4.276113
3.823162	4.248814	3.870653
4.733973	5.025653	3.176260
3.390321	3.763786	4.017390
5.019055	4.338421	5.168354
2.743192	3.327433	6.035830
3.715198	5.708535	3.319814
4.062429	5.019992	3.149811
4.795142	5.296501	8.135035
5.024288	5.869654	4.499188
3.788874	3.414849	6.629397
4.985671	6.253328	6.836181
4.458059	4.875276	3.193432
3.607580	3.839459	3.574011
5.066174	5.724982	5.891974
4.639986	6.369719	7.878133
4.170403	4.274556	8.743584
2.542791	4.802488	5.884346
4.531271	5.035653	3.119479
3.752446	6.925037	5.610244
3.439503	5.077476	2.904693
3.006659	3.423001	7.176152
3.611071	2.997666	4.594773
4.612923	5.960097	8.301511
4.805841	5.129682	4.335895
4.183267	4.329286	2.591730
2.897697	4.138811	7.694653
2.959939	4.556504	6.881874
4.559854	4.875856	2.886057
4.959552	4.281114	5.646085
3.312020	5.457622	4.129866
4.218532	3.968517	5.346657
4.254950	4.420669	8.471143
4.087080	5.106025	2.837930
4.036024	4.071581	8.303281
4.188084	6.765956	7.600613
4.131295	6.294810	7.400896
3.997733	4.749249	2.924930
4.407482	4.640269	3.190189
5.031236	6.735159	6.681891
4.894892	6.863047	7.192119
3.473649	3.117382	7.286225
4.134471	4.740216	2.971237
4.156447	6.150070	6.617913
4.231699	4.333366	7.842805
4.450356	6.730576	5.528588
4.844072	5.438089	3.382610
4.029103	4.669461	2.971648
4.263833	5.624647	2.863625
4.102377	4.760046	8.762587
5.263018	5.904288	4.935316
5.016533	7.024027	7.357464
2.835614	5.508892	6.749611
3.662928	4.728798	3.541785
4.883090	5.871888	4.427206
4.409498	4.849347	8.261678
5.255758	5.391081	4.334326
3.402834	2.915857	4.928210
4.132652	5.788626	7.792335
3.216706	5.627760	7.802310
4.230547	4.016791	8.004120
3.439467	3.613926	7.397804
4.174481	5.417052	9.107099
2.985886	3.893871	4.849773
2.884960	4.108480	7.148038
4.297364	3.996068	6.837520
4.680860	5.031742	2.831125
4.503133	6.270090	4.140667
4.273680	5.362876	8.603743
3.143339	4.187699	3.780018
2.366098	4.458992	5.594379
3.835394	3.651603	4.407514
5.522168	5.020678	5.889921
3.635617	4.333368	8.951397
3.149017	5.152863	8.029019
5.061746	6.513128	4.613865
3.915921	5.398137	3.642096
3.453602	3.603899	3.754538
3.319283	5.552871	5.913127
3.871726	4.348015	3.309818
4.285810	4.825340	9.168268
3.380821	5.835429	6.389714
5.517610	5.905019	5.792232
5.342499	5.315957	5.027028
3.579909	5.775953	3.930652
5.069880	6.815223	6.526499
3.751788	5.179746	8.510086
4.554692	6.498598	5.271162
3.747154	5.392149	3.643199
3.866105	4.812669	9.166917
5.128906	6.748636	5.140022
4.164556	6.543469	7.969093
3.833783	5.012714	8.949106
5.244967	6.080736	6.415717
4.245628	5.298987	2.920421
5.118456	5.000481	4.355897
4.440707	5.790580	4.000500
4.009722	5.021964	8.863261
4.795712	4.334807	6.444804
4.378550	4.712868	7.976369
4.854256	4.544308	5.619435
4.594210	6.779591	5.464329
5.318119	5.989039	5.855148
2.620004	4.551974	7.116515
4.172491	4.721041	8.929105
3.783816	4.180384	3.499630
3.225296	4.877741	9.143782
4.563263	4.788115	8.421872
3.505443	4.296442	3.075504
3.730439	5.078287	8.771441
3.484132	4.580213	8.695007
2.952306	5.234592	8.862877
4.668699	5.260122	8.820359
2.924397	6.363550	4.355964
4.567474	6.830725	4.590206
3.088692	5.134744	5.753608
3.068751	4.254061	4.518520
3.856730	5.726255	3.496271
3.850445	3.982143	3.889624
3.725784	4.654935	9.163780
3.522316	4.741749	3.214411
4.006648	4.665265	9.135110
3.654477	3.915186	7.492724
3.949625	3.727878	5.043317
4.512764	6.014756	7.919463
3.560945	5.937361	7.587356
4.244299	6.267722	8.295023
4.303994	3.373308	6.131831
3.131991	5.770311	6.927238
4.287787	5.292558	3.267750
3.002477	5.141116	7.699991
5.239541	5.392670	6.960231
4.541209	5.805012	3.545038
3.907167	5.233297	9.012951
5.333442	5.808486	5.138040
3.210999	5.454505	3.842396
3.912870	5.493891	9.353041
5.221609	5.016723	5.896101
3.654254	5.966503	3.501314
4.888618	6.087666	8.116777
3.676463	3.488332	6.109459
2.862032	4.600782	6.747255
4.188066	4.238836	8.331703
5.187343	4.566670	8.338727
2.982681	4.643262	3.761606
3.987228	4.974063	8.641139
5.206453	6.857318	5.213795
3.855825	5.217448	8.884582
5.140108	5.460575	5.174616
4.648674	5.414368	8.757984
4.504237	4.257019	4.575353
4.800128	4.279123	7.715029
4.073764	3.409700	6.797615
4.697846	5.855766	3.291586
3.029053	4.952027	7.405510
3.690926	3.054653	7.408330
4.083533	6.977138	7.323865
2.882401	4.751703	3.966416
3.991285	4.353633	2.809680
4.055694	4.702324	8.940973
3.249215	4.754406	3.647398
4.127617	4.454638	8.594257
4.388196	3.730731	4.239912
5.382651	5.510359	5.984748
3.127898	6.183824	5.927043
4.628829	5.984686	4.805214
4.241844	5.483815	3.282313
4.439432	5.366420	8.642380
4.629888	3.273001	5.321805
4.474244	5.014206	2.905507
3.765554	4.642259	9.354045
4.242166	6.478261	4.304103
4.116083	3.822105	8.488702
4.088803	4.606751	3.216484
3.950298	6.499441	6.863739
2.806133	3.535076	7.189522
2.912356	4.011419	4.893325
4.328249	6.823324	6.790352
2.814411	4.261543	7.006901
3.479280	4.448847	3.045718
3.552108	4.562029	2.663599
4.717511	4.923804	2.894421
4.090512	4.468706	3.075285
3.787007	6.189229	7.301037
2.875311	4.396862	8.074382
4.437569	4.784027	8.835639
3.372843	4.775974	8.473628
3.794616	6.052330	5.807373
4.154893	5.021027	9.114216
4.188866	3.557836	4.910705
4.367809	4.911529	2.932701
3.329769	4.591864	7.972372
4.519713	5.908012	4.325141
4.053427	6.112378	8.737710
3.428792	3.124259	5.737982
3.817142	4.725233	8.880924
4.319770	4.955316	2.953764
4.741894	5.535317	3.433432
4.962453	4.650446	3.734245
3.436182	3.782402	2.944467
3.618949	5.323756	7.961063
2.683840	4.800742	4.663704
4.327603	4.551203	3.465457
5.353464	6.308033	7.255398
4.989516	4.411439	7.992888
5.303466	4.822790	5.176401
3.035840	3.531451	4.518244
3.042112	4.701311	3.748493
4.548500	5.724752	8.754617
2.987521	3.414042	5.414555
4.110855	6.456398	5.015910
2.974545	4.024632	3.676921
4.562871	6.220529	4.730032
3.482225	4.842842	8.351232
3.906758	4.795715	9.134449
2.853977	3.803363	4.946958
3.900596	5.978118	8.345035
3.764228	5.403391	8.963243
4.201986	4.908231	3.225854
5.051643	4.979183	4.839322
3.880220	4.703311	9.035230
4.746799	5.353104	8.755592
4.773373	4.760644	9.046180
5.165638	5.263152	6.901473
3.666327	3.778934	3.539582
3.776971	3.177342	6.729193
4.075412	5.068917	3.138333
3.752282	5.705003	8.532809
4.148813	6.617900	7.242839
3.639584	3.816857	7.602840
2.793434	3.586870	5.687332
3.528815	5.245144	3.038855
4.098839	4.837031	3.007869
4.900249	6.691115	6.388136
3.051221	3.420841	4.864975
3.788770	5.789716	8.163356
3.856264	4.857191	3.383253
3.666932	5.411599	2.498732
3.795463	4.220054	8.325497
4.053327	4.446406	4.188486
4.144284	4.700470	3.574068
4.356089	5.555931	3.002866
3.803250	5.926303	4.519416
3.372337	5.193488	8.547185
3.494114	3.734405	4.320590
3.741098	4.657801	9.013566
5.328891	5.655559	7.773687
4.518769	5.980088	3.471973
4.128818	5.677323	9.013652
4.737720	4.762044	3.579562
3.767606	4.282490	2.501100
5.324906	5.913689	6.099558
4.128653	6.170649	7.918865
4.684889	4.905646	7.239130
3.152486	5.135711	4.714970
3.218084	4.074247	3.731624
4.354647	4.957775	9.164813
4.834947	5.400457	3.073680
4.182464	4.779647	3.300299
4.169655	6.034541	3.416067
4.952868	6.601376	5.462590
4.206342	4.692628	8.499474
2.922912	4.319800	6.155054
4.064300	4.875195	9.234781
4.424336	4.612700	3.816230
4.251202	4.386370	3.735070
3.893626	5.248878	2.976980
4.161954	3.573389	8.577957
3.756519	5.312443	3.123842
2.815166	4.571251	4.323802
2.505525	3.811917	6.160983
7.517481	4.388955	6.255779
6.323342	5.146591	9.889423
3.469956	4.853640	5.896776
3.101938	6.223143	4.172396
6.923002	6.288347	5.264606
4.808336	4.415839	7.896590
0.737235	6.882644	6.803917
2.468247	1.531173	4.816580
3.610152	5.017580	4.668075
5.364170	5.697623	7.024977
7.152461	2.814186	6.015587
0.885986	1.700637	8.435488
7.048766	4.407981	5.580203
1.866932	2.289246	6.304176
1.134168	7.339473	2.505117
7.509497	1.087790	6.691873
6.290470	5.886445	8.846308
6.215675	3.300008	9.518635
3.028342	5.432908	5.498396
0.358551	1.644382	2.884458
1.154912	7.015068	3.781348
4.010158	7.949351	6.307842
0.193121	8.727730	7.485239
1.353305	7.410163	3.103086
2.458381	2.618314	6.315095
0.153089	3.227838	8.367229
4.873786	3.747835	5.679948
2.472791	1.253217	4.143902
2.816883	8.787529	7.944840
6.145019	8.023326	8.349977
0.770340	8.122638	2.163331
4.518159	7.535846	4.284072
7.159460	3.535903	6.347511
3.208446	1.027386	9.399229
6.088332	5.909713	4.759919
5.211296	4.582598	8.940195
7.028646	3.934456	5.243560
5.614503	4.589850	9.941341
5.847870	5.622273	6.493490
4.844370	3.577227	5.150879
6.347551	1.328136	8.711466
7.890578	1.991676	4.607037
3.341524	7.581719	4.189231
2.962315	1.800892	7.726450
5.745511	1.549982	7.357538
6.820804	4.176846	8.107249
1.548015	8.064776	7.069434
7.282425	3.120932	9.373687
5.697847	8.945831	2.862440
2.021039	3.085560	3.584138
1.206335	5.696036	7.373078
3.184539	1.125772	4.517271
6.389558	5.268467	4.520743
7.607299	2.544917	2.226619
3.586831	5.524450	3.159639
2.144871	8.077335	6.949512
1.638645	5.691615	3.898195
1.430157	5.587159	3.682445
0.588818	2.540171	6.723738
5.045485	3.000479	2.827799
6.166838	3.667817	5.160824
6.876855	6.003713	4.188662
1.742945	7.283306	2.729159
7.994134	6.109947	5.333205
3.637550	8.217570	2.214491
5.912743	3.333718	4.176808
4.522263	8.954013	2.600521
5.461213	5.194195	8.113924
4.709089	4.674591	3.836398
6.735356	3.732892	3.500731
2.302564	2.400459	3.008438
4.235411	8.521675	9.524817
2.873439	7.995849	5.024096
6.362915	8.284895	6.000924
2.293138	7.057750	8.176346
7.022389	5.960944	9.324457
6.878399	2.501172	4.637560
7.242620	3.724500	8.017920
0.012644	8.836330	7.988003
3.359897	2.510956	9.931608
1.078639	6.835221	2.155925
5.042016	4.234144	5.777715
1.812028	4.564890	8.510254
5.576710	2.776015	3.918693
2.098789	4.886494	3.702818
3.809596	6.188097	7.568933
7.529422	3.114111	9.981751
6.118365	4.733313	3.053499
7.128052	8.200627	6.622268
6.297729	3.005665	5.759515
0.703732	7.373805	2.025687
6.710246	4.240016	4.724676
2.917506	3.311367	2.037052
6.215026	7.586246	8.761661
0.601308	2.757831	3.824106
1.044392	1.140505	4.333654
1.250309	1.332912	5.657950
7.081028	2.616360	8.135449
7.150611	7.370543	5.370386
1.364039	7.372477	7.015786
