3.008750	4.502041	3.332748
3.980444	4.468945	3.679145
4.594037	6.628431	5.421400
5.011284	6.714984	5.536371
3.124324	5.529409	4.105859
3.852749	4.669863	3.411751
3.766329	5.020066	3.169063
2.961825	3.631794	6.681395
2.907986	4.886309	5.144983
5.407728	6.147010	7.865554
4.706003	4.687875	3.037134
4.061055	5.850907	8.148435
4.035481	3.854957	3.772833
3.434265	3.244765	5.860311
4.962568	3.965639	5.817193
4.915855	5.279045	8.758953
4.948575	6.579239	4.413997
5.116802	5.387848	3.737273
3.753518	4.325955	3.481372
4.277055	6.732544	6.537810
3.801263	5.056985	8.922521
3.123127	5.109437	5.332097
3.968817	6.332879	8.002351
4.717443	6.004744	3.704896
3.004332	5.564642	6.024924
4.060407	5.608597	9.077172
5.194978	5.448161	7.319076
4.922692	4.628724	5.319972
2.466810	3.956963	4.628787
5.430788	5.402908	7.390306
3.003816	5.256477	5.916449
2.796376	3.677747	6.210776
3.166751	4.105900	4.459285
3.582400	3.739221	3.950495
5.133420	6.320295	4.270742
3.070751	3.837077	4.811375
4.078116	5.198425	9.114843
3.777222	5.102672	8.711366
3.383437	4.607589	2.744451
5.103096	6.164146	6.781788
3.443231	4.582769	3.159357
4.426211	5.270670	8.859892
3.456602	5.553316	8.914523
3.738285	4.858330	3.040971
4.377212	5.671946	8.792950
4.508279	6.969644	5.123238
4.074363	4.713363	3.079667
4.781087	4.597578	3.870463
3.607419	3.005557	5.982606
3.190811	5.968949	4.506829
3.358775	5.128580	8.956879
4.804719	5.832728	4.722791
4.415258	5.946984	8.290750
4.640835	6.273517	4.159947
3.728040	5.005288	3.196463
3.341960	4.638888	3.743745
4.362553	4.808945	8.871532
5.220552	6.158594	5.186244
3.649629	5.867721	3.504783
4.410528	5.495760	3.547326
3.247748	5.520589	8.424699
3.374773	4.698468	3.264549
3.566079	6.012897	6.013316
3.989085	4.760820	8.736941
4.126966	5.308675	3.377693
3.980717	4.907036	3.099703
4.884962	6.089609	4.227350
3.284145	3.201042	5.635373
4.053861	4.981771	2.652804
4.437283	6.583499	6.723626
5.008407	6.554594	7.713739
3.014142	3.830604	7.632419
4.448671	5.371099	8.578850
3.772673	5.107556	9.110381
4.971027	5.384436	2.970675
3.773914	4.846703	9.203236
4.499234	5.543260	8.544358
2.936250	4.077131	8.229387
5.034448	5.343470	8.127939
4.924490	6.409541	7.887172
5.002222	6.599880	4.537441
4.277172	3.965492	7.772793
3.729583	5.098361	9.128512
3.057988	5.886882	6.057648
4.127111	6.036186	3.923911
3.435627	5.943922	4.039524
3.152768	5.101015	6.719773
3.604087	4.129378	9.077426
4.979568	4.773192	6.856984
4.414199	6.326822	4.208689
5.328203	5.012414	7.384291
4.102726	4.951029	8.984280
3.818798	5.268210	3.163716
5.073779	5.892707	7.312378
4.720258	6.589864	4.290049
3.317403	4.912882	8.776311
4.060061	4.888289	3.097123
4.637450	5.090593	3.329890
3.388624	6.227385	6.753340
3.460159	4.892453	3.387292
3.810989	3.989333	3.521662
4.576658	5.341680	8.501401
2.887204	2.992806	4.900409
4.079294	4.978248	2.600545
4.987853	5.138253	6.517914
4.144158	4.738973	8.337805
3.748147	5.239909	7.833554
3.989034	4.702306	3.283741
3.838124	6.109150	6.585915
3.204393	5.085701	8.246364
4.237321	4.213604	5.156118
4.393346	4.088084	3.901562
4.433472	3.949756	3.227611
4.550674	5.884905	3.975964
4.624150	5.009687	5.172373
4.352952	3.375280	5.511417
4.120458	5.158388	2.486344
3.958773	5.658899	8.096126
4.649474	5.547600	8.551329
4.088186	4.872300	2.677950
3.342886	4.897813	4.340121
4.815243	4.369428	4.976943
4.318783	5.214604	3.075149
4.156210	4.715927	3.270249
2.769877	5.590366	5.285536
3.670551	5.911457	7.506974
4.237965	5.173277	3.533682
4.489476	5.502330	8.855539
4.514115	5.379963	3.588224
4.823545	4.544246	7.434658
3.890494	5.034772	2.682390
3.820438	3.635881	8.471999
3.594839	4.915590	3.070587
3.925779	3.580500	7.687671
3.076291	5.661717	4.445498
4.069001	4.162373	8.453206
3.725105	3.649548	8.208108
3.970009	6.714313	5.119528
3.512007	5.546871	4.876462
5.159482	5.752919	5.002334
2.385078	4.177430	6.073212
3.275278	3.483376	3.655313
4.067139	4.864671	3.257108
3.745415	3.956895	3.305776
3.666582	5.443609	8.863903
4.035603	4.779051	8.830362
2.539183	4.059868	6.511039
3.687284	5.670488	8.519191
5.074581	5.240443	5.744403
4.558139	6.386627	7.643705
3.826620	4.600344	3.313099
3.726486	6.109518	4.852260
3.904642	3.797045	8.182072
3.113201	4.102269	8.446716
3.529382	4.644918	8.991427
4.549627	4.382368	8.469748
2.951572	3.267168	6.378391
4.146473	5.073871	3.036312
4.317868	3.314060	5.884239
2.815918	4.826247	4.066468
4.189743	3.256370	6.659066
4.055903	5.355003	8.976106
4.627981	6.759737	4.343039
3.281502	3.434870	7.012383
4.905067	5.634924	8.975145
4.420265	4.569484	8.736669
5.194060	5.563958	5.013706
3.113850	5.333218	3.760455
2.899064	5.035420	4.871384
4.436638	5.664582	2.766304
2.957567	4.346649	4.156613
3.084384	5.626735	4.897249
4.755905	6.322705	8.236922
4.144993	5.024216	8.753411
4.056096	5.734176	2.828746
5.718705	6.036532	5.973003
5.402210	6.569942	6.819702
4.143903	4.010821	4.025807
3.863981	4.486644	9.135470
4.225643	5.162297	3.541731
4.601599	6.757903	3.957975
3.922798	5.013652	2.809805
3.287873	5.841326	8.051820
5.293602	7.072085	6.832485
3.505821	5.616324	8.910946
3.873558	6.040433	3.350421
3.319427	4.490021	8.361114
3.165906	5.631221	7.779928
4.189390	5.855179	2.979627
3.011819	5.742612	6.688676
4.929628	6.651992	5.199991
3.826323	3.615605	6.856522
2.921236	2.963532	7.217146
4.397588	4.920614	8.848203
4.267154	5.110975	3.208426
2.606530	3.827626	5.615408
3.304498	4.051695	3.843490
5.145057	4.497074	7.312938
3.860773	6.393052	7.199657
5.055502	4.764439	5.906616
5.129805	5.874103	7.828519
3.433908	5.071872	7.831988
4.954957	4.461359	3.488332
3.841725	4.993421	2.767865
4.383755	6.434736	7.340999
4.891696	6.969378	6.278799
4.647881	5.545093	9.035335
3.513656	4.689444	8.656987
4.375326	6.150080	8.011879
3.702920	3.248257	7.225873
3.826794	4.462633	3.030504
2.833282	4.903053	6.624845
3.309053	3.605575	4.305156
4.213285	6.393765	4.501070
3.403584	6.094940	3.794843
3.114830	4.421933	8.556825
4.950885	5.703761	8.369245
2.964544	5.432698	6.655089
2.984706	3.390547	6.479152
4.424459	5.023035	3.383934
3.769028	6.481283	8.220687
3.987595	5.336868	3.046207
4.540625	7.087113	6.171552
4.500692	5.295400	8.476841
3.861722	5.292132	9.107453
4.367936	4.268070	2.994353
4.152710	4.192832	7.568234
4.717091	5.014117	9.054499
3.817466	5.497429	3.711231
3.373748	4.660003	7.508215
4.305652	5.107204	8.651430
5.285362	5.802877	4.051896
4.834929	6.075295	3.730128
4.986108	6.419878	7.138576
3.265014	5.683385	5.542077
3.740363	6.314256	4.432288
3.716237	5.127584	2.718404
3.175476	3.082104	4.086267
4.475606	5.674238	7.903582
5.305878	5.973230	7.194810
4.466835	5.366347	3.202788
4.439801	5.042633	8.838242
3.327592	6.431374	6.504492
3.943364	6.138072	7.358814
3.746075	5.190157	3.097409
4.945945	6.625010	6.188663
3.949636	4.369885	8.427651
4.222574	4.031319	4.409693
3.015649	5.155457	6.814296
4.368512	5.353190	8.867684
3.647239	4.002416	3.660161
4.016283	5.253684	9.064689
4.030593	6.382838	7.382302
3.594785	4.966913	3.199148
4.308001	4.851862	9.071109
3.207192	5.889907	7.131013
4.539444	4.314658	7.374002
4.116550	5.632248	3.109036
4.540315	4.525599	3.233540
3.812643	4.653666	9.374972
3.514859	5.542192	6.661888
4.222131	4.588092	3.233942
3.652225	4.639635	8.471797
3.149196	4.710054	7.639966
4.912802	4.956707	8.071230
3.594197	5.441590	7.999943
4.798441	5.278805	7.210548
3.525454	4.136351	3.419674
2.962863	3.636537	5.265974
4.896345	6.285095	8.114613
4.299838	4.608218	8.753581
4.049790	4.693388	3.283144
5.242445	6.308511	5.021348
4.398846	5.104745	3.317913
3.536137	4.001170	3.546048
3.357904	3.197402	5.166663
3.161194	4.449784	8.519068
4.607274	4.168428	3.582160
4.302190	5.782612	3.483940
4.682899	5.979742	8.978087
3.622322	3.372706	8.210661
3.811400	6.414862	4.557020
4.378270	3.941037	3.708579
4.347415	3.457292	7.534385
3.814535	5.209668	3.495994
4.785738	6.732767	7.354618
3.078781	4.214272	8.354670
2.974596	5.494538	7.701112
5.357274	5.080896	3.857753
4.959237	6.470203	8.165027
3.954108	4.615495	9.352062
4.165349	5.803334	3.224291
4.516249	4.464651	4.486375
3.687211	3.800997	4.130685
4.674168	4.591554	8.369558
4.232105	6.049462	3.161519
2.636057	4.390731	7.696781
4.386239	6.545728	5.469638
3.829833	3.767524	4.772421
3.435832	4.445270	2.894871
4.115955	5.703155	8.579343
3.633788	3.446997	4.770171
3.802748	3.947511	3.434862
3.016547	4.071133	3.895789
5.071199	5.423976	4.047758
4.345465	5.822626	8.903522
4.043368	4.416896	4.270976
4.201486	4.521638	3.104133
4.458464	5.134032	9.064499
3.257353	4.900848	8.623530
4.663213	6.383025	7.901603
4.570683	5.456385	3.081439
2.428565	4.090004	6.342270
3.661539	3.802541	4.465541
3.456821	5.224392	3.190185
5.026689	5.282532	5.912992
3.870708	3.779947	5.451959
4.548425	5.664793	8.570399
4.060952	4.432449	8.757889
5.522180	5.713111	8.168189
4.310101	5.074562	9.031442
4.901274	4.606616	8.100040
4.895070	5.026060	3.906342
3.066691	4.702336	4.192024
3.683375	4.853553	2.829958
3.777855	5.435073	2.998033
3.650055	5.749151	3.437921
4.986636	5.620557	3.920344
3.468562	4.194577	8.674133
4.194558	5.369371	3.209753
3.298836	2.950435	7.094141
4.809889	5.125640	4.850903
3.771089	5.121118	3.112627
4.132712	4.385063	8.356412
4.150744	4.849338	3.086393
3.679951	6.374594	5.421314
4.074211	5.425499	8.886428
4.681762	5.877175	4.208424
4.627601	5.576601	4.535696
4.557202	5.302252	3.012736
3.075895	5.155798	8.458888
4.008476	5.006029	8.708436
3.785789	3.957257	6.011168
3.137135	5.485945	3.482488
3.828980	5.405536	8.804105
4.171919	4.470403	2.915683
4.987830	4.459040	5.780984
3.641917	4.251980	8.508311
3.972396	4.492656	8.702935
2.833933	3.839976	5.967008
5.352218	5.819373	6.955409
4.880303	4.309039	6.028895
4.059007	5.124847	8.574241
4.461335	4.429913	8.149843
3.973449	3.908743	8.387005
3.911081	5.172235	9.241945
3.552090	6.033147	5.660476
3.047793	3.585977	4.736223
5.132030	5.772914	3.733036
5.094922	6.761098	5.103428
3.550840	5.115973	9.518098
4.866741	6.738359	6.648699
3.647246	6.188785	6.353229
5.411668	6.359248	7.289968
3.401429	5.570396	3.655696
3.766353	5.294621	8.902872
3.270492	3.389521	7.112440
3.725549	3.101421	7.300436
3.685365	5.291549	2.995891
4.163015	5.409464	8.437426
3.554174	6.007997	3.863498
2.980483	4.415984	7.937391
3.967817	3.914226	7.938459
4.424991	6.368202	4.742603
4.111122	5.936623	7.910864
3.749462	5.163369	9.003995
3.611565	3.224025	4.649091
3.182585	4.143127	4.775041
3.056667	4.043220	3.741763
3.338852	4.073870	8.894499
4.812738	5.698693	8.855969
2.634151	3.737793	7.724079
3.368100	3.301179	7.094942
3.729994	3.449309	6.485021
2.332247	4.398413	5.945876
3.063250	3.533221	4.224232
3.760438	3.594600	7.906550
2.816372	3.971047	4.874378
4.429851	3.891632	6.467495
3.787516	4.873814	8.842444
4.449703	4.904062	3.346024
4.001551	4.781716	8.587310
4.460542	5.161313	8.941065
3.884685	4.185966	8.792135
4.039100	6.454059	6.584063
3.153388	5.391013	4.409372
2.608049	4.420578	7.108332
4.973500	5.515212	3.057788
2.625920	4.427078	6.735993
4.986633	4.731289	7.710827
3.204662	3.705454	8.370511
2.488245	3.850251	7.632571
4.216110	4.695418	2.839587
4.053143	3.157408	6.963750
2.664987	3.304379	6.752363
3.048762	3.026265	6.163491
4.075850	3.818089	8.683673
3.446297	5.196512	8.291628
4.566797	6.814477	6.781023
3.286702	4.747870	8.382833
2.515450	4.891256	5.442068
4.999180	6.938350	5.310064
4.667482	5.851560	3.566535
3.661623	4.607365	8.881075
5.153180	5.853598	7.455479
3.859079	5.670405	3.156728
3.659313	5.422074	3.725809
4.740543	4.600411	6.530002
5.291872	5.888407	5.490158
3.701255	4.726673	2.949657
3.620187	5.073098	8.452198
3.117876	4.094102	7.934502
3.629453	4.530614	3.245007
4.764794	6.224512	3.690307
2.837897	3.413942	7.340200
4.260780	3.574867	4.601229
4.311542	4.747719	8.743981
3.672632	3.043223	5.170107
3.945375	5.098755	8.941898
4.934723	6.217502	4.390850
4.581405	6.924922	5.699309
5.085599	6.393551	6.226025
4.096956	5.161322	9.074781
3.224266	4.777145	4.995882
3.987371	4.460972	2.800835
4.152135	4.916701	3.303865
5.540322	5.472163	5.318836
4.158191	5.117180	3.065388
3.642643	3.380922	4.861294
4.739246	5.899557	3.331380
3.794745	4.850590	2.915087
4.748143	4.749468	3.416048
4.516780	4.580205	4.819027
5.398382	6.254830	6.312713
2.924401	3.387867	5.600394
4.304605	5.191319	3.046577
3.860676	5.056032	8.695174
3.824565	4.562410	9.179007
4.555921	3.589417	6.018521
3.455775	3.286322	6.441742
3.922641	5.026542	2.801657
3.654638	4.528995	3.075142
5.193988	5.231337	4.440522
4.246331	5.241227	9.401703
4.133493	6.011536	8.371125
2.910751	3.679417	3.594278
2.912533	3.628298	5.518045
5.627743	5.944452	5.613457
5.398400	6.568346	6.023363
3.988403	5.826852	4.041507
2.738629	3.746916	5.781764
5.498679	5.529133	5.915368
3.553441	3.226180	4.881798
5.055619	5.661439	3.849948
4.178669	3.655914	7.605897
3.175360	3.797927	7.791181
4.870160	4.897056	4.073086
4.212075	5.000525	8.671093
2.849515	3.551191	7.527972
4.259235	4.620308	2.895640
5.240213	5.353435	7.927910
2.605599	4.850528	6.180314
4.558235	4.934064	8.897571
3.498790	4.262824	8.992194
4.384778	4.627420	8.994780
4.794802	5.555720	3.330835
2.955488	5.161586	5.814986
3.553104	3.459387	7.875373
2.803911	4.520708	6.417311
4.366278	4.904046	9.240015
4.788171	4.182260	4.715233
3.233325	5.510598	5.019031
3.859245	5.500409	2.829396
4.054037	5.390278	3.717648
4.105678	5.520951	3.337223
3.959231	4.359462	8.235043
4.268758	4.674196	8.875239
3.171058	4.825948	3.792190
3.883131	4.807481	8.807437
3.941982	3.919126	3.701198
4.123011	4.510161	9.039725
4.164743	6.043006	7.015607
4.959499	6.182135	7.422676
3.265113	4.825853	3.264227
4.242716	5.409793	9.062391
4.050883	5.782781	9.130889
3.957327	4.003977	3.564735
4.242247	6.650166	6.929968
3.683800	4.680850	2.817627
5.136297	5.157335	3.495528
4.018880	8.947950	6.784060
6.589634	7.385194	9.956057
0.969853	7.941328	4.694218
1.986944	2.118793	5.709008
1.391224	5.099714	5.084631
1.623239	5.541401	9.825875
3.071189	3.269135	7.538622
3.232412	8.891291	8.311322
0.992542	6.981132	6.346814
4.172885	4.193158	5.687566
4.473556	1.755236	5.649866
0.375506	3.906261	2.456090
0.213498	4.610305	9.864159
6.869990	5.642310	9.934582
5.495657	7.425172	2.912328
7.377935	6.520515	3.353004
0.078814	1.514575	3.456289
5.051609	5.362674	4.309167
5.845563	2.922933	5.164600
7.017082	5.772550	3.320306
4.462213	5.803742	5.923268
4.543769	6.077332	8.378553
6.631948	5.646287	7.305809
6.352522	6.656268	3.230565
7.178159	7.242047	6.875050
0.594477	5.973699	7.580592
4.887255	7.466105	3.281248
7.274043	4.891787	9.845428
3.655103	2.356646	7.459102
2.136667	5.759570	7.458857
0.309860	5.737856	5.678341
1.057759	8.906532	2.669461
5.530028	3.962969	3.282366
2.964874	5.869975	9.555200
2.108433	1.319185	2.784522
1.430300	4.137687	2.137061
2.391194	2.695036	5.660102
6.777002	4.654044	4.132772
2.630556	8.835648	3.679176
7.265295	3.794545	2.770580
0.068338	5.755512	2.593334
6.046986	1.850358	5.367195
5.062730	1.005647	6.360430
5.561164	8.792953	6.318997
4.076850	1.069088	9.933156
3.939539	1.913766	6.452898
3.631391	2.030693	6.476240
7.490234	4.893033	8.185363
0.311584	1.140336	9.686097
3.667766	8.401028	5.483117
4.813203	6.102950	9.431978
0.560059	7.444671	7.250364
6.150008	1.590510	8.020077
7.780127	7.549750	5.969917
3.615568	7.965471	7.391186
6.503142	6.900746	6.036941
0.763713	6.394754	6.475359
2.252260	8.959450	9.368991
3.706022	5.794008	3.767616
5.642253	7.077396	2.535658
0.379286	3.429790	7.681157
5.171910	7.683999	9.607467
6.614834	6.952962	2.276982
4.649799	5.127008	7.758886
0.027843	2.256752	4.472463
5.576515	7.409676	3.496297
0.356841	6.378766	2.128856
0.120193	2.057754	9.058883
0.977980	5.460525	7.666599
2.681845	5.174544	4.948184
3.010179	6.695992	7.322860
0.953195	2.028083	9.357566
3.887770	6.945418	8.330757
7.673208	5.580789	9.566597
0.720318	5.161047	2.178491
7.128189	8.248325	9.050017
5.578720	7.043960	5.217237
4.326742	3.065507	9.803820
6.513681	7.310816	3.554961
0.345665	3.875170	8.055148
2.248682	6.391605	7.305486
4.340556	7.114544	2.403217
1.708425	6.341995	7.364613
3.810857	5.281302	5.201867
2.355847	3.721465	3.059554
6.481369	7.025359	7.172794
6.552004	6.848232	4.366502
5.303506	4.327783	6.752315
3.022954	5.445964	5.851165
0.129622	1.770725	4.094824
4.599084	5.615844	9.052607
6.298281	6.495107	7.785481
5.661202	6.957998	6.376968
3.374223	5.027215	6.315745
3.955203	1.474665	8.312675
2.382693	1.644575	9.982399
0.315855	2.258149	3.816867
2.062436	1.207273	2.698425
3.128716	8.283489	6.732396
1.668371	8.889549	2.770788
