4.439964	4.953715	2.969424
4.757934	5.731505	3.677307
4.033678	3.179844	5.831751
4.033369	6.521705	5.056079
4.724066	6.151469	3.724336
3.867865	2.955490	5.323681
5.239122	6.552778	6.372312
2.916808	5.152457	6.728962
4.054207	3.864536	9.222451
2.660154	3.736361	6.972551
4.325472	3.997916	3.741941
4.273324	4.595438	8.472469
4.993717	6.459132	4.848658
4.734487	5.455119	7.838747
3.790658	4.752198	2.777131
4.232948	4.752932	3.054798
3.284652	5.321634	8.724003
4.537534	5.266956	8.747463
4.210391	4.639201	7.877253
3.828415	4.230573	8.516323
4.233518	5.219697	8.832109
4.847182	6.072143	5.588961
4.472292	6.413699	4.109436
4.325423	4.905550	2.901243
2.923501	5.406517	4.335166
4.529977	5.902791	7.933040
5.722589	6.072546	6.356391
3.962052	5.062348	3.102777
3.917595	6.028506	7.531613
4.212639	5.309966	2.993557
3.810539	4.802800	8.924754
4.029530	5.653572	8.436583
3.190189	4.098494	7.845097
3.038174	5.456473	6.902096
4.175383	5.143724	9.364047
5.220121	6.071818	8.049781
3.464057	5.848675	4.676638
4.780395	5.319456	8.601802
4.170118	3.956446	3.563873
4.416891	4.887921	3.510991
3.415986	3.410402	5.989030
4.204995	6.343527	4.369260
3.514320	4.651763	8.238094
4.491529	6.150272	8.475265
3.345276	3.301591	6.866479
4.427639	4.741658	3.397848
3.670132	4.776311	8.604122
2.972531	5.419704	5.528819
3.201062	5.826032	4.472224
4.386427	4.446652	8.719409
5.083460	6.429311	6.430489
4.692831	3.978311	5.566569
4.029020	4.944069	3.488027
4.292926	3.412120	5.449482
3.796730	4.249147	3.425365
4.811850	5.147931	7.909518
5.411156	6.781593	6.373551
3.243099	3.952968	8.656583
4.655318	4.195559	3.656905
4.257356	3.717731	6.867359
4.519514	5.097379	3.574730
3.446291	5.537215	4.145470
3.138339	3.050408	6.537513
3.548590	4.955817	3.119107
3.834051	4.357987	3.240543
3.810095	3.811387	6.706680
4.027817	6.001803	3.964008
4.846407	4.459692	4.550853
4.039745	6.025886	7.964954
4.846731	6.374133	7.198055
5.045027	3.723790	4.217198
4.985767	5.184017	7.782170
5.147342	6.339746	5.828844
3.164647	3.544109	5.471054
2.557412	4.487906	3.535706
4.290539	4.177693	7.359776
3.502457	5.100196	3.230241
2.785468	3.663818	4.958994
2.740041	4.479663	4.050573
3.520894	5.418227	7.234202
4.048611	5.541979	2.977663
3.891993	5.203862	8.989818
4.068848	4.651736	8.792343
4.016832	4.786963	2.759050
3.694596	4.537787	9.305964
5.138107	4.441540	6.643186
2.507028	4.905823	4.291829
2.842202	3.744352	7.731070
5.399639	6.722633	4.693151
3.917575	5.126054	9.054887
5.148317	4.522232	6.371941
5.023727	4.214935	6.916258
3.059411	4.911399	5.213405
4.232829	6.307276	4.590933
3.646162	3.135460	5.974982
2.445059	3.911677	6.166953
5.281036	5.779084	4.929200
4.531423	5.731996	3.796279
3.264393	3.151403	7.757088
3.899532	3.484025	4.360392
3.853065	6.273030	3.685629
4.495519	4.221516	7.482540
4.901122	6.533964	4.001044
2.890808	4.444952	5.657230
4.564172	4.106433	7.402355
3.808772	5.267920	8.343733
3.706149	3.620400	8.858980
3.931541	5.494985	8.929210
3.855399	5.056119	8.829116
4.087866	3.710135	8.091899
3.848740	6.302110	7.332115
3.615651	5.542537	4.552820
3.969789	5.476686	3.239896
3.399368	4.979954	2.833345
3.994200	6.544421	5.086471
3.480289	5.096043	8.484254
5.081792	5.928337	3.700122
3.448079	3.394552	4.126382
2.451436	4.686932	5.664757
2.448360	3.855241	5.345775
5.087498	6.737159	4.547337
3.713632	3.984277	4.956457
4.092623	4.704284	3.119533
5.235883	6.323319	5.234838
2.907254	4.945792	7.043565
4.949904	5.565978	8.555754
3.713686	5.483439	3.223261
3.055944	4.104115	7.057983
4.130124	5.910297	9.073119
4.227339	6.249442	8.206848
3.822629	5.378978	8.874071
3.136332	4.119221	8.333890
3.219853	3.734907	6.617996
3.480159	3.951107	3.984720
3.723356	6.257878	6.750148
4.531286	6.407897	3.186459
4.074986	6.617185	7.243860
4.320767	5.177117	2.942387
4.013540	4.091222	7.797039
4.579070	5.063730	3.096925
4.001450	5.377392	3.415772
3.249113	5.189488	8.755903
5.429493	6.442998	6.191098
5.407028	5.933846	6.792998
4.009404	4.855099	8.920206
5.021287	5.584864	5.697315
4.260255	4.803209	9.389233
3.952390	4.107667	3.371842
4.172331	4.853525	8.550019
2.671264	5.076903	6.284062
2.692214	4.179277	5.712877
3.269945	3.299586	5.002725
4.713795	4.933101	8.086778
4.628076	6.186414	7.050389
4.106411	5.985202	3.679769
3.794424	5.087979	8.703317
3.279886	3.317397	7.176071
3.565065	5.467080	8.593159
4.115851	5.100729	2.906893
4.769499	6.985206	4.212685
4.043842	4.876612	9.362894
3.427330	3.693351	7.902318
3.410100	5.298294	3.720062
4.552991	5.685625	8.545720
3.464312	4.593774	8.615913
4.943686	6.486160	8.374485
3.614385	4.421373	8.197577
2.778555	3.057174	5.887324
3.925072	4.913713	8.544975
4.516880	4.229197	5.074450
5.042888	5.887826	7.578302
3.510884	3.637206	7.364488
4.177975	6.659308	6.392358
4.410348	6.783371	5.781080
4.368968	3.719431	5.107532
3.456066	3.842510	7.955958
3.536146	4.602215	3.976465
2.885828	4.531012	8.433440
4.086276	6.491576	3.912512
3.936277	5.293399	2.363809
4.584998	7.077815	5.798432
4.287360	4.943183	8.943265
3.241163	3.412965	3.915365
5.356257	6.243068	6.727956
4.030206	5.685863	7.882232
4.451874	4.400411	5.449449
4.296363	5.271261	3.063879
2.844609	4.312132	6.598472
4.641700	4.712387	4.472243
4.494055	5.265996	8.678472
4.170519	5.101249	9.097509
2.899369	3.643746	5.010027
4.043788	5.273657	8.552140
3.562664	4.174794	3.646569
3.036563	3.498841	5.486052
4.037251	4.490827	8.984432
3.587647	3.744565	4.537512
4.760382	5.002503	4.289999
3.896448	3.404236	5.137464
3.112050	5.198831	3.619945
5.352551	4.897888	7.214754
5.134708	4.710130	5.873865
4.534234	4.430509	8.670440
3.187978	4.465685	8.460531
3.428792	4.518553	2.828378
4.057929	4.643678	3.552151
3.491774	3.769060	6.870423
4.577224	4.287909	7.067649
3.713285	4.673032	9.238587
5.516136	5.366234	4.987185
4.536914	4.760369	7.589927
4.178784	4.981488	8.984206
3.979342	4.764392	3.477658
5.303267	5.443063	5.485985
3.998349	4.391911	8.645081
4.060358	5.694615	2.990216
3.057745	5.640343	8.567205
4.677243	4.723788	6.231884
4.467834	4.442707	3.174293
4.096765	4.966602	9.179045
4.585998	6.266292	7.718397
4.013736	4.886660	2.774115
3.568497	4.252193	3.172704
4.473220	5.582863	3.500691
4.041714	3.391664	8.961030
4.494079	4.339188	3.771240
5.558641	5.483538	7.857306
3.723698	4.452846	9.239420
2.980350	4.396440	7.920416
3.638205	5.392377	3.455068
3.759263	6.547956	5.939801
5.121567	5.211070	6.111486
4.831505	5.443872	2.970762
3.461402	3.421226	4.453333
3.704622	5.576383	8.080965
3.239971	4.525757	5.028257
2.833852	3.533812	4.804611
4.275611	4.562221	3.388565
3.802713	5.800679	8.439228
3.172511	3.902356	3.506033
3.857465	5.943599	4.751783
4.108604	3.819053	4.168358
3.864063	5.513202	3.198838
4.919360	5.213068	4.106490
2.873167	4.656472	7.736470
4.134217	5.075148	3.097383
3.478241	5.123622	2.842843
4.330759	5.722333	3.504542
4.628339	4.516497	8.323282
3.963671	5.435485	8.364579
4.259096	5.581420	8.992623
5.248885	6.395925	7.596439
4.420165	4.634903	5.035715
3.483602	6.165530	5.503368
4.113837	5.443695	2.974900
4.347368	4.772971	3.637562
3.297677	3.538220	3.948643
3.418124	4.561423	2.978979
5.198988	5.012058	7.052110
5.063221	3.815026	6.219847
5.029670	5.500141	3.534951
4.910069	6.661562	6.501376
4.633294	6.410767	8.036799
3.442773	4.436027	8.546053
3.072400	4.107606	4.431177
3.440097	3.121931	6.321177
4.027990	5.049288	2.994328
3.780376	4.384252	9.242588
2.757424	3.469385	4.388091
3.204735	5.465745	7.082377
4.740797	4.596364	4.326617
5.005132	5.412889	4.000867
4.866791	6.007933	3.868802
3.978602	3.541270	6.224792
3.828313	5.452079	8.890307
4.012551	5.440520	2.952177
4.335115	6.713780	5.533080
3.582439	5.785276	3.531833
4.276396	4.774455	9.397808
4.706904	4.931379	8.613995
3.915708	4.920546	8.519697
3.293993	4.790793	4.192602
3.576927	4.080040	3.183119
3.307895	5.281511	8.860811
2.920062	3.500951	5.145674
3.290298	5.905614	4.880288
3.432682	3.076432	7.142616
3.174962	3.514202	6.878400
2.958857	3.858335	7.578799
3.843199	5.205290	9.576644
3.659808	4.241143	8.053594
4.805062	4.657104	8.035634
3.916456	4.780301	2.586623
2.968591	4.917796	3.702130
4.231116	6.909499	6.953390
3.428933	5.689015	3.288887
4.258129	5.820882	8.842565
3.916389	6.796212	5.872179
4.999273	6.393505	5.225477
4.367136	5.831499	8.827941
4.747401	5.355988	8.453795
4.440659	5.496566	8.513408
3.651984	4.643855	3.419012
5.028350	5.358589	5.015321
3.210089	3.193032	7.080723
4.541838	5.352380	8.592313
4.453386	5.298747	3.147447
3.010536	5.328488	5.825841
3.866597	5.066772	2.472119
3.748958	4.993882	9.069622
4.945296	6.183484	5.562523
4.913311	6.111137	4.763473
3.572168	6.039475	8.180284
4.060930	3.909093	8.209764
4.197440	5.608611	2.951669
4.773086	5.567624	7.907940
5.378190	5.548134	7.419989
3.015126	3.268523	4.222426
4.077779	4.339488	3.113828
3.789007	5.556619	5.320378
4.052986	3.853677	7.305862
3.996742	5.340076	8.525913
3.175396	4.344401	4.417989
4.275153	4.600373	8.766884
2.799684	4.159473	7.647554
3.582966	5.867755	7.793778
3.933546	4.928596	8.863380
4.235409	4.777900	8.915550
5.128454	5.999794	6.723057
4.134437	3.560429	6.295984
4.064225	4.793941	2.825191
3.591675	5.920952	5.154302
3.820715	4.368195	3.269642
4.502401	6.937631	5.565137
3.238765	4.681861	3.518348
4.214294	6.050348	4.332737
5.034356	5.546205	7.520344
3.767131	6.025196	8.111691
3.828420	4.344829	9.007446
4.467193	5.535995	2.966807
3.388863	3.688402	8.717562
4.502141	5.928758	3.230482
3.269540	4.166920	7.930646
3.630287	4.999970	8.190207
3.766490	4.885278	9.271526
4.217373	4.781051	2.961503
3.804975	5.071475	3.307546
4.201456	5.543205	3.548844
4.071097	5.449095	8.485090
4.172849	4.766136	8.841474
3.069507	3.015459	6.282194
3.481773	5.028422	7.297641
3.769667	5.174446	8.221444
3.008516	4.635502	7.177167
3.984189	3.575089	7.261293
4.680979	6.339815	7.772907
3.386294	5.355984	3.913296
3.664230	6.511373	6.641780
4.273018	6.182148	8.536107
3.666539	5.827651	7.726147
4.513337	3.708268	7.654738
3.325294	5.564911	6.628016
3.609315	4.470917	2.924873
2.768989	4.311711	4.977838
3.576283	6.240540	6.300503
4.106917	6.175916	4.815931
3.936417	4.585019	9.154238
4.062941	4.805971	8.459964
2.658432	4.163376	4.121242
3.869233	5.512343	3.634369
4.268013	4.385897	2.883655
4.100780	3.604237	4.956589
3.740814	5.269214	9.339789
2.777779	4.587949	7.872302
5.254086	5.310109	6.192090
4.291595	5.104153	2.684423
4.514071	5.695498	8.968167
4.367296	6.689081	8.301448
4.580078	4.609608	6.734803
2.842119	4.925008	7.366145
4.461407	4.235816	2.952790
3.745555	6.198650	7.997391
4.710249	7.176593	4.567427
3.437589	4.262533	3.649084
3.525723	4.843934	3.440052
4.261413	4.852323	3.228271
4.214016	4.784723	3.224505
3.825682	4.845357	3.127943
4.736737	5.900502	7.740110
4.202454	5.425906	2.811193
4.206442	4.639804	8.351648
3.634144	5.893733	4.107126
2.998340	4.976898	3.966985
4.056470	5.051063	9.331925
4.682003	5.210173	8.379828
2.876252	2.931095	6.590812
3.956911	5.521142	3.691433
4.272657	4.919789	3.505431
2.629666	3.799535	6.673434
3.695741	5.000194	8.924924
3.430751	5.296108	6.643220
4.113993	6.567489	4.124365
3.288462	3.673086	4.684674
3.164070	4.274066	3.285732
3.286906	5.338485	6.156217
3.956309	5.334421	3.387168
4.259999	5.249893	2.835850
2.725319	3.018476	6.873557
4.365827	4.772723	3.163488
3.849693	3.482461	4.515127
3.856841	4.439525	2.880714
3.126373	5.299176	8.137980
3.742740	4.972493	3.041575
3.937417	5.050231	8.852986
4.020000	4.694617	2.889777
3.588599	3.406784	4.674898
3.554776	5.329357	7.939046
4.303039	5.018153	2.824007
5.813206	6.459763	5.915485
2.857619	4.340232	7.386080
4.533207	5.093319	8.828961
4.452131	4.980122	8.968450
4.931929	6.759400	4.444397
5.011582	5.084489	3.571223
4.591092	6.313336	7.454678
3.021873	5.812300	5.388446
4.125140	6.641931	6.713634
4.489499	5.486572	9.021781
2.699188	4.463953	4.100491
4.633108	5.368919	4.080503
4.184967	6.157855	3.425490
3.334040	4.944545	3.008254
2.368588	4.963966	5.700670
3.758497	4.974993	3.090007
4.093292	5.991298	8.319267
3.419114	4.455393	3.337704
3.023133	5.071128	4.752628
3.039654	3.058579	5.457583
4.068217	3.504452	3.928168
4.399004	5.115005	3.135324
2.957111	5.270282	7.762322
5.555651	5.869474	5.066499
3.598063	4.953649	8.541990
3.305233	4.455385	3.445717
4.830398	4.703680	5.729193
3.845594	4.627943	9.510179
4.094067	5.092749	3.361458
2.791613	3.625171	6.519403
2.666508	4.155959	4.471386
4.299443	3.684989	6.753144
5.108694	5.191431	3.671396
4.109881	5.293224	3.139307
4.822543	4.125908	7.435196
3.838243	3.888793	3.585360
5.041837	6.534302	8.378228
4.613402	5.851504	3.294127
5.520245	5.289230	4.771563
3.164148	5.482529	5.274371
4.702252	5.048146	5.131566
5.439475	5.702408	4.730070
4.297762	4.876401	8.255550
4.687945	5.727371	8.874788
4.414827	6.100696	3.138170
3.112280	3.929020	7.977621
4.010192	6.356711	3.746755
4.906456	6.740461	4.583305
5.558331	5.651124	5.091543
5.270185	5.909396	6.877400
3.987063	4.880471	8.756236
4.346572	4.800489	2.584714
3.382984	4.586781	3.307159
4.102093	4.973650	3.452512
4.377211	4.881474	3.399191
3.045147	4.795501	6.817414
4.365546	4.665189	4.528776
3.185926	4.843874	4.368399
3.696198	5.220389	8.551419
4.149167	4.207491	3.665364
3.918582	4.747378	2.909831
2.858080	3.820814	5.698293
3.658809	3.819779	7.744787
3.984990	4.954401	8.634680
3.871603	5.000193	2.842710
4.837450	7.201400	6.807610
3.768750	4.908107	9.058992
5.461789	5.490305	6.059413
3.704979	6.024145	7.188698
4.379902	5.296116	8.444968
4.411448	5.061096	3.445919
4.621612	6.928554	5.846269
3.736151	5.318525	8.772718
4.274993	5.636452	8.411533
3.633222	4.193201	3.283554
3.549420	4.541503	8.813249
4.742878	6.679378	5.233162
3.357489	3.266143	7.580340
3.934276	5.021281	8.830334
4.394923	3.727153	6.185245
4.872561	5.225534	8.043424
3.119272	4.887459	8.463463
2.539011	3.757326	3.205621
7.455280	7.871778	9.852388
0.061307	8.740843	7.689624
4.833757	5.692209	8.686446
4.146543	1.220391	6.272906
2.168316	7.547235	8.236102
4.712536	8.760030	4.452423
5.916308	2.744921	9.036109
7.054554	6.020840	3.147350
3.429328	2.411313	9.166009
4.897180	8.948855	6.878167
5.990600	1.944275	5.738266
2.833990	2.248679	4.368477
2.539345	3.558812	8.337948
6.533924	8.243389	9.240109
0.399421	5.434645	2.477805
5.372575	7.886921	5.507481
4.208711	4.180002	9.250904
6.878448	1.775149	5.488441
5.996616	4.242608	8.849953
4.935315	5.320501	8.212829
3.580751	2.828564	2.815785
0.292820	2.624327	3.941121
7.822981	5.478956	9.991903
1.589605	7.710659	5.983110
4.963805	3.970473	4.644302
1.969697	3.914675	5.065179
0.798656	8.110105	4.314574
6.775916	1.794138	9.390215
1.301800	1.915590	8.096656
7.878612	7.383357	4.997345
0.624108	3.069228	7.685849
4.030101	3.194771	2.981525
6.563191	7.275821	7.671654
0.119246	8.544387	6.488207
1.556320	5.380338	8.300503
6.440046	4.159721	8.746712
7.736477	3.494688	4.989101
0.720166	1.860447	6.225323
6.494547	1.576301	6.677007
0.478615	1.266651	7.024544
1.610887	4.898043	6.597015
4.458961	7.100248	3.163182
4.857666	6.753621	5.242782
1.313309	4.150095	8.549726
6.886169	7.645707	6.766642
7.946547	5.566645	4.958254
2.313813	6.439956	9.953708
6.068097	5.149711	2.562213
3.282608	8.011806	2.772371
5.601592	1.296540	8.732123
7.477789	3.080070	5.709720
1.287194	6.531100	9.127006
2.381984	4.201057	9.133781
3.562591	4.329214	3.579584
3.556579	4.145620	2.617181
7.795487	2.049276	4.736305
6.113566	2.624441	6.831510
4.684320	7.428088	6.303571
2.652365	3.103149	3.612279
3.853337	5.066596	2.148786
3.620569	3.869759	5.375722
3.815385	4.955808	3.942022
4.689133	6.477528	2.936711
4.779251	3.309476	6.949762
3.919065	1.666712	7.637658
6.925371	7.344518	8.862418
2.228764	4.913100	4.528152
5.513385	6.383947	3.043021
0.077554	8.118472	8.848166
4.236425	6.045638	5.807239
0.206897	2.078812	7.127734
4.331637	5.712403	8.639170
6.739152	2.592188	4.950012
0.913641	6.103695	7.632681
1.011241	4.355655	8.842756
7.305848	1.922413	4.393882
6.388102	6.358199	5.556192
0.895944	3.424800	2.480191
1.040569	8.670318	9.599516
0.172958	2.740905	9.215386
2.895996	3.960130	4.429856
7.514542	8.000088	9.868900
7.887190	4.458988	7.454067
3.193778	8.534685	5.252747
3.684916	8.936244	3.140511
5.801124	8.557720	4.333792
3.900255	4.110399	9.878098
1.278224	2.617495	6.086871
0.570742	2.939859	3.168411
0.433499	8.232920	2.405203
0.404470	8.205356	9.566014
5.585108	7.091411	8.334904
7.201992	6.177091	5.787464
4.253336	1.263167	8.705528
1.518220	2.298037	7.159051
5.896222	6.172947	9.393410
4.725794	3.631203	9.906167
7.227534	5.291882	5.147971
2.317370	5.256352	3.907049
