3.761975	5.245575	9.341568
4.145072	6.256452	7.736380
4.071538	5.128497	9.201882
3.886002	4.688863	3.714466
3.839456	3.859900	4.788673
4.061029	4.993356	9.117859
3.571996	3.584376	7.510533
3.994677	4.550231	8.971094
3.082660	4.027033	4.729631
4.327265	5.163251	2.866943
4.268305	4.988000	2.706943
3.671368	3.751095	4.604956
2.999231	4.331715	7.888730
3.504010	4.103543	8.182479
4.239125	6.531714	4.628412
4.952558	5.174148	4.768122
3.572120	6.213161	6.499464
3.145874	4.993034	5.427950
4.085746	4.077397	8.692790
3.270922	5.440873	4.856686
2.868444	4.036876	3.948492
3.874470	4.969670	3.172144
4.564343	5.030702	8.657209
4.169577	4.942230	2.752433
3.883072	4.842698	9.284139
3.785767	4.442411	2.865357
3.586013	3.909043	4.388813
4.211181	6.310654	7.917261
5.359832	6.504928	7.891913
4.430433	3.707058	6.962736
2.665100	4.637846	7.373552
3.381501	4.819209	8.587937
4.880243	4.854115	8.784738
3.929449	5.439309	3.584874
2.685119	4.924498	4.969936
4.571260	5.084189	2.949613
4.507324	5.491378	8.817088
3.898669	5.133962	3.121385
2.781483	4.432901	4.786962
4.833925	4.162860	6.094708
3.159588	5.824426	4.387887
3.837282	5.111319	2.712129
3.996256	4.694440	3.046022
4.178257	4.001188	3.699973
3.499972	4.974295	8.843967
3.862355	4.821415	3.884072
4.580258	5.416227	3.187259
4.326427	6.196261	3.553719
2.848616	3.254899	4.506475
3.087310	3.540354	6.242778
4.305286	6.078933	3.642832
4.821553	6.624369	6.005440
3.066796	5.724371	5.787671
3.177742	4.833321	3.898408
4.162184	5.154528	2.943185
4.095973	5.073046	3.199001
4.337549	4.803861	8.433389
3.625848	4.443852	2.739040
4.506658	5.031782	3.258885
4.204527	6.920058	5.683022
3.651450	4.112266	3.477494
3.679974	6.113434	6.684305
3.885005	5.060500	8.627716
3.661417	4.637843	3.153114
2.894204	4.906683	3.939095
2.472539	5.413687	6.417967
3.865887	5.734534	8.935714
3.324476	5.347006	7.457382
4.811957	7.021081	4.753930
3.713038	4.079899	8.609999
3.254338	5.361938	3.344781
2.871533	4.466250	8.924449
2.776522	4.292315	4.180580
3.828639	4.414329	8.485373
3.895177	4.822477	3.147702
2.828202	5.483674	7.876694
3.791316	5.155669	8.240191
4.379326	5.368853	8.643250
3.256293	4.620949	3.225638
5.049307	6.446515	7.677711
3.154497	5.627002	4.356632
4.002816	6.130176	3.985078
3.386232	3.050572	5.627097
4.996597	6.303272	8.465953
4.044779	4.373476	7.641926
3.985127	4.747770	9.284457
4.444917	5.062363	2.857984
4.308047	4.675342	3.525093
2.849940	3.952139	3.505528
3.601092	5.871029	6.185776
3.690219	6.079738	3.853296
3.768747	4.613984	3.359560
5.098482	4.859104	4.373544
3.593484	4.513211	8.499331
3.847533	4.380710	8.699701
4.267500	5.153428	3.313545
3.638824	4.176356	8.416809
2.724366	4.748519	7.470209
4.191593	4.546317	8.723673
4.053799	3.998119	8.484210
4.320165	4.022133	7.695683
4.808394	5.598043	3.507445
4.352923	4.219056	4.822296
2.968717	3.067836	5.848797
4.493428	5.970326	3.304221
3.318598	4.827576	8.813444
4.544067	4.646813	7.428986
4.244061	4.926807	3.297692
4.230071	6.787539	5.222763
4.089336	6.617474	5.307849
5.485212	6.646380	5.462890
3.602114	5.519618	9.039680
4.482923	5.454155	3.281266
3.803159	3.475085	7.041742
4.931717	5.080473	4.350907
3.803446	3.852695	3.839552
4.164189	5.438142	9.159282
3.086609	3.191333	7.166241
4.407288	6.310373	4.271094
3.530391	5.914689	6.364433
2.298225	3.561269	6.642281
4.433187	5.081928	8.212349
3.705458	4.082727	3.735400
3.944976	4.943185	2.917592
4.393925	5.018706	8.861307
4.133571	4.817769	2.709904
4.525499	6.574345	7.698101
3.295959	3.535464	6.442852
4.641569	6.103049	8.334383
4.432995	5.115519	8.311499
3.536541	5.474547	8.472284
4.608893	5.434707	3.339381
5.435101	6.541967	6.009150
3.373232	5.763499	3.638542
3.200023	3.134290	4.789057
4.161324	4.542829	8.543420
3.703242	4.680967	3.251602
3.677841	4.878409	9.002673
4.197817	5.353500	3.068029
3.424190	4.835243	3.667534
4.402864	5.351628	3.467347
4.488999	5.483493	3.270562
4.565711	4.930451	3.726667
3.922675	4.994364	8.776121
5.181166	6.045130	7.447715
4.115982	5.292101	9.170484
4.283817	4.754911	8.910685
3.298153	4.742424	4.260317
4.188770	4.330610	8.323896
3.169072	3.868761	7.996454
3.419326	4.637846	3.530776
3.156391	3.554478	6.174932
3.220753	5.974345	5.043045
4.547538	6.524743	4.618608
2.617416	4.966025	5.684637
4.550799	5.106121	7.799748
4.280341	6.131074	8.006726
2.758322	3.950596	7.907394
4.023122	5.488673	8.683854
3.968646	5.221218	9.092143
4.811064	6.818581	7.305003
5.123317	4.944703	5.803803
2.747452	3.751032	6.403570
5.033700	4.986439	5.795217
4.887123	4.567934	8.678878
4.256354	5.720213	3.353362
2.404797	4.193719	5.032744
4.755610	4.980338	3.798908
4.772543	5.058618	8.814757
5.192549	5.272846	3.968023
3.252846	3.381234	7.060144
4.026318	5.952618	3.083723
5.267464	5.873807	6.303173
3.495710	4.818787	3.378734
3.970788	5.312060	9.104096
2.666152	3.865126	6.630790
4.490907	4.879342	3.600968
3.696534	4.870579	2.710441
4.120373	4.557743	2.882090
4.715521	6.863365	6.481695
3.616911	4.804915	9.128475
4.167089	4.693526	3.142803
4.910449	5.047093	3.448743
3.454793	3.350762	3.709782
3.226975	4.397896	8.493669
4.093098	5.215253	2.840403
3.692358	3.163866	4.773285
3.672532	4.783139	9.155602
3.686901	6.435766	6.449942
4.138691	5.867169	7.910147
3.831104	5.235559	2.917887
3.268546	3.228851	7.269135
4.105442	5.371058	8.554445
4.413790	3.670681	3.238891
3.515358	3.392833	6.026636
3.221314	3.944833	4.048248
4.128167	4.152453	8.700304
3.182537	4.920993	4.933674
4.445442	6.565467	5.179274
3.900489	6.688810	7.018829
4.424971	5.539422	3.580674
4.117858	4.247244	8.728392
3.321617	3.202550	6.164451
4.487412	4.299243	7.132466
3.919752	4.429000	3.114377
3.003116	4.953244	3.413581
4.812168	4.104113	6.494869
5.222422	5.164876	8.703239
4.146368	4.707174	2.991823
3.943587	4.555916	2.621918
4.548461	5.405845	9.188329
4.538129	6.795326	4.452411
4.310391	4.560527	9.210176
3.137299	4.849803	8.480373
3.799895	3.992539	7.241419
3.885575	4.348668	9.035956
4.239568	4.969019	2.920851
4.811069	6.866725	6.545424
4.075546	5.273665	3.023884
5.242926	5.909023	4.882388
3.053341	4.847265	7.087795
2.759563	4.642677	6.261194
4.263384	4.683783	8.688593
3.979593	5.327644	2.987331
5.183109	5.350036	4.330345
3.953093	5.899625	8.586807
4.128236	4.857602	8.595972
4.973139	6.184846	7.201129
3.417245	4.929315	8.632078
5.304839	5.285984	7.003440
3.273427	5.978283	3.872297
3.103805	3.413967	5.718301
3.292679	6.134603	5.172532
5.070653	4.927369	4.929120
4.344751	4.708379	3.584467
3.923715	5.406798	8.680320
3.565954	4.099891	3.498028
4.964322	6.364061	7.064178
4.685985	5.120794	7.873454
3.848009	4.650511	8.626332
3.447396	6.701184	5.497333
4.005183	4.969405	2.973190
2.995148	4.226054	4.302477
4.756555	5.578193	4.530526
4.697353	6.811519	5.492599
5.333388	5.498488	7.070771
3.775885	4.756012	9.167365
4.465478	4.467812	8.276378
3.063919	5.336470	4.405119
3.507986	6.441851	5.815645
3.615968	3.770089	8.021831
4.540381	4.247291	8.295686
2.628272	3.976040	6.639292
3.028157	4.024366	7.997583
3.064659	3.455075	5.244982
3.411789	5.156799	2.740662
4.095218	5.198975	3.450221
3.806918	5.920426	3.873487
2.866597	3.294048	6.116413
4.326184	5.495850	8.436244
4.131198	4.228277	8.220953
4.035620	4.919921	8.601595
2.793185	4.892331	7.823012
4.470859	6.768239	4.116940
2.811088	3.154074	5.917320
3.490801	3.917626	7.842576
3.629339	4.922209	8.443340
3.929310	4.754012	8.906711
3.393753	3.340907	6.276075
4.036522	4.844246	3.111837
3.876842	4.935984	3.028231
3.276780	6.136985	4.400457
3.892909	3.730014	5.707256
2.945243	4.265532	5.193341
3.448522	3.612771	8.219983
5.113312	5.777116	8.203958
4.447294	5.244165	2.850308
4.573192	4.721184	3.182579
4.708174	6.912942	4.015024
4.849411	6.293266	6.371089
3.769194	6.517447	5.821638
5.001502	4.885099	7.259885
4.394713	4.490165	3.994356
5.490627	6.451181	5.807970
3.534441	4.602827	8.683245
3.549489	5.238553	3.504602
3.967938	5.775493	3.288813
5.273730	5.644763	3.692724
4.661168	4.413538	6.662673
3.603734	5.851262	7.704202
4.068088	2.874353	6.795031
3.255897	3.760008	3.425615
3.961824	4.746545	3.120601
3.815489	6.675530	6.383706
4.644226	5.153953	9.169019
4.310911	4.795090	3.398251
3.799193	3.589425	8.188998
4.469455	6.923938	6.893982
3.757651	3.611257	6.595504
3.543035	4.041737	8.602349
3.503042	4.170410	8.822650
5.119359	5.917732	4.852970
4.155791	6.050211	3.262802
3.862132	4.461942	2.548875
5.848565	5.730478	6.226013
2.775002	3.995820	7.375694
2.826278	5.406865	7.380674
4.528419	4.526918	4.143818
4.687999	4.838544	3.234435
4.384792	4.954822	3.002377
5.137474	5.880123	6.922285
4.841436	4.649032	8.582768
5.310930	6.416225	5.936309
4.505700	6.079936	8.980718
5.375677	6.174883	4.640543
5.317131	6.264706	6.271838
4.124743	5.249212	3.616512
4.443742	6.115612	3.563600
3.073581	3.995080	8.396377
3.813738	5.692217	8.385943
3.881341	5.004864	8.909015
4.397607	4.936682	3.236325
4.033439	3.492928	6.264935
4.257645	6.705113	8.070117
3.149398	4.125854	5.837456
4.576571	4.463879	8.202145
3.679937	4.647117	8.952678
3.608440	4.959996	9.285567
4.660581	5.733577	3.543673
3.404026	3.655694	3.989789
3.889366	5.533157	8.843672
4.462346	6.088684	8.092009
4.709914	6.462749	5.825103
5.137075	5.572321	8.208466
4.519085	5.385116	8.526760
4.205725	4.833635	8.688379
3.123766	4.279599	4.011909
3.902458	5.130906	8.844416
5.109206	6.000716	4.584487
4.639783	7.080721	6.787649
5.109399	5.666659	8.031519
4.144960	3.751908	4.738098
4.310691	4.548713	7.844216
2.971326	5.334209	5.360199
4.304591	5.392426	3.234104
3.457192	5.727742	8.202305
4.212490	6.828418	6.434167
4.177913	3.699130	5.860451
4.610609	5.214236	8.282443
3.348397	4.933141	7.829324
3.868185	3.328477	5.823831
2.819342	4.107847	4.160102
4.130152	4.187486	3.816536
3.837375	6.491168	7.613956
3.278569	3.262558	7.027677
5.125199	6.012787	4.782821
4.869708	6.915071	4.911541
3.847286	3.555443	8.220466
5.249485	5.874164	5.438581
3.769007	5.142864	8.390462
4.078740	3.457159	4.597161
4.580866	4.620401	6.545417
3.953151	4.838567	2.907909
4.499862	4.833996	9.151516
5.034936	5.542004	3.509328
3.447755	3.964939	3.827499
4.095329	6.022449	2.992081
3.827096	6.071293	8.304118
4.434234	6.903857	5.231977
4.076390	4.762805	2.849002
3.977575	4.717420	8.781464
5.244409	5.168658	7.279576
3.097869	3.311154	5.211088
4.981041	4.309375	6.011350
3.086165	4.924508	8.484025
3.650466	5.553125	3.926103
4.604004	5.972330	3.451129
4.046952	5.462854	9.286216
5.244390	5.397095	5.516943
4.108679	5.150475	8.506042
4.822016	4.909027	7.196415
6.004595	5.141801	5.367003
4.890821	6.482657	6.317307
4.433230	4.944960	3.147682
3.573560	4.009553	8.190938
4.317640	3.962138	7.708751
3.452741	3.105332	4.991777
3.509880	3.706182	8.650032
3.317346	5.231458	8.319427
3.575218	5.623022	9.377518
4.199746	6.577919	4.539633
2.743215	3.590836	6.643349
4.415648	4.927925	8.933904
4.307770	4.510214	7.863968
3.506416	5.656758	4.807267
4.135101	4.472025	3.066757
3.446856	5.848511	3.224634
5.147544	5.745907	4.145553
3.674085	3.201399	7.464200
4.061961	3.893123	3.466632
5.541009	6.416419	5.717279
3.084063	4.618671	6.954279
4.089905	6.170254	7.855385
3.783412	4.998320	3.449476
3.579092	5.039560	3.222138
4.355493	5.477907	2.939587
4.230189	5.100897	9.337268
3.667927	3.830058	8.203332
3.179187	4.933203	3.455026
3.677235	4.576387	8.975675
5.471273	5.737437	7.645503
3.770472	5.337953	4.204983
3.220723	5.207613	5.904266
3.429763	3.640841	4.507577
4.812478	5.999192	5.066747
3.762881	6.104978	5.152226
4.301389	4.720149	3.160395
3.564161	5.334847	2.846184
3.177191	4.760022	6.560143
3.225217	5.306893	3.448603
5.275799	5.129465	7.382976
4.686787	5.313229	7.986469
3.639733	3.529992	3.456731
5.404717	5.279650	4.096158
2.797483	4.640758	5.828953
4.507231	3.988734	7.316363
5.148087	6.583109	4.882133
4.302358	5.492961	8.352138
3.838815	4.970496	2.878075
5.086424	6.112330	7.698574
3.193710	3.445381	3.869677
4.302182	5.179961	2.834690
3.006153	5.068998	8.532544
3.530630	5.835252	7.115829
4.977835	6.474755	4.295500
4.239012	3.992184	6.869711
2.725234	3.874168	6.931785
3.105946	3.684124	4.639037
4.410291	4.481417	4.436928
4.113649	6.655282	7.787601
5.151555	6.167274	3.833776
4.403323	6.109320	8.363795
5.350920	5.796603	5.337375
3.582596	4.335657	8.847199
5.377255	6.099002	7.784136
3.913233	4.042806	5.239013
3.735800	4.667622	3.116028
3.997207	4.670351	3.383073
4.006162	3.621026	6.109747
4.179163	5.235878	9.014865
3.611948	5.361410	3.596000
4.588996	5.348842	2.513104
3.928243	5.106947	2.999943
2.745858	3.484078	4.419045
3.540421	4.066078	4.192849
3.253399	5.844302	7.115668
3.475467	3.430747	4.804573
4.458536	4.757644	4.591215
5.828733	5.856664	6.026423
2.750759	5.651604	5.932139
4.163365	5.337481	8.434202
4.024984	5.643174	3.088713
2.575721	3.539281	5.078278
3.785833	5.551994	3.882950
4.899869	4.509782	6.833688
3.797592	5.452135	9.334575
3.142913	4.569000	3.597678
2.990600	2.842236	7.131876
3.492908	5.608448	3.653969
4.116599	5.281353	2.862897
3.584588	6.335561	5.075732
4.827958	6.749259	7.249317
5.162160	4.482464	7.589425
3.535602	3.985395	7.993064
4.295543	5.681912	3.129443
4.310310	5.984838	8.562553
3.838376	5.051747	9.103833
4.098405	5.163962	8.779350
4.289539	4.230696	4.446548
4.325387	3.701156	5.711623
4.289610	4.964152	3.393287
3.239328	4.082655	3.578261
5.125692	6.543283	7.940297
3.699156	3.009790	5.182418
2.822325	3.645739	5.474310
4.043326	5.365943	3.663819
2.964766	4.673210	7.525526
4.757068	6.063993	8.345463
3.995262	5.029453	9.026885
3.718485	5.781730	8.445718
5.081596	5.832267	5.190646
3.584572	3.915020	8.976769
3.026879	4.194959	8.750062
4.969673	6.334136	3.948926
4.124891	5.110262	8.826667
4.526141	5.501217	8.810243
2.886891	4.877328	7.485698
3.794556	6.865426	7.532517
3.016430	4.583148	3.754840
2.735982	4.440258	5.998742
7.418107	8.669455	8.557725
0.039858	6.102820	6.694240
0.972072	6.265652	5.697997
4.389143	8.850623	7.467169
0.782631	8.971062	5.808525
1.367420	2.004557	8.679060
7.237067	4.611997	6.381439
4.693388	3.132282	2.129993
6.610963	1.431537	6.299411
2.548355	2.195026	8.886354
4.849462	5.821893	5.270044
2.650801	3.140367	2.258279
0.477214	8.039020	5.061061
3.373410	2.715867	3.670104
0.774302	5.971960	3.887457
6.845566	4.565562	7.864690
7.897954	3.159898	3.083960
3.760244	6.037993	6.538716
0.196651	2.000426	9.374895
6.008248	4.804802	3.098197
2.832766	8.859973	2.181329
4.309563	4.399037	5.003458
3.898773	6.730651	9.386702
4.917856	6.343533	7.885163
6.970194	2.947073	7.429629
2.647221	8.828184	7.520874
6.168313	7.012987	2.430915
3.793433	4.097985	5.480808
5.916255	2.339602	5.787242
4.167690	1.096160	3.490533
0.900198	5.017453	7.167430
1.536061	1.211273	5.591910
5.260343	2.121581	2.652862
5.421919	7.220576	8.220671
5.774123	6.680053	7.740439
4.588647	4.188829	7.213210
4.639271	6.554883	3.897515
4.990303	8.577700	5.287113
2.508658	6.524604	3.358879
7.360438	3.238595	4.127077
6.218227	4.903561	2.193530
3.982403	6.505850	9.749354
4.085715	2.492198	5.308657
6.177765	5.177110	3.266055
0.946942	6.736486	7.449993
4.695824	7.934267	7.826379
0.729026	3.602536	6.438325
3.070015	1.439369	2.716530
2.800486	4.862922	8.179288
4.788523	5.889755	7.088156
0.222554	4.235388	7.395165
4.228616	7.251720	6.638720
1.773513	1.860643	4.336913
2.586941	8.121422	7.964724
4.187635	4.048217	6.113084
0.552750	4.685028	3.656116
7.897913	1.491395	5.721955
5.914882	6.365438	4.600342
5.663241	6.251755	7.177365
4.320629	4.086350	3.945884
0.926774	7.356371	9.573362
6.794391	4.390188	2.969603
6.901922	1.824516	3.098549
7.118714	6.440790	3.525299
7.254736	6.273843	4.860732
5.272737	2.750567	7.844455
5.510362	2.355803	9.359968
1.088884	5.209994	6.143315
5.425573	1.061190	8.696660
2.412371	4.774769	3.161938
0.969608	6.026163	4.691020
1.680055	8.125806	2.006428
4.380210	2.327438	5.770648
1.668687	5.141895	4.026018
5.859179	2.305772	5.754628
1.384952	4.497160	6.807246
6.035479	1.124337	2.445593
6.264688	2.406025	2.727179
4.084731	7.585599	2.887856
1.471244	6.972420	3.312318
3.670067	1.310118	5.253448
3.886786	4.726553	5.297380
1.755700	8.090129	3.294257
4.087742	6.286725	7.673732
5.458323	7.848187	9.330097
0.194292	6.908950	7.851445
5.052649	6.099973	2.076521
1.667135	8.278605	9.084228
0.990127	7.210410	6.342927
5.058126	3.632358	6.338786
5.624868	4.502753	4.411020
0.550961	3.526709	3.245578
6.052837	1.390477	4.240355
0.227888	7.554122	5.276056
2.685223	4.140137	2.096583
2.661318	7.583590	5.352340
2.430260	3.059707	2.767327
5.390222	5.708436	4.647600
6.812563	6.398102	9.528404
7.386691	5.963942	9.235939
