4.106950	5.978124	9.072704
4.195797	3.141253	6.696302
5.141211	7.241360	5.392463
2.657892	3.685318	7.802885
3.908588	4.804212	8.664800
3.882986	3.857765	3.122895
4.694002	5.446794	7.253979
3.112714	4.903717	9.325154
4.185819	5.007387	8.885513
4.809431	5.058696	4.075521
4.433982	4.509067	9.218655
2.937272	3.728406	4.351987
4.501364	6.656968	6.463829
4.246917	5.340992	2.734421
5.099661	4.510966	8.758846
3.503730	5.994171	5.708699
3.820442	5.142474	3.276897
4.528996	6.529696	8.248823
4.737537	7.024876	5.247787
4.015612	4.875742	2.875258
2.900057	4.050063	7.376499
2.930146	4.452130	5.906089
3.465118	4.710858	9.101288
4.105148	6.241245	3.905959
3.790919	5.108017	9.398092
3.893684	3.780800	7.291147
3.920958	4.735878	3.002251
4.295060	4.443211	3.495835
5.093980	5.761466	4.542674
3.987911	4.538748	9.139515
4.622725	4.663675	8.433139
3.447170	4.602292	3.379584
5.322454	5.819972	5.240479
4.272644	5.811370	3.373050
3.649527	4.918414	3.151051
3.710306	3.715410	8.576740
4.841009	5.804006	4.334484
2.352278	4.704242	6.765178
4.097917	5.017349	3.196040
5.179119	4.960163	6.162971
4.449270	4.354870	8.398854
3.528284	4.945180	3.347271
4.130640	5.345940	3.200810
4.062614	5.322946	8.556277
5.002797	5.380395	4.602524
3.001619	5.003294	4.448445
5.289385	4.956145	5.629828
3.605068	4.020322	8.788336
4.859730	5.115045	6.577741
3.765722	5.356992	3.335499
3.691618	5.437592	2.860228
3.786343	3.829665	8.344455
3.713032	3.810860	3.179609
3.192023	5.598596	5.825158
3.410567	3.304516	5.257052
3.486561	4.717013	8.527959
4.547479	4.457265	3.635691
3.093409	3.305301	5.226224
2.987316	4.577154	7.287212
3.216398	4.244058	8.279414
4.715209	3.876659	4.298845
4.138592	5.076271	8.841024
3.811590	4.334225	9.244941
4.250946	4.353656	3.339289
4.281052	5.283535	3.416257
3.476878	4.677882	8.993297
3.447880	5.429363	8.016127
4.212365	4.956136	3.686861
4.103349	4.860099	9.143162
4.263369	4.272887	8.929879
3.054197	4.560713	8.083441
3.904356	5.208466	2.930001
4.209838	4.021803	4.132908
3.669732	3.945750	3.543596
3.937647	5.024846	9.128196
3.728799	5.162403	2.869944
4.568055	4.554507	8.928602
4.102831	4.618458	2.876496
3.322265	4.643915	8.488060
2.901701	4.399612	4.154441
4.339452	5.479462	8.807737
3.555814	5.459316	3.146009
4.622815	5.252194	3.497608
3.585887	5.760715	8.272153
4.488379	6.368417	7.742600
5.100340	6.816262	6.621696
5.186580	6.195492	4.733818
3.432696	5.579210	4.901868
4.248898	5.173366	2.843738
4.249895	4.536407	3.188635
3.345766	4.927593	3.641614
4.305722	6.222966	4.649894
3.812622	4.860296	8.518812
3.405548	5.640530	8.317629
3.903477	4.747748	8.646948
3.575868	3.061164	6.395399
3.215379	5.377530	6.491480
3.968131	3.600604	6.928379
3.589068	5.194347	8.386407
3.917231	3.269756	7.458676
4.337802	5.466537	2.741704
3.144108	5.119147	5.949545
4.609395	5.465168	9.276839
3.418135	5.471376	3.444810
3.351966	4.181148	3.347035
3.320784	4.135256	3.790528
4.404004	4.183130	5.353243
3.713678	3.399791	3.795933
3.061483	4.700186	4.554075
4.893020	4.119477	7.793785
5.346521	6.401667	6.226985
3.881172	5.506735	9.156927
3.989969	4.066454	8.309244
2.993969	4.045066	4.834829
3.677199	5.929372	5.756339
2.808897	5.108731	5.660565
3.994327	5.081766	8.655762
5.104142	6.185289	7.294021
4.041510	4.940786	8.852694
3.866126	6.204503	4.444247
3.536029	3.666809	5.969878
3.950533	6.364646	6.053238
3.015206	3.290664	4.811726
3.330496	5.192299	8.834310
2.469519	3.458776	7.235757
3.266832	5.593456	4.698771
4.679604	6.378031	4.070401
4.155208	4.036251	8.203572
2.967501	5.718692	7.209801
3.463277	4.106242	8.767066
3.606775	5.513257	4.024196
3.943474	4.748276	8.841609
4.011417	4.180784	3.424613
3.496617	5.147410	9.137316
2.969973	5.378328	5.217849
2.945058	4.701551	4.405267
4.281305	5.077604	8.689544
4.836397	6.295716	3.964739
2.730073	4.065909	5.324404
4.607450	6.101075	3.147368
4.293087	4.552546	8.612497
3.252565	3.899768	8.020999
4.014993	5.313932	3.039669
3.992785	5.229436	3.121733
4.737183	6.229305	4.068532
4.532091	4.037404	5.732988
3.711849	5.945751	3.468169
5.399645	6.221590	6.137550
3.387390	5.881771	5.196501
3.681116	5.034992	2.904950
2.878746	5.368743	5.167633
4.451063	6.705870	4.421643
3.759410	5.454644	8.978960
3.405379	4.099669	8.145837
2.970699	5.541847	5.631693
3.495027	3.625585	5.000978
4.930432	4.791399	7.555929
3.999103	7.126425	5.211334
3.135546	5.084039	7.325294
4.284626	5.670803	3.169015
4.001244	6.202862	8.135370
2.911073	3.406361	8.245397
5.620691	5.765110	4.082557
4.512374	7.001706	4.816582
4.082263	4.891085	2.742906
4.627228	4.575037	6.703835
3.627226	5.789880	4.664036
4.073854	5.136201	8.883554
3.861502	4.993896	8.641711
4.987656	5.607143	3.825129
3.064543	4.605349	3.593633
4.682401	6.798079	6.818891
3.187085	3.634698	8.164349
4.640923	6.044924	8.634126
4.264833	4.637619	3.656827
3.353058	3.716244	6.847107
5.007310	6.331225	7.415128
4.000875	4.923046	8.591939
4.870222	4.690325	6.589966
4.726313	6.072618	3.898489
3.759659	5.317670	3.559589
4.569961	5.956410	8.235605
3.518748	4.825213	3.517839
2.576836	5.067976	6.623865
4.373210	6.414722	7.836305
3.708081	4.250659	3.720248
4.785174	6.670665	5.171738
3.766005	5.177871	8.698182
3.648040	3.423470	5.569265
4.277839	4.810987	9.279966
4.126022	5.195351	3.015235
4.033248	6.167115	3.895980
2.449326	4.408837	4.183432
3.955286	3.846833	5.844399
4.564721	4.597336	4.258387
4.667616	6.476949	5.074933
4.065641	5.983878	4.550569
3.844098	5.143607	3.276951
4.063528	4.993604	9.029711
4.834593	6.665101	3.887968
3.945575	4.443559	9.159934
3.459242	4.888876	2.869887
4.522079	6.907898	6.527349
4.702417	4.283848	7.832191
3.517169	4.990913	9.130948
3.546875	3.771728	4.613357
3.899801	4.925159	8.892241
3.455657	3.854788	7.718347
3.903619	5.889714	8.238609
4.673004	5.980893	3.468649
3.263348	4.034127	3.844862
3.009182	4.182692	3.363410
3.997370	6.103003	4.511247
4.660051	5.101880	8.589464
4.247206	4.808246	3.349318
5.034917	6.843194	7.184897
2.850458	5.277426	8.054929
4.448529	6.626698	7.392009
4.585293	5.093357	2.675828
4.781136	5.056661	4.222541
4.014671	3.552518	4.319379
4.490831	6.155896	8.755171
4.108125	5.712452	3.299702
2.703847	3.244201	6.807241
4.029825	5.166424	2.963963
4.833800	4.467501	4.648330
3.153703	3.440114	5.863065
3.879053	4.313431	4.030683
2.840867	4.636491	7.442536
3.645372	3.464403	7.461671
5.172452	6.830555	6.412796
3.048785	4.022036	7.896744
3.927734	4.291413	3.040092
2.713386	3.422684	7.162751
4.584239	5.415408	8.813957
2.641728	4.418160	6.679647
3.021540	3.287187	6.344810
3.867597	4.208750	7.912219
4.410250	6.724190	3.927529
4.075043	5.019462	3.010847
4.864677	5.104088	8.137166
4.090723	3.413627	5.179708
4.003053	5.068189	8.668335
3.672696	4.563497	2.905022
4.014620	4.870664	2.169186
4.887239	4.011773	4.654286
3.792484	4.139791	8.080617
4.447989	6.070202	8.356262
4.504244	4.985098	9.613736
2.914007	3.681504	6.368460
3.961576	5.983918	8.510937
4.919550	5.902122	3.894223
3.554504	3.941730	8.613376
4.582464	4.692336	3.162319
3.857926	6.831053	6.569772
4.739336	4.272604	7.864115
3.554044	5.252059	7.862902
3.791137	6.356308	5.919870
4.637545	4.939217	8.931143
3.652824	4.893129	2.601973
4.129501	5.719159	3.909851
3.919129	4.980510	9.314233
3.004877	4.937750	3.508164
4.106465	6.768751	6.331935
4.748246	4.517395	5.164291
4.576679	5.036926	3.038602
4.001885	5.113894	2.924181
3.103831	4.693208	3.804034
4.651174	4.525652	8.045877
2.559291	3.515300	6.657022
4.501048	5.640203	3.559581
4.914964	6.711624	6.838015
3.500544	4.881980	3.327124
3.558560	3.625034	4.067866
4.227649	3.742743	5.984395
4.064974	4.194900	3.459708
4.609173	4.863817	8.469709
4.510207	6.313497	3.965829
3.490351	3.805585	3.342845
4.397650	5.073247	3.827818
3.558071	3.268233	6.522044
3.091892	4.569367	3.723434
4.426172	5.035198	8.942680
2.706801	5.001709	5.338957
4.362148	5.161422	8.681001
3.418991	3.374176	7.522058
4.277496	4.225352	2.854780
3.474457	5.075594	3.412818
5.277485	5.812237	5.103934
4.396728	4.703291	8.875023
2.748068	5.025174	6.918342
4.217860	5.827635	3.531182
5.238414	6.366676	6.938576
5.351118	6.069754	8.006610
4.919358	6.363574	7.911459
4.494944	4.228292	2.939151
5.127016	5.311165	5.880716
4.132818	5.999312	8.629028
4.078838	3.802087	7.218389
3.552857	5.532215	9.085135
4.573296	4.387459	8.650385
4.118760	6.312884	3.504072
4.151896	4.340640	3.517143
2.896420	3.430867	5.936982
3.307387	5.261989	8.784287
4.290867	4.292565	2.688534
3.878530	6.463683	7.060480
4.058072	4.271333	8.978227
2.578128	3.982848	6.688578
4.070017	5.255056	2.970542
3.434408	4.250053	7.807871
3.861879	4.814946	2.692953
3.859155	5.463369	8.917203
3.441320	3.561703	4.346982
4.388773	4.544071	3.942704
4.076821	4.338626	3.426453
3.555590	4.357404	9.057591
5.091318	6.440000	5.331249
3.684411	5.054624	3.050578
3.534585	6.369719	6.194621
4.844979	6.308570	7.748493
3.559385	3.977464	8.007971
4.861163	6.534317	6.536183
3.922992	4.741106	3.307485
4.507965	6.614406	4.610153
3.662817	5.931916	6.185212
3.808285	4.948238	2.844427
3.324891	6.015160	4.307747
3.889409	5.023798	8.642229
3.412808	3.947090	8.391389
4.308733	4.809275	3.130088
3.817865	3.969604	4.244605
4.229295	4.899659	8.526496
4.362941	5.562713	3.433882
4.403757	3.778064	4.691389
4.923241	6.204058	8.276581
4.529777	6.968255	6.517024
5.090639	4.402699	4.936132
5.335309	5.552783	4.037989
4.301471	6.665691	4.732259
3.040022	4.190115	4.812835
3.170973	5.663198	7.511200
3.669546	5.211553	2.973073
3.059839	5.144722	7.007945
3.346849	3.384467	5.294081
3.495561	5.190058	3.374959
4.446574	4.727991	2.791440
2.942667	4.004151	4.189881
3.569090	5.801473	7.416116
3.878896	5.261360	2.977849
4.083662	3.976016	8.029811
4.620344	4.010550	7.589005
3.836033	5.199107	3.205451
4.108574	5.507253	8.939012
3.893617	6.725951	6.978929
4.030413	4.399670	3.080203
4.690485	7.013029	6.670782
2.534390	3.757503	4.914732
3.537916	6.428219	7.120030
2.695747	4.075011	8.344241
3.779590	6.321544	7.663307
3.958838	4.543749	2.771025
3.007261	3.405022	5.228766
3.712057	5.100818	9.261436
3.939670	5.004450	8.887455
4.563949	6.466777	5.336118
4.388738	3.823557	5.683935
3.453186	5.730988	6.260557
4.875311	5.399370	8.543117
2.947436	2.988544	6.034467
5.178075	6.416990	7.138255
3.768163	6.190999	5.192549
4.508370	5.100769	9.299529
4.324025	3.803373	4.237149
3.927851	3.709931	8.175804
4.255233	5.947047	8.243377
3.456331	4.186110	3.495453
4.034031	4.752976	3.555602
5.316064	6.183439	5.001679
4.054433	4.315919	8.708691
4.302158	4.304992	8.478942
4.762863	5.961222	3.148738
5.479499	5.913547	6.480404
4.707634	5.724267	8.663035
5.176891	6.616975	7.511482
4.591564	6.029115	3.073874
3.273290	4.818217	8.834232
4.707524	5.621486	3.729886
3.842340	4.570205	2.980753
3.648668	4.756898	8.799890
5.133078	5.126715	7.684787
4.189182	6.083865	3.720449
4.307896	5.895486	7.992064
4.725432	5.222819	4.310465
2.995399	4.443155	8.256617
3.862766	3.219155	5.881768
2.370003	3.605956	6.717835
3.949184	5.527162	3.218055
2.704377	4.044901	5.531779
4.610868	7.137703	6.467034
2.757077	4.095250	4.349269
2.683763	3.328473	6.082092
2.954682	4.882303	7.750821
4.877891	5.277265	4.645239
3.073346	4.710544	4.953204
4.467460	4.658833	3.375038
4.831713	4.114207	6.091385
4.265620	6.960186	7.531277
4.204058	4.514114	8.541840
3.849544	5.012772	3.383563
4.539620	3.813066	6.699865
4.558193	5.165769	9.094562
4.799780	4.965236	3.513791
3.877010	6.103653	7.597695
6.015744	5.701325	5.831859
4.156290	5.509061	3.445790
2.921021	4.446420	4.888948
3.100791	3.702683	3.914218
4.748541	4.756793	5.865979
3.388521	5.887468	6.773891
2.431387	4.157498	6.545825
3.882922	3.161333	5.202459
3.869099	4.931853	8.608565
3.110697	4.521105	8.539341
2.435558	3.798038	6.218409
3.314989	5.914744	4.648809
5.087422	3.883000	6.562670
4.155240	5.170234	3.338722
4.612055	4.031741	4.359676
3.091889	5.421160	4.348734
4.033817	4.872553	9.025638
4.239778	6.004976	8.407944
4.465494	6.403007	4.817534
4.828679	5.184045	8.519296
2.814611	5.817167	6.705290
4.533856	5.460739	3.498460
3.930396	6.016037	3.588423
4.801576	4.750458	5.391656
4.486039	4.399854	3.167067
5.243116	6.083404	7.397885
5.032929	5.722436	7.935349
5.132853	5.680838	5.590101
3.623810	5.440652	3.606930
4.121553	3.990319	7.406379
3.670778	6.193861	7.501462
3.358203	5.082751	4.379948
3.911837	4.977842	8.841144
3.343213	5.441667	8.266651
4.250797	4.234226	3.627952
4.180817	5.705190	8.536327
3.865489	5.576770	3.837783
2.671745	3.497264	6.180059
5.115671	5.956928	6.132426
4.099946	3.136596	6.695137
4.346625	4.814905	3.336572
5.015730	5.226163	5.217044
4.095796	4.507189	3.487322
3.256099	4.342196	8.494828
4.902006	6.477863	5.453434
3.196536	4.072666	6.796801
3.532678	4.677602	8.457018
5.326158	6.129930	6.955905
2.948568	3.989052	3.662421
3.268594	4.808512	8.386117
2.608726	4.187994	6.889684
2.777514	3.796986	4.159500
4.319786	5.209469	8.560184
4.040444	5.343012	2.613781
4.687131	6.340522	5.418178
2.960419	4.876040	8.382626
4.501986	5.662474	3.227857
3.977256	5.743222	8.751153
4.135081	3.912040	7.468589
4.600708	5.266362	8.987174
3.331954	3.269969	5.784204
4.193509	4.929086	2.621510
3.654289	3.985713	8.094292
5.408146	5.650030	5.626025
4.849378	5.112039	8.074138
4.704131	5.662890	3.460575
2.261332	3.337247	5.418466
3.900854	4.426823	8.884155
5.029437	5.928607	6.208509
4.333532	5.610890	3.305725
4.537493	5.512030	3.001946
4.712004	4.103874	6.187306
5.026375	6.061924	4.414614
4.747620	4.435186	8.001978
4.203205	4.553587	3.141684
2.851100	4.256775	4.181771
5.517841	5.244189	6.224228
3.741980	4.346345	3.209847
5.226002	5.540873	3.584615
3.696391	4.007704	8.004352
3.309264	4.611993	8.628155
4.117528	4.839627	9.225157
3.832580	3.373018	4.589794
4.185756	5.025383	2.994594
3.937103	4.859257	3.189948
3.971673	4.526277	8.412308
3.679352	5.397517	3.974351
1.910698	6.623657	8.939752
7.882083	8.874662	4.959888
2.632890	7.762853	3.352180
3.916125	6.584174	8.191110
2.840477	2.054144	5.777003
7.423527	3.904930	5.284639
3.510848	5.260374	9.005984
6.937695	3.413364	9.568867
0.496376	8.440639	7.118019
0.554338	7.649704	5.555321
0.849914	4.833942	9.641725
2.814763	2.416505	6.606712
5.653817	4.741350	5.993376
3.995255	5.438840	3.366902
6.703036	5.233478	2.127861
0.037726	3.379033	5.778066
4.924813	3.581589	6.386681
4.280432	1.535501	8.529703
6.324490	7.932959	5.101540
0.347249	2.760136	9.614195
5.938594	2.922746	2.925996
6.455982	5.187423	4.238742
0.607971	1.956258	5.785650
3.133671	7.702909	8.699668
6.569731	4.982140	3.264066
4.873177	2.355393	6.886745
3.564896	5.179355	4.289161
3.844450	5.879162	2.265199
7.946742	4.743880	5.765514
0.574783	7.814098	2.389388
5.983159	1.957464	9.864068
1.010158	4.022461	5.039193
4.151122	2.031919	8.687660
4.106063	5.461028	3.459795
2.338570	5.793862	2.439818
1.560829	6.085870	4.628146
6.271709	4.785638	2.535314
4.726748	3.457424	6.348393
5.511653	8.832899	7.649648
7.897683	7.211843	7.532367
1.515693	3.545351	5.726848
2.010834	3.762691	9.705873
7.301291	4.267296	7.101407
0.733635	3.480388	5.890545
3.863480	3.261256	7.338219
6.282007	7.550612	3.848878
7.616477	4.811740	7.730741
0.943552	6.373399	7.083909
3.796376	5.106756	4.326492
6.975828	3.450658	4.259909
3.442145	7.144223	7.222230
0.790554	3.881863	2.363190
7.029730	1.467103	3.859691
7.088262	7.147118	8.702326
4.213102	7.437818	7.052149
5.018219	7.292511	9.418963
1.778037	6.864171	5.748980
4.630390	6.786641	8.025727
2.380343	2.705950	5.509668
6.453201	3.871526	6.333030
6.462062	7.017595	9.061674
5.627782	7.387167	4.035884
2.808551	1.708425	6.607771
1.086840	5.976513	5.426144
7.069722	5.956854	2.310252
4.868876	5.167758	6.787903
2.505059	2.392720	4.921967
5.458040	3.889602	8.752113
0.341717	2.496099	9.241407
2.320168	4.761715	5.096422
5.157718	2.489573	3.596652
4.657900	7.319201	2.217879
1.404430	5.730368	4.504945
0.280931	4.213357	8.784236
6.162712	4.972811	7.463730
6.486014	3.893229	7.324124
1.825482	7.783859	6.690183
2.174504	4.108290	9.642775
3.843424	2.569807	7.870916
7.005887	2.162255	5.053610
4.277407	7.291898	6.384817
5.092220	4.743032	7.773882
6.574433	1.877775	3.202355
0.736218	5.388483	9.853996
3.899754	8.819562	2.570976
6.191342	7.229641	2.945600
7.666948	3.594345	4.733792
7.741482	7.863480	9.073838
1.781493	6.969981	5.767636
7.542753	6.049135	7.016199
4.714393	7.142310	4.398168
2.354653	6.720220	8.042180
4.092965	5.373544	7.448638
2.050342	3.749088	5.863025
2.668458	6.954596	2.208514
5.471744	8.015807	4.446224
5.072755	1.075043	8.687153
7.756770	8.864445	2.645236
4.684618	4.173686	6.577715
