4.846635	6.259041	7.785115
5.441256	5.944235	7.380189
3.330006	5.094467	7.765456
4.810078	6.143732	6.785106
3.602723	3.612574	7.016610
4.980844	3.457445	5.233866
4.203025	5.305289	2.642619
2.834846	4.269337	7.454210
4.231008	4.954092	2.591434
3.859276	4.484986	3.166124
3.374059	4.200328	3.455119
4.235424	4.653883	8.642682
3.982885	4.953261	3.038695
4.693872	4.299334	3.815149
5.115790	6.881730	6.123330
3.816804	3.164904	4.628083
2.670446	4.057252	4.666483
3.827384	5.003133	3.817685
3.718524	4.779596	8.371801
4.963267	6.521211	4.216604
3.668970	5.029826	2.898634
4.289426	6.199402	8.279263
4.841528	6.417404	5.234927
3.262367	4.032771	4.069995
3.945190	4.151804	8.491291
3.354187	4.502216	8.968652
4.096220	5.505227	9.230316
4.321611	6.042086	8.569263
4.782844	5.281260	4.449626
3.493680	5.547096	7.838323
3.348369	4.736500	8.855885
4.672449	3.325368	7.472425
4.320488	5.139617	2.895512
3.361681	4.721120	7.915896
4.596905	5.896899	9.198462
3.723947	5.613602	8.317435
4.113518	5.955180	7.976194
4.230078	5.999921	7.812639
4.563066	3.605116	4.345943
4.150548	6.208243	6.274226
4.459672	3.651609	5.983381
4.481683	7.074738	5.454144
2.894601	5.802032	7.937653
3.323546	5.251181	2.926566
4.893103	5.734194	7.486417
3.943378	6.485869	7.482520
3.982430	4.647910	2.963121
5.392005	6.002481	4.250867
2.535213	4.387255	6.538735
2.684301	4.578602	7.232709
3.218636	4.145346	4.086315
4.053907	6.558218	6.889912
4.151029	4.860355	2.983128
4.629036	4.357847	5.308368
4.594725	4.802632	4.358937
3.944739	5.191936	2.834806
4.501491	6.390477	7.277403
4.251481	4.214884	3.657682
4.962733	5.997677	7.669752
3.285300	4.887231	7.422452
4.677101	5.976342	8.687660
4.041545	5.109125	8.959489
3.974393	4.930886	2.710143
4.495251	4.216197	8.107972
3.437741	3.506460	8.180549
3.895742	4.928514	8.615076
3.931593	5.250325	8.789317
3.422031	5.251051	8.381125
3.853458	5.386314	2.791832
3.573544	6.106989	7.145032
3.213851	4.057917	3.253225
4.463702	4.715725	3.467333
4.075603	3.215967	7.906122
4.235516	5.533187	3.206252
3.211514	4.166927	3.947667
4.797615	5.789011	3.354511
2.991222	2.945445	6.342555
4.833929	4.701225	5.165517
4.038485	6.320511	8.789314
3.562127	3.761187	7.892058
4.321053	4.039728	3.478147
3.775988	5.529755	3.678232
4.532398	5.636551	9.103568
3.398866	4.847968	8.572148
2.686841	4.511354	5.028808
4.183366	5.312413	8.638494
4.874706	4.240558	4.703803
4.947397	6.015590	6.905619
3.650270	4.850724	8.079594
3.946434	6.339915	4.064113
3.012131	3.668246	4.736056
3.735511	5.107264	8.617001
3.535752	4.845965	8.665880
5.103843	5.548341	6.931483
2.883609	3.538607	4.498387
3.073611	3.212123	7.389241
3.688379	4.719977	3.403832
4.844330	4.645939	7.253478
3.687771	3.860989	3.276580
4.804857	6.282179	5.355394
3.650259	4.071625	8.393542
3.789895	6.136567	8.547054
4.238603	5.859422	3.281855
4.855718	5.673022	8.784313
3.706904	3.440472	5.032703
3.707874	4.818865	8.940491
2.994968	3.379599	4.093976
3.656586	4.010344	3.702940
3.587920	5.207462	3.383226
3.367417	5.035676	3.837864
2.965096	4.302255	7.092541
3.151267	3.623035	7.700363
4.575563	6.719697	6.672393
4.390905	7.035554	4.863662
3.522894	4.905922	8.989344
3.261915	4.318676	4.854279
3.453507	4.794852	8.101418
4.587539	4.603715	6.296935
4.284799	5.626504	8.226642
2.878401	5.376945	5.778973
3.050079	3.362840	7.211470
4.140194	4.656706	3.106211
5.101706	5.458390	5.091656
2.638219	4.781272	5.754004
3.755984	5.057909	2.819766
4.289642	5.042173	3.077997
3.160235	5.105147	8.523375
4.016064	4.989011	2.825907
4.412152	4.863682	8.957462
3.803424	3.391958	4.030142
4.361260	4.232860	7.724564
5.255001	5.829762	7.352355
4.587305	3.924514	6.946577
3.852355	6.261844	8.239798
3.683398	4.564362	8.916304
3.687851	4.912853	8.928939
4.741990	6.495872	3.676292
4.705157	5.954787	3.809524
4.621446	5.607878	3.275536
5.091726	5.162907	6.929471
4.060043	5.222668	3.252384
5.207578	4.840867	5.549443
5.007140	7.123643	4.432275
3.192757	3.718779	8.243163
3.667535	5.292120	8.369759
4.999855	6.862739	5.074078
5.040797	5.405273	8.537060
2.861318	4.091608	6.639684
4.495708	5.718334	3.144027
3.272532	5.309973	5.275652
4.075461	4.380164	3.504328
4.509368	4.961940	7.045180
4.328386	5.198369	8.581199
5.206450	4.930562	5.448707
3.991149	4.654910	2.779273
4.087340	4.413535	3.372583
3.835566	4.367977	2.969068
3.868534	5.169265	2.924861
3.636358	5.686334	7.451590
3.656927	4.848282	2.903349
3.598949	3.850599	7.416546
4.150660	4.840813	8.862296
3.945864	6.631945	6.103077
4.114913	3.511163	7.066023
4.690474	5.810615	3.765488
3.873303	4.326246	9.081844
5.050045	5.576795	7.905367
4.443801	5.680349	3.177049
3.879639	5.491163	8.262397
4.382230	4.831598	9.201121
4.082147	5.445728	3.072984
4.883144	5.096050	8.219666
3.453361	3.681090	4.258167
3.312686	3.076143	7.152362
3.181427	4.087616	5.047511
2.734361	4.825635	5.974584
3.291240	5.703388	8.232723
4.905890	6.653034	6.900362
4.498512	6.470399	6.054751
3.728942	4.596194	2.817783
4.173044	5.635148	8.640759
4.319636	3.980107	4.820766
4.753081	6.109675	4.299480
3.672994	4.847736	3.136236
3.085720	4.837434	6.617798
2.855693	5.729428	5.621502
2.884393	4.805786	5.167187
3.756258	4.733813	2.982743
3.293142	3.854872	3.735185
3.551011	4.667064	3.120460
4.417802	5.457702	3.148698
3.355302	4.460182	3.550383
3.509229	3.362484	5.478884
4.484963	5.068167	3.879963
2.406751	3.860352	6.097812
4.279736	3.535082	6.044540
3.948365	6.772331	4.959439
4.345292	4.927994	8.520439
4.327192	4.420653	5.761710
5.100621	5.580948	4.101377
3.683916	4.737002	2.886387
4.606514	6.161673	7.717500
4.167437	5.282118	9.051735
3.880444	4.611628	2.960862
4.254221	5.059075	2.724902
3.953504	4.998731	3.131977
4.314895	5.520621	3.047542
5.202201	6.492272	7.053893
3.857295	4.634348	9.175228
4.956521	6.071674	3.639683
2.591372	2.969003	7.236284
4.599723	5.413333	8.718867
4.411321	5.339558	9.406608
5.221470	5.832966	3.603547
3.941799	5.117424	2.887605
3.851883	5.215142	8.303296
3.825692	5.136673	9.202901
3.525105	4.598520	3.441361
3.611077	6.014757	7.341041
4.174739	5.545441	3.348039
3.852109	3.795208	7.158601
3.491805	5.624642	8.255348
3.694111	4.690998	8.535996
4.057987	4.265966	8.453146
3.441864	5.243591	3.996391
3.977793	4.257235	4.366544
4.753214	6.726775	4.624476
2.818840	4.111603	4.273034
5.136464	4.953993	5.117780
3.711861	6.008617	4.533647
3.407635	3.301770	5.230193
3.596897	4.635300	8.646422
4.855489	5.763225	3.516730
3.003376	4.421501	3.719001
3.903387	5.088605	9.292414
4.503430	5.757012	3.762222
3.641580	6.217741	4.022353
3.668006	3.623347	5.334561
3.322572	3.957222	8.228107
4.749058	4.464148	3.246280
3.567013	4.976193	2.495208
3.984003	5.078827	2.857377
2.590011	4.479604	5.162453
4.788913	4.791553	8.361539
3.218951	5.662364	3.175237
3.867935	5.222419	3.247405
3.617429	4.453135	2.764444
4.907983	5.308508	4.963165
4.657596	4.661687	8.338785
3.798964	4.236864	8.766239
4.180690	6.072995	3.834360
4.414077	4.971670	8.930212
5.015057	5.462124	5.965006
3.072435	3.649509	4.572140
4.333031	5.421398	9.139810
4.070673	4.791568	3.176916
4.876820	6.175501	4.123132
3.808628	4.860764	3.301531
4.548573	5.472013	9.155322
5.001767	7.168134	7.373363
3.879197	5.562902	3.220821
5.038922	6.686735	7.049383
4.495218	4.171675	7.921455
3.821641	5.081617	9.416650
4.266393	4.841036	4.231147
3.422646	4.227259	8.965972
4.128414	3.833724	6.890407
4.998610	6.492731	7.586422
4.120294	5.935624	8.629255
4.456883	7.031983	5.631447
4.153891	3.815139	5.942934
2.898292	4.907456	4.557085
4.985307	5.682352	4.658192
5.107293	6.238180	3.861650
3.702761	4.191752	3.311113
4.777265	5.615736	8.842201
5.033445	5.994371	7.880161
4.023997	5.566896	3.489839
3.591020	4.105452	8.781128
5.657760	5.437554	4.959925
5.194830	4.421240	6.416752
3.516819	5.047715	9.181464
3.065405	4.780681	4.207075
3.483842	5.168139	9.036156
4.508494	4.631939	3.071866
3.139962	4.805838	5.473701
4.086480	3.624211	4.849091
3.421799	5.664649	7.305916
3.482545	3.901379	3.826234
3.567941	5.706575	4.638492
4.534447	5.379896	2.974028
4.204401	6.354149	3.481844
4.056377	3.165435	5.134592
4.394432	4.963339	8.772861
3.675585	6.604118	5.388776
4.176837	4.770592	9.101381
4.593074	5.495082	9.045700
3.829155	6.229645	6.691969
5.122503	5.806110	7.544123
5.152322	6.800401	5.595783
3.397601	6.163122	5.824366
3.263467	3.156488	7.175035
3.741386	5.260248	9.445577
4.027935	4.969792	8.916404
3.711416	4.713512	8.551653
3.094676	5.578519	6.256808
4.537599	4.014560	7.874371
5.217103	6.367537	5.765396
3.232552	5.270795	6.418190
4.143153	4.647630	3.182817
3.778966	5.039088	9.123780
3.938001	6.802379	5.246190
4.600339	5.105682	3.658926
2.836991	4.872166	6.916057
4.140504	3.694640	8.310139
3.804694	3.282016	6.930718
3.046826	3.215609	7.762734
4.414676	6.497896	6.267490
5.029713	5.245312	4.544009
2.631843	3.958814	5.326503
3.802020	3.674372	5.370500
3.856335	4.905906	2.974252
4.865266	5.237815	4.231467
3.019170	5.525668	6.451669
5.189086	5.684509	3.556053
4.335658	5.083199	9.238900
4.158267	5.254380	8.686734
4.193935	5.247056	2.843564
3.862212	5.397373	3.689626
4.631812	6.451441	4.052084
3.273938	3.685751	8.219814
4.617686	6.355611	7.531527
2.629170	3.576575	6.637485
3.977199	6.714737	5.369793
3.488166	3.754383	3.962721
4.868035	4.077184	4.366580
2.447789	3.629592	6.146337
3.113220	5.116127	4.452987
3.954435	5.817554	3.207572
3.863311	5.724472	3.353256
5.066543	6.714013	6.930890
3.617779	5.502919	4.217038
4.663847	6.799389	8.433045
3.768165	5.397440	8.585412
3.172165	3.864251	8.599063
5.005364	5.977749	3.936735
2.546338	3.993804	6.940637
3.059321	4.042383	3.805107
2.617539	4.805678	4.549496
4.189777	4.814772	3.481562
4.077638	5.337609	8.671219
3.267152	4.822541	3.608587
4.624525	5.542240	2.993394
4.792142	4.454853	7.554859
4.187399	6.429299	4.492499
2.446696	3.858315	6.996003
4.209725	4.742885	7.736147
2.784399	4.311393	5.435707
4.173091	3.935999	9.036905
3.938633	5.386775	3.140931
3.595139	3.315854	5.507872
4.783324	6.468258	4.246874
4.029748	5.132088	8.372719
4.378542	4.719099	8.774007
4.168925	4.482424	3.418439
3.652042	3.308865	6.366597
3.998121	4.981885	8.813478
3.721158	4.348532	3.286042
3.899109	5.353526	3.011726
4.627262	4.549981	7.959023
3.404279	3.399268	6.552938
4.305363	5.242250	8.524087
3.573139	5.297802	5.067308
3.547098	4.670123	9.197045
2.974025	4.297771	3.865024
4.589291	4.945818	3.333336
5.741958	5.904773	5.969659
4.214788	5.039232	2.677472
4.148007	5.139250	9.038450
4.683896	5.030257	3.196390
4.161125	4.566252	8.267797
2.596339	4.301919	6.331831
3.115579	6.047297	3.671754
3.237851	3.726563	8.798637
2.921455	3.791853	5.163316
2.790854	4.499063	7.656039
4.254886	5.581374	9.084527
5.188343	5.493864	8.115218
2.768287	5.196750	6.668098
4.736849	4.308910	6.534795
4.895208	4.565280	4.099426
3.529728	4.099297	3.313982
3.567409	3.799956	3.792775
4.675495	4.740403	3.977449
3.695787	4.178290	3.046886
4.086116	5.845285	3.096085
4.254110	4.876443	2.987808
3.100589	3.545790	7.844368
2.733442	5.550631	4.903665
4.632059	6.321083	3.379368
5.299803	5.959116	5.505353
3.819892	3.288073	5.054615
4.253063	5.022524	8.722335
5.400126	6.387297	5.368355
3.935190	4.866862	8.588485
2.381495	3.268779	6.232087
3.668838	5.297119	3.437700
4.988278	6.324204	4.028024
4.163358	5.446612	9.340493
3.625607	4.568574	8.620516
4.044780	5.902959	4.142223
4.102210	4.693166	9.131279
4.065845	4.562195	7.930560
3.979081	5.254297	8.874742
4.327212	6.476702	7.587422
2.484188	3.373941	5.482065
3.565450	4.805157	2.885479
4.208729	6.662807	5.947567
4.423401	6.392845	4.512891
2.750536	4.555182	7.846736
4.592806	4.703657	4.657491
3.615163	5.017838	3.221607
3.319382	5.503568	9.219244
3.517420	5.724533	7.191800
5.014545	6.048788	6.419973
4.440145	5.720987	8.199320
3.410413	5.360350	8.455870
3.682382	4.549804	3.313088
3.221708	4.800430	3.711927
4.649879	6.462160	6.810972
4.027372	4.590364	8.829622
3.281240	3.036459	7.498605
4.393326	3.742374	7.407603
3.585877	4.045701	3.285814
5.436276	6.291420	6.155910
3.685434	4.448745	2.824287
3.928152	4.734564	2.714348
4.366645	4.344672	4.688977
3.702565	5.498071	3.855196
3.879871	5.113523	9.078500
4.673169	5.332659	8.698847
3.304731	6.522169	6.039350
4.974608	6.268360	4.632129
4.493713	5.015237	3.815471
4.257118	5.665688	8.747532
3.612098	4.523201	8.964911
4.239955	4.478495	8.404272
4.093709	5.208042	2.797246
3.552168	3.949512	8.189174
3.125880	4.144915	5.538607
3.952201	6.007637	4.792424
4.896743	4.759062	8.126366
4.733962	5.799571	8.684583
3.802790	4.400218	3.210923
3.660917	5.860221	3.537542
4.374388	5.621303	8.577466
4.260184	3.146368	6.520898
3.469153	3.921851	8.220787
3.083315	3.811893	4.706756
5.117868	4.786202	6.685293
2.973752	4.362239	7.829043
3.174965	6.055150	5.019167
4.820762	5.059180	7.307514
4.639313	5.764731	8.578408
3.922736	5.400325	3.031393
2.487795	2.932442	6.073231
3.708516	4.178429	8.685027
4.231304	6.251195	7.852660
3.756031	5.228596	3.523856
3.562124	5.189217	8.309697
4.726593	5.484792	6.679871
3.505745	2.914931	6.186745
4.744180	7.268561	6.577916
3.147100	4.030577	7.007127
3.588476	4.440517	3.329065
4.026579	5.401349	2.971653
4.178965	5.153954	8.832575
4.527617	6.150262	8.211991
4.171987	5.067675	8.648268
4.349175	6.691478	7.771432
5.200726	5.841785	4.960466
3.397191	5.615449	4.298433
3.851594	4.124713	8.889256
3.241184	4.857032	3.241479
3.031453	5.228762	4.303652
4.197007	4.565482	3.484612
4.910013	5.314184	6.393702
2.441985	4.799288	7.857202
5.513993	6.958761	6.311612
4.206805	5.645282	2.830373
4.844419	4.756950	9.100989
4.388341	7.255863	6.974354
3.947024	6.418437	4.474383
4.393556	3.725762	3.510103
4.398345	4.053006	9.506026
5.901933	5.431963	5.808478
4.106902	3.757719	8.566109
3.092376	5.194102	7.490057
4.010504	4.482375	3.259596
2.917205	4.165425	7.455290
6.693608	1.774713	6.700848
0.988333	6.492424	2.980976
6.149237	6.294235	7.022779
0.858676	2.472448	4.140387
5.369801	3.434585	3.265634
6.654448	8.777231	7.665033
7.796723	2.709109	9.557446
5.800574	3.520844	3.893667
0.481444	1.114246	9.054649
7.735405	2.373968	8.279354
7.210678	3.538451	3.840613
7.847954	7.620946	3.401954
3.527863	3.353069	5.323191
4.386988	5.719579	5.723827
6.228643	5.674260	4.121639
1.374313	7.171699	7.285187
2.869779	3.857470	8.876137
6.312433	2.901856	8.415085
3.312051	6.180683	2.461101
7.775091	1.888370	2.126457
4.686312	2.060820	9.125546
7.608556	3.082826	3.407861
4.514980	1.976880	4.456591
5.726766	1.504589	9.970296
7.427386	6.644461	8.163885
7.328630	1.391260	5.259670
0.118599	7.419086	8.438526
2.420605	4.911044	8.772536
1.574306	1.630916	5.029267
3.307861	7.539946	6.825149
1.796359	8.222567	4.842455
7.524848	6.458035	6.035501
7.659783	4.646489	9.918994
6.280064	1.932806	5.306494
4.085138	2.664766	3.809549
6.884354	5.265113	7.389512
4.311739	2.843578	8.872318
0.051110	5.649571	5.004219
0.192531	8.721211	4.944608
2.275803	2.513460	8.126178
2.798840	7.483734	5.442479
4.664850	3.513040	2.836951
3.472346	6.158927	3.734454
1.540177	1.920404	7.007935
5.048041	6.933381	2.149224
7.134907	6.777040	6.205193
7.854650	5.131171	9.329904
4.560830	1.144554	4.917472
6.583290	3.252410	4.433567
7.768418	7.050301	6.942830
6.397986	3.753918	2.788004
0.129643	6.333861	8.806235
5.200078	4.190033	5.965731
7.935261	5.857717	2.864719
4.492910	2.304883	5.188888
2.322090	1.445736	7.802787
5.634073	7.573852	2.835888
1.995807	8.112066	6.984582
5.509342	6.578795	3.505810
0.755951	4.757733	3.946808
2.205960	4.526419	3.604940
3.126916	2.242534	6.548507
0.291278	3.364266	7.887814
7.581253	6.502337	4.979165
1.568655	3.372758	8.623120
7.503312	5.889874	3.074403
1.573370	6.701399	2.737715
0.233510	7.632218	4.822491
0.413500	7.111602	5.480166
0.112351	5.960670	8.227539
4.589514	2.394386	2.438777
3.963460	1.357076	7.558896
0.571564	1.958280	6.672545
5.023792	3.670884	3.473199
5.088453	6.110800	3.871475
1.618418	1.532964	4.168847
1.909338	4.630710	3.905328
6.117110	5.022584	2.080418
6.664733	7.000631	5.469603
2.516834	3.969889	8.243154
4.310751	2.334041	5.132023
3.140268	3.073433	8.044424
5.911839	6.783875	9.262025
7.295319	7.344228	6.477683
6.208261	7.537037	6.096687
3.291523	7.214650	4.705176
1.159640	3.051346	9.995599
1.360545	8.974583	9.678509
1.244923	6.773107	3.607599
6.568573	6.058892	2.977309
7.494774	4.530350	4.607416
2.621744	1.266767	9.478206
0.330118	2.822758	8.535798
1.873090	3.039034	7.006887
1.843018	2.386727	7.867645
3.941813	2.462314	5.978258
5.124192	2.419910	8.713053
7.170361	2.123234	9.112516
1.403359	6.758518	4.528376
0.329851	2.431747	9.993322
