4.025847	4.510667	2.682395
3.963639	4.202725	3.568303
4.125873	6.253127	3.332643
4.960973	6.094744	5.024880
4.473385	4.516447	4.454316
4.347636	6.284615	6.473692
4.049628	5.114857	2.896249
2.377135	4.070144	6.423655
4.705873	5.232417	2.613688
5.226961	5.758488	5.365163
4.183729	5.078431	8.910819
4.398080	5.302009	9.278253
5.264951	5.090708	5.084120
5.104049	6.225864	7.916106
4.926346	5.954776	3.955507
4.494523	4.812986	3.072317
3.357782	4.229418	7.401476
3.424788	5.735404	4.168521
3.526968	4.647467	9.373089
4.021534	5.134219	8.808024
3.666806	5.155560	9.211075
3.972343	5.919091	2.804190
3.359457	4.057573	3.738128
3.935147	5.599025	2.801540
3.805615	4.598155	8.545125
2.873069	3.982804	4.874307
3.705439	5.156489	2.787376
4.049197	6.333410	5.808015
3.903597	4.903454	3.018025
3.918726	5.686866	2.906754
4.411674	6.627197	7.296201
4.578245	5.140991	8.906274
3.305927	3.280778	4.139899
3.602782	3.874226	3.116184
3.233809	3.328488	5.355104
3.186463	4.337733	8.464834
3.999839	4.912594	2.982962
4.151773	5.119885	3.046368
5.590965	5.514329	4.037669
3.115340	4.533958	3.904936
4.557301	5.533344	3.990319
4.833203	4.133692	5.421759
4.217750	4.652512	3.097618
4.855266	4.858226	4.683303
3.759386	5.026403	9.243099
3.903070	5.590400	8.308256
2.655015	4.689260	6.506065
4.207609	4.861576	3.287673
4.347221	6.698956	4.124882
4.557295	3.950530	5.140233
2.288598	3.897930	5.967579
4.259104	5.225112	9.428895
2.553262	3.991309	4.007439
5.574671	5.031168	5.482798
4.705574	4.736917	3.213261
4.264138	5.198909	3.121634
3.201625	4.712523	8.824860
4.147020	4.950663	9.152052
3.967138	5.556784	5.236101
4.168716	4.971028	8.670854
3.935638	5.822920	8.415180
3.525923	4.392811	7.124881
3.584908	4.750764	3.566020
3.430241	4.875636	8.429802
4.985920	4.562532	6.471255
4.836849	5.150472	4.115029
4.590069	5.017698	8.159837
3.859811	4.820587	9.136239
5.154100	7.004345	5.386338
3.438608	5.636092	5.657804
4.800269	6.152424	7.404799
3.471142	3.255548	6.135725
5.058298	6.300443	5.671242
3.839341	4.678457	3.338531
4.230253	5.513972	3.269096
3.946613	4.982153	3.124482
3.236898	2.941464	5.329130
5.352058	6.139216	7.095139
4.429993	5.108403	8.801318
3.870851	5.356455	3.508550
2.806568	4.172195	6.766281
4.320081	4.952970	3.340414
3.457986	4.099934	3.260389
3.699578	5.517656	8.634132
4.670838	5.430719	8.624502
4.543763	4.427565	7.255917
5.349895	4.748079	5.351601
4.098780	5.930182	3.748220
4.404462	5.960710	3.858759
2.624295	3.561734	5.004152
4.452350	5.320364	3.531766
4.243374	4.773074	9.301280
2.647609	3.925845	6.709120
4.254044	6.416007	4.570888
5.029484	5.153324	3.806043
4.189543	4.262087	3.529228
3.684903	4.346538	3.791617
3.597483	5.578196	7.630222
3.074318	4.960800	4.139758
4.143120	4.811010	9.153144
4.657566	5.268246	3.252300
3.606420	3.779575	3.226306
4.800301	5.288973	7.168645
2.500039	4.455227	6.175100
4.777372	4.937567	8.187639
3.424840	4.077233	8.640852
4.286771	5.230909	8.764537
4.795582	4.828793	8.171308
2.534348	4.505695	7.822610
3.184563	6.239888	5.905385
3.008221	3.224967	7.826861
4.505204	5.892534	3.551833
4.823252	4.488294	6.592662
3.845199	5.163584	2.932615
4.521182	4.886675	3.292715
3.981947	4.229944	8.485954
4.143833	5.639670	3.292603
3.993020	5.136469	8.797507
4.939521	6.622241	5.808580
3.476465	4.985749	3.262465
4.260414	5.109812	2.996741
3.026158	3.724522	8.047931
3.918109	4.489705	8.449649
3.734343	4.202236	8.680240
2.850438	3.583881	5.553125
2.886741	4.978401	4.104463
3.093232	3.106062	7.610043
3.564710	3.771174	8.158455
5.074944	6.673198	6.202770
4.653233	4.794215	8.422273
4.153950	6.139021	4.231671
3.142493	3.648777	8.093993
4.993159	6.248317	4.330311
4.701500	6.299093	8.171246
5.033739	6.876454	5.512032
5.102548	6.341476	7.504366
3.930111	5.408879	2.788440
5.271766	6.176229	8.421735
4.597048	6.022333	3.387398
4.546506	6.185420	5.204576
3.837710	5.184489	8.772004
3.589875	3.919755	4.042089
3.493723	3.053411	5.349999
4.102475	6.165880	4.504883
3.194497	4.051448	3.752267
4.218188	5.163434	8.688298
4.368114	5.708874	8.894377
4.109601	4.311057	8.949054
3.718295	4.826960	9.508544
3.859426	3.454018	8.236974
4.137173	4.930382	8.858573
4.993705	6.583431	4.074952
4.092791	5.091169	3.048386
4.455753	5.352769	8.598234
3.410354	3.844086	6.874363
3.532583	3.032217	5.579003
4.979845	5.058132	4.437427
3.611191	3.533013	6.494869
2.818861	4.056387	6.071100
4.098251	4.815549	2.989163
3.098915	4.688343	4.450322
3.422141	5.041522	8.655169
4.532094	6.604039	4.343190
4.411212	5.186845	3.627170
3.912662	5.086235	2.813928
2.920505	3.779247	4.249143
3.808606	5.393151	7.958809
4.717411	5.351467	8.484697
3.842295	3.250558	4.979998
3.977409	5.825771	7.971294
3.812773	4.009000	8.630661
2.975662	3.853821	6.740972
4.235460	6.421385	7.783611
3.829902	5.704899	4.542514
4.052188	4.074306	8.764089
2.055733	3.964685	5.253872
3.493196	4.836163	4.082214
3.809390	6.037211	3.562148
4.256678	6.656826	6.914141
3.887377	3.986700	3.334379
4.305796	3.911314	5.504485
3.941512	5.180653	8.820010
3.781081	5.513110	9.069021
3.738627	6.035327	8.385324
3.035293	4.188245	8.175243
3.147730	4.494639	4.075223
2.849219	3.556388	7.798895
4.502230	5.853068	8.756914
4.717906	4.471972	5.299379
4.170544	5.463042	2.719699
4.829832	5.617583	8.689025
4.153689	5.454191	8.638703
3.707792	5.363903	3.761722
4.126271	5.192154	3.327777
3.575701	6.424607	3.926878
4.282553	4.162249	7.593707
4.976787	6.550957	6.570374
3.423531	5.044321	3.695282
2.973195	3.827848	8.052358
3.107062	4.327348	3.480351
3.426092	3.841540	7.724493
3.868716	5.637627	8.972749
3.513754	3.535745	7.491904
3.890034	4.822495	2.715340
3.482736	5.328584	8.585058
3.800603	4.568113	9.077485
3.121549	4.506408	5.416915
4.299835	4.081428	8.049513
3.304586	3.284444	8.177793
3.864060	5.874648	7.237064
4.514092	4.652751	5.035432
4.568748	6.445664	8.630053
3.953962	4.711137	3.392254
4.842001	5.219021	3.372522
5.066023	5.490291	4.743742
4.040537	4.992945	3.267119
4.072183	4.780055	8.705741
4.497106	5.219438	3.451568
4.287147	4.752721	3.377820
3.478989	4.634311	8.708094
4.436215	6.282732	4.281750
3.943062	3.372091	4.067665
3.721884	4.938469	3.043106
3.963595	6.656872	7.496928
4.836716	6.793279	4.550035
3.707733	4.049353	8.025063
3.931086	4.772589	8.819945
4.334497	3.619122	7.215784
3.581036	5.739711	8.313030
3.402564	5.851227	4.027086
3.860589	5.294898	3.039020
3.159179	4.704089	9.257519
4.693464	6.849101	7.485262
2.693266	3.660385	4.794145
3.004981	4.980741	6.314297
4.383687	4.271940	8.199967
4.132210	5.142839	3.135948
3.798626	4.453492	8.911245
4.192981	5.254360	3.140608
3.330111	4.987364	3.539517
4.336238	4.203031	3.396530
3.092925	5.638243	5.332846
4.666307	4.394180	2.874443
4.391850	3.661547	4.772903
4.452422	4.394116	8.327143
2.958402	5.340588	8.226004
4.358807	5.152730	3.248227
4.015004	4.694097	3.151223
3.812024	5.474817	6.291110
3.779844	6.884088	5.644025
4.331863	4.578538	8.916096
4.937896	4.214264	3.031946
2.802329	5.133390	7.412658
3.514077	4.841256	8.609929
3.133048	5.503026	6.996159
4.445881	4.224957	6.205797
3.418382	5.411663	8.157635
3.927455	3.362027	6.959648
4.048734	5.894408	3.656776
2.701650	4.161871	8.502380
4.343556	5.054588	9.189292
4.759304	7.115481	5.292599
4.896217	4.413152	5.151016
3.337982	5.024445	3.246172
3.106033	4.715728	8.255737
2.529092	3.721171	5.264410
3.439564	5.276301	4.266030
3.157215	6.093245	6.751796
3.989245	4.031690	4.950150
4.711815	6.552005	6.636858
4.672435	5.980047	8.131419
3.607228	3.545907	6.987726
4.384105	3.884330	5.517039
4.106910	6.456029	6.412282
5.227393	5.498143	5.715976
4.336384	4.071969	4.382757
3.847050	5.006675	2.954110
3.233001	4.156615	3.201826
3.810670	5.653171	8.953980
3.861757	4.370384	8.695394
3.768195	5.256998	9.238509
3.616522	3.802411	8.434952
5.219808	5.437571	8.132158
3.097634	4.655493	5.742058
4.834523	6.208724	7.785380
3.529801	4.518516	3.951373
4.663873	6.359516	4.706841
4.624841	6.790054	5.367825
4.226837	4.926213	3.233778
2.506539	3.673856	7.148604
4.131539	4.698696	3.779978
3.794757	5.059763	3.495133
3.818097	3.159219	4.858655
4.162330	5.196222	2.879315
3.319780	3.912213	7.462393
3.214598	3.322063	5.591565
3.946031	5.586154	3.287804
4.392307	4.907050	2.672812
2.927401	5.051868	6.996841
4.180485	4.127719	6.383750
4.496649	4.655360	8.523069
2.759151	3.911662	3.864545
2.638063	4.741819	4.299192
4.745313	6.566836	6.984408
2.722290	4.677675	6.747513
5.111367	5.002129	6.424983
2.873632	3.555126	7.456856
4.227985	5.027371	8.522804
3.596301	4.180250	3.591661
4.354787	5.014242	3.076162
4.669862	4.053467	7.124889
3.814460	5.812017	3.499984
3.130289	3.112368	7.324827
3.335727	4.243048	3.578303
2.374185	5.017115	6.059097
4.647931	6.023260	4.587856
5.043956	6.721872	4.950386
4.331035	4.086195	6.712831
3.905449	4.091270	8.218752
3.002806	3.534241	5.543507
3.686644	3.403776	4.244895
3.611657	5.705499	5.483170
3.953202	5.252431	3.341527
4.651881	6.704104	5.297182
4.634057	7.153745	6.681639
3.988225	3.481777	6.228106
5.049313	5.851142	5.185983
3.611233	4.893561	3.592577
5.027407	5.546355	7.421477
3.696132	4.212635	8.713889
5.118853	6.085840	4.899335
4.028133	4.235904	3.594673
4.378779	4.913483	9.256495
2.840831	4.963549	7.068063
4.254396	5.267791	3.177224
5.137743	5.706013	6.764228
3.334516	5.906430	7.604809
5.382125	6.349092	6.525387
3.393981	5.940925	8.242431
3.683666	4.801249	8.746519
4.448905	5.033823	9.086134
4.754967	5.081371	4.401629
4.053483	5.055425	8.958189
5.417131	6.557651	6.751524
3.238949	5.221298	8.016406
4.665973	5.427678	3.327627
4.397393	6.624598	7.559028
3.808381	6.551207	6.664958
4.335858	4.926653	9.153128
2.268691	3.608358	6.150065
4.181506	6.419404	6.474815
3.713332	3.525820	4.841863
3.879988	5.975935	8.803853
4.734193	4.045614	4.313045
3.945545	4.777125	9.028653
4.027054	6.294040	4.794315
2.544627	4.431867	6.081705
4.415751	5.574928	3.101735
3.090795	5.292004	3.438863
3.857200	6.250206	4.957980
5.093164	5.408841	7.462020
3.716999	5.817962	6.669155
3.086241	5.285527	7.130609
2.633726	4.377747	5.057234
3.327706	3.838455	7.640816
4.456960	4.830290	7.415707
4.792909	6.854302	6.639269
5.049034	6.471295	4.864958
3.301208	3.736272	5.038064
3.084383	4.077951	3.867711
3.709545	6.527542	7.873023
2.865511	3.381494	5.183428
3.922578	6.014850	8.196330
3.246207	5.070406	7.878818
2.785716	5.568856	4.042505
4.073297	4.108741	3.374609
4.943515	5.317430	4.742544
2.928493	3.691137	4.424889
3.723792	5.213718	3.265538
4.515164	4.811130	6.911823
4.038983	5.431890	8.573307
4.164499	4.981336	9.107279
4.000339	5.282114	3.353914
5.133077	6.141679	6.124152
4.169077	5.873814	8.553135
3.494763	4.037790	7.543626
4.405554	7.094118	5.808285
2.565007	4.359360	7.380383
4.777639	5.085264	8.616314
3.341246	4.715877	8.380763
5.796713	5.861893	5.707954
4.436868	5.206364	3.232288
3.478160	4.757847	3.324488
3.726945	4.416574	3.259969
4.140089	4.962192	3.011986
4.367197	4.826809	8.782452
3.262620	4.112820	4.245420
4.440261	4.985105	8.825009
4.800605	6.013466	8.450236
4.459213	6.172773	8.310763
4.558638	6.513580	6.819014
4.021524	4.725033	8.986850
4.888484	5.676492	2.917992
5.140780	6.117504	6.212814
3.671753	2.832140	5.825867
5.301155	6.064218	7.062632
4.572550	5.025653	4.663357
3.821214	4.177134	3.906221
4.620601	5.698639	8.628319
4.640439	6.073017	7.957549
3.644354	5.719662	7.339615
4.863774	4.994102	8.797043
3.839126	5.768308	3.041233
4.025843	4.568122	3.260403
4.567758	4.871498	2.632132
4.400879	4.401535	8.521813
4.929947	5.422377	8.184729
3.448354	5.157548	8.711304
4.821220	6.793497	7.720959
4.088230	4.889843	2.805866
2.411105	3.765945	4.743345
4.550684	3.686777	6.133596
3.875662	5.066434	8.449010
4.050152	4.695590	3.082838
4.773612	4.034213	8.356941
3.248201	3.757448	3.917279
3.842716	5.576082	3.488594
3.880978	5.789668	8.613325
3.842485	4.463733	2.801271
2.466099	4.142603	7.580081
2.790386	4.884802	5.144033
4.040617	5.675821	9.115894
4.926444	4.458678	4.625316
3.946776	4.136038	3.166564
3.665051	6.136494	7.404097
4.312367	5.472332	8.885620
5.024955	5.111656	6.738816
4.530026	4.747586	4.131586
4.054029	5.318868	3.184471
3.174542	3.818116	4.176251
4.149770	4.531450	3.217866
3.745372	4.619873	2.729143
3.916492	4.517739	9.040344
4.105277	4.721941	3.004554
4.182074	5.649521	8.455515
5.045733	6.030717	7.275064
3.876361	4.154976	3.901652
3.860520	4.969595	2.896086
5.382938	5.420968	5.828024
4.234557	3.775456	6.181426
3.099075	3.078291	6.076992
3.408715	4.887644	8.869379
3.453243	4.920778	3.841687
4.612823	4.642822	3.836855
3.854997	5.753876	8.158440
4.344156	4.735576	3.071494
4.735896	4.315536	7.822845
4.222206	5.539106	8.709718
3.947598	4.353592	7.170626
3.026535	5.562761	6.522229
3.732446	4.096817	8.375629
4.322284	6.407855	3.915608
5.169972	6.602746	8.009666
3.246158	3.948201	3.750288
5.189004	6.468660	5.829148
3.425826	6.203153	5.120686
5.016553	5.073427	3.632918
5.211408	5.627138	4.704299
3.918203	5.165303	8.966243
3.152116	3.562333	6.488359
3.777028	4.670170	3.329496
3.355909	3.828310	3.987683
4.699869	4.975203	3.664005
4.660588	5.631104	8.567800
3.957745	5.889473	3.981255
3.924362	5.228145	3.041359
4.360005	4.003482	8.139046
3.903288	5.075331	3.464846
4.928568	4.948287	6.057735
4.074279	5.210394	3.372253
3.692907	3.885891	8.291084
5.070406	4.978292	8.619452
4.119154	6.113723	7.770506
4.146029	3.925968	4.697812
3.530707	4.982776	8.968358
3.502430	3.749558	6.964622
3.892278	5.741957	3.807891
3.127522	4.952802	7.414144
3.819351	4.945072	3.236285
4.180141	6.188382	5.436677
3.934168	5.149367	2.862947
4.115046	3.913341	8.528235
4.193838	5.168270	8.802719
3.335245	3.820758	8.415667
2.797449	5.136830	4.763266
2.887459	5.143600	4.985732
3.596901	6.342643	3.875983
3.997387	6.169842	5.123889
3.167453	5.432290	4.133746
4.751735	6.053622	8.908047
1.825550	3.748961	2.974261
4.471769	5.114935	5.698577
0.960767	1.413956	2.953487
7.829741	6.659779	3.071897
7.408985	2.388749	6.293745
2.760159	1.625395	7.207458
2.191697	3.844973	5.639690
7.003283	2.743537	8.877831
6.781525	4.724697	4.532951
0.079234	7.098531	5.016406
7.683539	3.104311	4.030934
6.049986	4.571287	4.123377
0.045907	5.789561	2.671632
5.851520	6.335666	8.696471
0.764340	4.135373	8.739208
7.399525	7.613732	7.492334
5.189933	1.285298	4.711254
6.973861	2.775787	9.332206
3.867336	5.847279	2.290368
3.435835	8.711131	4.706237
2.818916	4.740866	4.160363
7.486197	8.321635	2.571075
3.559468	4.069233	3.949682
1.181480	4.212168	3.699482
6.013103	6.379490	6.253062
1.008372	1.101652	4.646748
1.409417	7.049213	3.466356
6.654520	8.602720	2.013312
1.276459	5.384702	5.583961
0.315094	7.941649	8.215305
4.102231	1.572188	3.350949
0.949276	7.809797	5.078070
7.927627	6.243624	3.098548
4.201084	7.956445	8.410957
6.855239	6.290696	3.254282
0.162290	4.170367	9.648557
6.995302	1.086554	6.010356
6.008866	6.815728	9.450107
2.219520	8.962204	2.417512
7.542522	6.372856	4.317088
5.277313	2.480623	3.967533
6.536461	5.164457	5.155496
3.979872	2.794516	4.182639
6.962669	1.881545	8.206866
7.899155	3.252652	3.782425
3.457769	6.802666	4.404178
5.503575	5.186968	7.099667
7.579858	2.550984	5.197958
2.930011	2.849857	8.468659
4.731988	8.992498	6.344884
7.769520	4.783082	8.177537
1.680552	3.435416	8.975061
6.654994	7.491659	4.109083
1.087743	5.113330	5.486323
1.072096	5.991424	4.362711
4.124438	4.775824	2.852448
2.582181	8.601902	7.389915
1.663053	5.521781	8.984033
2.372952	7.123887	5.610934
6.024462	7.816050	9.422887
5.926186	4.027533	6.834387
7.982055	7.832220	7.470156
6.395962	3.970064	3.714976
4.543370	8.497171	5.060199
6.499131	8.959264	4.653406
7.018975	7.775136	6.182743
1.017695	2.437398	5.304540
1.541591	8.969736	9.114851
2.786242	8.823790	3.731600
0.509659	2.260923	6.292223
7.409058	1.385715	5.557477
5.885831	4.168690	4.883972
6.304821	8.090325	9.881713
2.806234	6.593135	6.654756
4.032622	1.837234	7.932873
4.183621	6.951997	7.374671
7.902054	5.506708	7.890819
2.614935	7.081508	8.688165
6.214379	2.009345	6.554678
2.214688	8.394900	3.348115
5.954957	2.973001	5.207798
6.887878	7.378232	2.521469
7.525158	1.467187	6.428912
3.478410	1.017058	9.791572
2.584374	3.185068	8.837058
7.003455	6.709646	7.354880
3.602998	1.478372	6.070089
0.972256	1.546804	3.891048
2.563512	5.714486	4.925040
7.928673	5.474579	9.492102
5.962396	8.351406	2.229142
1.324277	7.605553	4.448486
6.081504	6.655766	3.857025
1.767897	4.496851	9.666518
6.739016	5.007273	7.520257
2.114818	4.024729	8.921729
7.176334	7.204739	2.001005
3.742993	4.260273	4.476589
3.240991	3.355446	3.536325
0.151076	8.974152	9.930269
