3.836433	3.647776	4.834402
4.138858	4.747157	9.267566
4.740485	4.955534	3.396948
4.486586	4.236697	7.598077
3.064395	4.684173	8.677921
3.692239	3.695383	3.089271
4.381074	4.671222	2.744850
4.652449	5.473057	3.455802
4.322350	6.793529	4.741977
4.011974	4.880161	2.859867
4.645986	6.740149	4.834456
3.896907	5.987954	7.367327
3.513817	4.605705	8.923111
3.006595	4.584720	5.180388
4.094657	5.226390	8.679617
4.191648	4.815717	9.025981
3.841661	4.995523	8.719842
4.325668	5.611716	9.063884
3.195919	3.572138	4.570559
4.244752	5.097988	3.011248
5.206409	4.474917	6.151713
3.250363	5.923951	4.596306
4.185720	4.933327	9.052554
4.224937	5.504099	3.416047
4.379089	6.735296	6.317004
5.257905	5.716833	5.037053
4.650305	4.574235	7.256023
3.393322	4.764230	8.567459
3.655396	4.629310	9.040562
4.425894	5.828438	8.845722
2.780395	3.216776	6.790152
3.568145	4.859990	2.891823
3.571219	4.630912	4.073467
3.887800	4.062017	3.212609
4.957030	5.118457	6.550279
3.500993	5.080032	2.891703
4.615542	6.084911	8.357303
4.293606	4.169805	5.048567
2.809919	4.243455	5.723495
3.308458	5.624954	7.578869
3.832437	6.276204	7.731114
4.891455	6.214091	5.283524
5.483698	6.467376	5.678252
4.712526	4.637821	5.935704
3.289309	4.037020	8.006388
3.961455	4.830385	8.710147
5.055193	6.312562	4.012655
4.510835	3.822468	8.170741
4.495790	4.183028	4.861505
3.356120	4.003092	8.356532
4.129593	5.467915	8.938479
3.922257	5.171927	9.017763
4.150332	5.108579	3.143490
3.659656	4.681235	2.987449
4.103835	5.907018	8.335204
2.800334	3.967859	6.547149
3.029805	5.551932	4.020942
3.885700	5.015311	2.584555
3.676394	3.993382	3.047628
3.592153	5.737516	8.680017
4.676235	5.842724	8.195810
4.670397	5.987311	3.972164
4.782946	6.460874	3.883433
4.515015	5.855927	3.514511
4.802033	5.812260	8.145375
3.921838	4.993803	2.850456
3.928271	4.774040	3.369338
2.747566	3.863951	6.660521
3.743274	4.206997	7.321319
3.411377	3.695782	3.727788
3.268558	6.063856	5.999784
3.622589	4.747559	3.110846
3.589774	5.455556	8.626698
4.500688	4.525857	9.098687
4.002231	4.057367	3.216941
5.678722	6.532165	5.075035
4.359411	6.494317	7.258806
3.224611	3.081491	5.665569
3.442394	3.557705	4.410880
3.051118	4.457477	4.199110
4.067218	4.217884	4.303448
4.560929	6.858975	6.102226
4.330510	5.121341	3.145540
5.152620	5.633359	5.539780
5.431501	5.528650	4.825453
4.102180	4.630941	8.983855
2.846506	4.405678	4.128586
4.449708	4.914786	8.933566
2.956236	3.433208	3.901635
3.652137	4.757615	8.706119
3.529684	4.009435	8.678682
3.698916	3.585642	7.718425
3.886575	6.710879	7.643474
3.778183	4.086993	8.042483
4.356441	4.753677	8.321606
3.670064	4.172893	8.037917
4.586418	5.770649	8.437684
3.616988	3.656530	6.315551
3.915102	5.274286	9.073768
3.320225	5.183551	8.122502
4.552696	6.591651	3.961490
4.744645	6.035385	8.009520
3.904934	6.120435	4.805975
4.755426	6.473862	7.448162
3.866796	3.630464	3.963985
4.519334	6.271856	4.257716
4.028783	4.697982	8.967760
4.321093	4.555488	8.177956
3.877432	5.910260	8.904337
4.513826	5.714685	8.764676
4.745782	3.318330	7.991344
3.457356	4.252068	3.675728
5.381920	5.896700	5.717559
3.969243	4.751712	3.109690
3.807168	4.554294	8.613322
4.231147	5.551124	3.069640
3.027209	4.680625	5.042143
3.425872	4.135389	9.024573
3.963061	4.782448	3.248412
5.140700	5.704686	7.940996
3.256751	3.468344	4.393985
4.113552	5.122582	3.320648
4.976775	4.738477	4.820898
5.052795	6.469615	7.148773
4.133373	6.436503	6.720302
5.065110	5.055770	5.100673
2.823358	3.508537	5.987780
4.847364	6.299692	5.144130
4.801501	5.044910	8.536638
3.840162	5.134351	3.214268
3.357980	5.029550	3.121601
4.098124	4.663278	2.724394
4.723539	4.382245	3.348563
4.400634	6.098480	8.544752
3.980700	6.740137	6.169259
2.784843	2.914278	4.909254
3.978381	5.496387	8.508509
4.294951	5.330015	9.221198
4.049474	5.045152	3.304920
4.918988	4.552091	5.650431
3.036480	5.717392	5.856142
3.358861	4.424198	7.879614
4.594230	6.122304	8.733027
4.598154	5.104129	3.494367
3.586548	3.610217	8.102851
4.188754	4.168640	8.767318
4.288402	6.889120	7.216809
3.956153	4.580873	3.231455
3.429929	5.032354	3.192922
4.452381	6.823782	7.725572
3.726180	4.286950	3.718492
4.742371	5.990932	3.708091
3.852454	4.818627	2.645367
4.283066	4.886910	9.483665
3.772845	5.445825	8.971997
4.878537	4.844539	7.696281
5.306190	6.293729	6.065648
4.802950	4.923374	8.889521
3.687401	4.290327	8.967735
3.546695	3.854532	7.400305
4.250761	5.261617	9.054730
3.622754	5.308230	8.917880
4.103494	3.986483	4.048525
4.432775	5.571754	3.181356
5.028406	6.171280	7.845912
3.660030	3.210933	6.827791
3.751957	4.702946	8.915307
2.911305	3.118592	5.531657
2.409470	4.282876	6.845350
3.522932	4.889216	2.752078
3.066697	4.898029	7.763995
3.350509	4.275456	8.251333
4.534201	6.647205	6.398792
4.132291	4.067421	9.040633
4.206291	3.240521	5.697069
5.204233	6.457392	6.512222
3.174013	5.486572	7.028480
3.403114	5.392382	7.947382
3.928173	4.089245	3.552011
3.843306	3.091591	6.255270
3.750412	4.354319	3.307613
3.244039	4.241529	8.070348
3.855950	5.323020	2.827573
3.296186	4.402959	8.113854
4.155298	5.261179	2.953637
3.246553	5.167540	4.438988
3.853894	5.327099	9.007369
2.934991	4.621759	6.071735
2.980969	5.267398	4.595656
4.533091	4.421762	6.534647
3.650078	5.007475	3.004952
3.936320	3.344446	5.983737
4.016356	6.554503	5.172300
3.771137	5.919486	5.372194
3.947217	4.816627	3.381128
3.345518	4.591968	2.751071
5.368500	6.001328	4.734821
2.891116	5.661578	5.554418
5.180612	4.928950	5.343337
3.791999	4.854243	9.044874
4.313460	4.954280	9.086443
3.491495	5.978510	4.025441
2.787176	3.688085	4.315375
3.406272	5.295152	3.493495
4.234785	4.904533	9.000712
3.542624	3.348424	7.451778
4.096244	4.946877	2.975024
2.914002	4.567311	7.287848
3.677287	5.878340	8.303188
4.384884	4.389718	8.130708
3.627341	5.395644	8.285418
2.820421	4.273364	6.514723
3.401062	5.399759	4.364001
3.695939	3.389602	7.145213
3.890026	3.696676	7.741355
3.262457	3.990198	4.143299
3.912565	3.875262	6.453261
3.531942	5.745596	5.766042
5.355582	4.752325	7.138014
4.834701	5.654912	8.074732
4.726578	4.918224	8.229539
3.454164	4.884826	3.881569
4.984544	4.653065	4.370656
4.514738	6.663293	4.848573
3.689488	4.664036	8.412835
4.284958	5.330971	3.021950
3.289586	4.420863	8.925339
3.974978	5.018410	8.897826
4.110998	5.074541	9.152333
4.169527	5.627893	9.042003
2.688231	3.970637	4.948255
5.201301	6.470791	4.720531
2.889220	3.197369	7.195899
5.073402	5.231610	4.864739
3.930517	5.007434	8.935784
4.840936	5.809296	4.533168
3.941097	4.536101	2.774828
4.268150	6.095809	3.462073
5.084843	5.477378	4.199892
4.876863	4.924163	7.802826
3.194514	5.486805	7.696545
3.023162	4.121002	4.556909
4.306358	5.204482	8.984153
3.762382	4.817989	9.188234
3.808388	4.590498	8.378725
3.862696	4.584102	3.135281
4.409156	5.928282	7.774526
4.913338	5.174968	3.969274
3.353694	5.776216	5.214379
3.438123	5.105257	8.751321
2.784489	3.763330	4.291356
3.820905	5.289719	2.586880
4.298958	5.924627	8.332558
5.022379	6.962465	6.308336
4.572050	4.680246	2.483384
3.157862	5.628851	6.934443
3.539489	5.773604	4.301475
3.665385	4.316085	3.395757
3.780638	5.125011	8.749884
5.508404	5.263168	8.753138
4.232931	4.582276	3.704959
3.976779	5.404218	3.097443
4.023394	4.184053	4.505597
4.033022	6.666581	5.425776
3.162124	6.095371	7.111119
3.095802	5.684145	6.929620
4.484233	6.444042	4.021394
4.965861	5.395001	7.877366
3.727980	3.806490	4.024927
4.422175	5.887807	3.594601
3.959864	5.564787	3.233193
4.449019	6.104903	7.997441
4.837954	4.770533	3.895301
2.742331	5.040275	6.355224
3.763411	4.689029	9.228971
3.180620	5.008645	3.884147
4.107214	3.991773	4.252230
5.095558	4.390876	4.876029
4.019512	4.915969	3.420599
4.544445	4.522446	4.188119
4.433704	4.596590	3.411572
4.864495	6.215025	3.838173
5.104874	5.572796	3.843343
3.786297	5.379793	9.080378
4.384575	4.984820	2.629188
2.780515	4.142655	3.452044
2.880935	3.544032	5.326894
4.741575	5.432968	3.399307
2.876893	3.502342	7.814532
3.975249	4.776220	2.941701
4.344625	6.051890	3.408628
3.819148	5.621922	8.763260
3.303937	4.987329	9.307430
3.223118	4.537458	9.104440
4.379063	5.405632	8.820367
3.332211	5.277658	8.354459
3.386712	4.663671	3.048642
5.086112	5.932054	7.246624
4.558763	4.071907	6.733934
4.439074	3.955092	3.490702
3.087769	4.305622	6.478716
4.648135	6.710810	4.603359
4.110128	5.680123	2.873407
3.852869	4.508605	2.699972
4.454886	5.034338	3.282981
4.589971	4.049413	6.826337
3.900396	4.749387	8.443681
3.754704	4.695452	8.601884
4.354006	4.863025	3.398869
4.520546	4.845529	8.675042
3.125346	4.792197	4.478669
4.435675	4.271659	4.118920
3.772370	6.278800	5.112649
2.619761	4.606274	7.268527
4.676750	5.465750	8.899804
4.476783	5.685744	3.232894
2.710509	4.552122	3.836905
3.568024	4.026393	3.530240
3.789746	5.189354	3.153056
3.023606	3.285658	5.671526
5.536523	5.409496	6.349211
5.007242	5.614414	5.156715
3.688885	5.958857	6.308235
2.992499	3.634966	7.697129
5.053188	5.016998	7.549659
4.270138	4.581764	3.058449
4.659007	4.986574	9.221919
2.827389	4.447317	8.368044
4.699527	4.789262	5.770985
3.563228	5.623064	7.460450
3.403743	3.468476	4.509175
3.750204	5.228867	8.806228
4.011890	5.490175	2.819965
3.044477	5.683773	6.728349
4.886612	6.462163	6.495435
5.010044	6.382362	5.227009
3.401828	3.424201	8.501374
4.473708	6.770127	4.833146
2.613994	4.342512	5.376988
3.629897	5.596319	8.367322
2.675395	3.424333	7.443426
3.445214	4.606497	9.079355
3.151682	5.259398	3.881385
4.216072	4.758545	3.473156
2.804740	3.407655	6.274193
2.503199	3.379982	6.051352
3.954156	5.452111	3.895728
4.237013	5.249499	3.172188
3.731342	4.304155	9.055934
4.474766	6.796120	5.016479
3.378000	5.844475	7.533357
5.209644	5.987904	7.082301
3.405411	3.595341	4.334008
4.270848	4.510164	2.554577
3.932751	4.716593	8.696396
2.843794	4.235243	5.780995
4.376652	5.909242	3.454577
4.652312	5.566009	8.593560
4.603492	5.736606	7.986308
3.395005	5.042955	3.044916
4.020050	6.892603	7.216605
3.046596	4.564996	8.251087
5.122598	4.115755	6.620667
3.732458	5.649028	3.318384
4.463199	4.339978	8.334827
4.104263	6.129966	8.175454
4.339292	4.830508	3.201163
4.654484	6.741058	7.035635
5.170494	5.752260	9.183336
5.025475	4.851262	7.431828
3.043712	5.134996	3.071880
5.069632	6.429718	4.854546
2.869620	4.129404	6.000407
2.871860	4.182591	8.081966
4.578482	5.065155	3.263492
3.724092	4.267672	3.382349
4.501394	6.406365	3.246971
3.270072	2.778650	5.338239
5.076945	5.433626	6.750166
4.310378	6.083226	8.292959
4.482089	6.435505	5.513026
4.977454	6.629286	5.909264
3.359777	5.029424	3.823544
3.324601	5.036132	4.905207
4.069043	5.212594	2.807817
3.956117	5.345309	3.250221
5.116069	5.843270	7.176296
3.767926	6.190968	6.269118
4.659428	4.409452	4.562438
2.863243	5.484863	5.475845
4.321435	5.620487	3.452734
3.982717	5.521459	2.654579
4.988621	5.651462	8.007723
4.031754	4.649660	7.861814
4.493194	5.936040	8.745940
3.670704	5.190790	3.031807
4.727303	6.420321	7.824585
4.126421	5.268997	9.017906
3.011658	4.566659	7.886319
3.350179	4.391876	8.318746
3.083722	2.929333	5.596536
3.103896	4.345182	3.481230
4.090429	5.124477	3.504769
3.039348	4.002817	8.327624
3.438540	3.176921	5.626906
4.468537	5.625209	9.031930
3.174854	4.080199	3.407425
3.116642	3.251520	5.835924
4.983532	6.508326	7.262532
4.297343	4.703581	3.188942
3.751991	5.349486	3.211246
4.103986	5.098055	8.689381
4.286892	3.414921	5.264896
3.753644	5.115799	8.393400
3.520883	3.465765	7.782890
4.255712	4.978985	3.615460
5.099998	5.204518	4.426229
3.121059	3.765637	5.407284
4.958449	6.352120	3.638990
2.741996	3.704870	6.544815
3.903409	4.797892	3.259010
3.866810	5.528309	3.381082
4.037953	3.309635	5.974406
4.119166	3.582843	6.209493
4.550089	3.951540	7.656774
3.949347	6.751705	4.795441
3.815102	5.301714	6.412151
4.063399	3.520843	5.571130
4.144682	5.130987	8.919974
5.025850	5.774648	3.707990
3.520264	4.429103	9.026549
3.480182	5.027433	9.020242
4.556373	6.591161	5.629367
4.138163	5.021498	8.985635
4.052422	5.690135	3.449637
3.450113	5.667863	6.474113
5.379797	5.478917	5.971894
3.720806	5.104162	3.295845
3.624056	5.643690	8.261631
3.497307	3.400460	6.482566
3.473509	3.355857	4.833373
4.663548	5.300115	8.941176
3.544299	4.752743	9.053294
3.353887	5.234445	8.513538
4.665021	6.804730	6.766486
3.330875	5.426693	7.654120
4.978507	5.501173	7.889419
4.485058	6.079574	7.640883
3.517017	4.922466	4.215274
3.500393	5.786222	2.852140
3.000390	5.096355	6.370682
3.574348	5.261731	4.806449
4.170439	4.715122	3.139572
5.057952	6.310566	7.191864
3.902271	6.403494	3.764381
3.337207	3.313512	7.075161
3.025746	4.153116	4.195563
4.523411	5.110148	2.951585
2.426454	3.692761	5.180361
4.801501	4.366592	4.129712
3.769662	4.862441	8.699177
4.353623	3.830649	8.404018
4.220742	4.178940	5.837558
5.057564	5.537765	6.414001
4.630878	6.746985	5.630442
4.103650	5.506838	3.075653
3.139392	4.378706	3.851917
4.164336	5.504913	9.020615
4.634784	4.792827	3.001742
4.508055	4.490402	3.628443
4.113194	7.057229	6.043598
3.121188	3.340982	7.062368
4.724761	5.988972	4.198908
4.683123	6.763017	4.603734
4.341664	5.114953	3.116448
3.812366	5.184079	3.374847
3.950697	4.300154	8.759940
4.253009	5.724573	3.619916
3.966376	4.957763	8.802212
4.217567	3.677260	7.205481
4.873710	6.070027	7.072656
3.802941	5.495576	3.394635
4.923598	5.645924	3.853944
4.853906	6.453441	6.739359
4.145941	5.505075	3.289553
5.404380	6.238823	6.413752
3.401900	5.333244	3.308482
2.676897	3.820169	5.666605
3.564688	6.229861	6.504128
2.955489	4.061159	3.714756
4.743125	5.241351	8.058152
2.894698	4.670199	7.404745
3.316580	4.529446	8.849147
4.182844	5.754989	3.362769
4.413241	5.037926	8.587563
3.684970	4.969107	8.821342
3.283859	3.075325	4.558756
4.405251	5.163979	8.791928
2.934113	4.976542	4.660637
3.631163	2.937257	6.923861
6.037088	5.266735	5.940859
6.449285	6.488939	9.327178
3.904274	4.982974	6.922160
6.850646	5.488920	3.610760
7.745525	4.068897	6.656220
7.151252	7.309928	2.369775
0.068981	1.433137	5.317708
6.392869	6.101499	7.498481
7.816339	7.576808	6.054298
4.978952	8.884624	5.800930
6.557582	2.786353	5.556113
1.563925	2.581849	2.614947
7.328060	6.540945	5.181479
0.577654	3.545150	4.667588
1.658262	2.900957	4.774028
6.227714	8.468288	9.691818
1.651964	8.389619	6.530246
2.754265	8.445599	4.875296
3.000813	2.803180	3.391235
7.495116	1.098166	5.443332
5.986635	4.362382	5.794295
2.179292	3.228915	8.775189
7.968873	8.391666	6.691305
6.173953	1.995059	2.040669
4.364806	1.941208	8.022249
1.075841	5.217713	6.093535
7.084392	8.521201	8.284923
5.214277	5.150170	3.049325
3.481079	1.112207	8.369146
7.333609	5.010627	9.297514
7.494393	2.505216	3.547320
1.430042	2.602821	2.490846
5.057501	7.268420	5.747788
4.836588	2.553469	9.796558
2.790326	7.505392	7.010374
7.890638	1.989191	9.281373
0.886939	8.057740	7.722897
4.844194	7.649751	5.703440
4.719809	7.917532	9.688778
3.975763	8.072158	5.090234
1.162534	3.412548	5.894925
7.641259	5.808292	3.512922
0.806543	6.703704	6.006509
2.249157	3.913258	7.921639
7.038065	4.624856	6.989378
3.718751	3.660833	5.378278
3.599724	2.381670	5.279709
7.033689	6.669384	9.299781
0.469994	5.468225	9.640950
6.606100	6.364300	4.014399
5.018514	8.912033	6.345973
1.345544	3.540295	3.811804
3.685211	2.058534	6.723129
0.002526	7.504631	8.079731
7.773671	8.734900	2.216530
7.140353	1.421538	4.371387
4.956189	5.693135	6.527150
2.744140	7.035656	7.863189
6.624553	2.811366	4.280114
2.576247	1.843091	2.140630
1.050802	1.153824	5.426402
4.297375	8.173576	6.934917
2.198454	3.194629	5.082820
1.752266	1.276615	3.676304
7.630414	1.355404	2.015935
2.932737	8.461278	8.148617
7.131264	6.228939	5.757110
7.055743	5.099442	3.887600
0.766930	6.164439	9.708445
2.068163	6.822978	8.093922
6.594894	6.707902	9.736508
4.359495	4.812680	9.841975
3.174143	4.249843	9.005269
1.711103	8.764754	5.280919
5.692179	5.200258	3.351026
3.723728	2.245758	5.766749
6.539804	4.338229	9.128231
7.024643	2.267705	2.001775
5.652041	2.783786	9.310532
6.342013	6.443915	6.626909
0.956486	5.847706	5.005172
6.615405	6.912710	9.419906
5.693047	2.029730	8.423139
2.745821	8.985025	8.709287
7.668199	3.409273	2.615199
7.596320	5.382316	3.885020
7.709613	4.105429	6.929602
7.359069	4.570908	8.417108
4.613618	5.976063	2.948020
2.980819	1.626916	5.697653
6.796892	6.033760	2.712640
4.307557	2.576673	3.537411
4.262068	1.285802	9.355662
5.282328	4.578560	3.957296
7.053071	6.033817	7.975682
0.327794	2.146821	6.796202
4.019493	7.460357	3.953261
4.898339	5.512084	4.722640
4.830997	8.377736	4.099968
2.838650	3.226939	3.803620
