5.353193	6.440479	5.900892
4.047861	6.423069	5.204145
4.333926	6.561870	6.789759
4.080625	4.461874	3.949023
4.071140	4.543522	9.168211
4.132411	3.564050	6.957616
4.708100	4.129294	5.252015
2.688781	3.849830	5.150479
5.002106	6.385378	6.824316
4.123511	4.837927	9.237691
3.741700	4.723911	9.137759
5.590581	5.694032	6.810952
4.731641	4.440325	4.640644
4.025117	5.352053	2.742648
3.699090	5.041187	8.919174
4.987111	5.898022	7.617346
4.643187	5.822161	8.376036
4.450304	6.789575	3.495160
3.952611	5.710005	3.131961
3.728656	3.077992	6.646223
4.522102	5.305495	3.664504
4.161626	5.747197	3.279689
4.088708	5.130999	9.261624
4.018510	4.909634	3.515671
2.935110	3.503073	6.741772
3.732357	5.175475	2.909338
4.600982	6.650832	6.332631
4.330018	5.499165	3.251966
4.659954	5.304566	3.527126
2.470012	4.082919	7.637627
4.662968	4.660894	3.665452
3.874876	5.215112	8.822877
3.255774	4.000465	8.269162
4.546666	6.620625	7.734175
3.262090	4.366257	8.769992
3.209285	3.079133	7.553937
4.136461	5.437631	8.931014
4.601097	6.049831	8.313910
3.107097	2.907810	7.358624
4.417033	4.911825	8.808600
3.746029	5.724979	4.252912
4.909771	6.150519	8.230381
3.870113	3.479503	8.074421
3.701254	5.325188	2.985544
3.674638	3.609607	8.619654
4.635739	6.382953	4.515437
3.686806	5.605561	3.734120
3.747944	6.092672	8.552471
3.770901	4.017268	8.089792
4.867249	6.642852	5.190387
3.592513	5.199785	3.399812
4.322165	5.255060	9.218050
4.018367	5.178131	8.851318
4.551048	4.707839	7.291561
2.510578	4.200982	6.429650
3.647218	4.820709	3.523277
3.936787	5.025000	3.335984
3.916236	5.438743	8.556365
5.021094	6.348405	8.056707
3.138885	4.786937	3.111228
4.809843	6.599779	6.715135
4.007717	4.305066	8.583707
3.757562	3.511960	5.025887
4.775087	4.441588	6.254018
4.101755	4.881582	2.733656
4.542339	3.629954	6.030878
3.790347	6.432470	6.380386
3.923188	6.451943	7.588503
3.890458	3.429379	5.787537
3.042279	5.204812	7.504414
4.279559	5.641233	8.908055
4.783318	4.834358	7.268167
3.746889	4.083223	8.565630
3.692079	5.672831	5.138803
3.154203	4.640710	3.294312
3.853574	5.247130	3.006666
4.391768	4.713090	3.362449
4.101016	6.763404	8.489491
4.533211	4.421105	8.128950
4.111014	5.694493	9.238899
4.194935	4.036835	3.352371
3.881653	3.439078	6.569867
2.692830	4.897528	7.349984
3.647643	3.957038	8.537185
4.648570	5.596250	3.418893
3.188747	3.365049	6.607927
4.132599	3.576825	5.846861
4.508701	5.665754	8.065870
4.052143	4.360199	8.651400
4.731659	5.165180	3.636241
3.642837	6.171265	5.048127
3.136399	5.158124	7.250072
4.181869	4.717665	2.837704
2.731497	3.302272	5.179201
3.170551	4.277396	3.669586
4.788769	5.829623	3.139192
3.167832	3.197813	5.514761
3.626698	4.129948	8.266846
3.594998	3.522851	3.825714
3.787452	4.455132	2.986163
3.997075	5.094687	3.069067
4.658344	4.994292	7.803794
3.807434	6.541036	4.827498
4.831643	6.470401	5.089424
4.045971	4.847261	8.829559
4.180782	5.036199	8.770833
4.484601	4.396081	7.265174
3.128782	3.593347	7.381909
3.737834	3.452179	4.642609
3.974306	5.309821	8.809339
4.555670	5.099842	8.384684
2.352922	3.986629	6.178063
2.792604	3.576642	6.466823
4.652808	4.275705	6.669115
3.113751	5.582666	7.844585
4.156229	5.856190	3.027771
4.949624	6.787760	4.745871
4.691546	6.241821	8.342040
3.939028	4.626515	2.502375
3.594725	5.140124	3.039334
4.959543	4.904339	7.032819
2.424979	3.709020	5.704221
3.858707	5.165206	3.112171
3.504961	4.967482	3.175016
3.052226	4.259365	4.333897
5.551652	6.353236	6.502303
4.349511	6.871763	5.501449
3.638784	5.292702	8.395417
3.776304	5.258889	8.829429
4.893082	5.791413	3.692982
4.019736	4.163979	5.539924
3.845617	4.908255	3.199457
3.126162	3.372075	3.467501
3.408765	4.080981	8.719714
4.677171	5.007369	3.339577
5.433290	5.940291	4.927157
4.955975	5.080655	5.925770
2.943837	3.947777	7.430199
3.714440	4.056175	3.768137
2.819740	4.961206	7.120431
4.455975	6.504713	7.431105
3.271925	5.148888	7.592663
4.886129	5.345902	3.835453
2.859399	4.524540	4.272440
3.338658	5.405413	4.766714
3.169591	4.230869	3.657009
3.555191	5.254063	8.295884
3.676862	3.149670	7.093966
4.785762	5.829581	3.944381
3.722506	4.761900	8.738702
5.540455	6.346583	5.819733
4.100306	5.062821	2.779569
4.487812	4.633497	3.545934
3.896930	5.734830	8.891032
4.056060	6.341013	7.904610
3.214168	3.091617	4.799741
4.624672	6.727577	7.446452
3.215391	5.286581	3.968815
4.810532	5.390298	6.019546
4.802490	5.553811	8.011701
4.155216	6.505712	7.387261
4.747760	5.483374	7.498585
4.353218	4.602023	8.567964
4.062564	4.782467	9.272230
3.162340	5.295481	4.397431
4.232821	4.814482	8.537610
4.089434	5.144144	8.441802
4.349385	5.549535	8.771708
3.653824	3.370768	6.332538
2.887948	4.197159	7.487757
5.029190	5.918693	3.847090
3.430634	5.589081	3.460845
4.465085	4.716518	8.125979
5.316874	6.711714	5.370317
5.040930	5.096066	8.117051
3.323040	5.097262	8.322732
2.206305	4.905627	5.877996
4.018310	3.589820	7.912296
5.122966	5.201443	8.101739
2.544023	4.137425	4.898830
3.676151	5.341561	8.869974
4.180896	4.048108	4.948214
3.516338	5.561405	4.755880
3.332173	5.270013	2.542792
4.001981	5.369126	2.659489
3.856687	4.039128	3.323294
3.343374	3.932202	3.593434
2.876317	3.553774	8.394518
4.872128	6.356602	4.099054
3.719387	5.250810	2.656959
4.951935	7.418592	5.516795
3.995707	4.299993	2.882814
4.418233	4.667991	3.267095
4.859891	5.106668	3.111937
4.688423	4.316200	6.022403
3.389812	4.666816	8.745270
4.903317	5.838052	4.802701
3.028320	4.868633	4.951067
3.516775	5.700864	7.835590
4.559455	5.983161	4.100504
5.136640	5.583231	6.581428
3.264057	4.588466	8.130532
5.189214	5.317689	5.001183
4.056567	5.345654	3.822369
3.486889	4.567519	3.156838
3.990071	5.286246	2.970209
4.156574	5.307769	9.076142
3.367481	5.592543	4.285553
3.912249	6.423062	7.013952
5.002579	5.898827	4.090826
3.438619	5.223486	9.035274
4.266049	5.444013	8.621459
3.228755	4.791991	8.427112
3.434540	4.225299	3.073064
4.744102	4.693548	5.555309
4.609835	6.069460	8.012094
2.371193	4.008703	8.386978
3.644695	5.574328	7.662790
4.042277	4.112768	3.987574
3.523017	3.793420	8.036572
4.357149	5.130680	3.005516
5.194831	5.466268	4.725691
4.100510	5.526865	3.387133
5.328222	6.458688	7.348106
3.432803	4.712391	8.540299
3.396738	5.216631	8.810370
4.782685	5.952528	3.802761
3.522735	4.796631	3.333826
4.224438	5.086417	8.778448
3.015007	4.417505	4.009837
4.141361	4.445210	3.686168
3.357965	3.846532	3.660063
5.394512	6.317153	7.714365
5.150377	5.344604	6.604630
4.800380	5.807265	3.018316
4.238886	4.964823	3.292161
3.686773	5.084077	7.680994
4.171271	4.655761	3.157685
3.874467	5.615908	2.845333
2.551064	4.297862	7.736774
4.815780	6.937709	4.807646
5.204605	5.734177	7.751122
3.833489	5.024142	9.082767
3.451924	4.963122	3.454960
5.454736	6.104722	6.922664
4.999946	6.079553	5.577786
3.972295	5.054602	2.934621
2.979211	5.336746	6.960570
3.676779	5.196816	8.966809
5.244992	6.190037	6.254646
2.714598	3.375604	4.265245
4.206956	6.491603	4.915156
4.807467	4.995671	3.485108
4.052206	6.286581	3.872107
4.439009	6.332054	7.203773
4.402549	5.836477	3.619210
3.769481	4.436728	3.863001
4.035675	5.336342	8.533717
4.235947	5.174703	8.634933
4.113458	5.336497	2.979688
4.299613	6.448947	5.861154
4.267006	4.853759	3.755943
3.541526	5.939888	6.851722
4.714422	5.453763	8.122857
3.931625	5.000978	3.206871
4.162037	4.986704	3.537892
4.945555	4.978925	5.161774
4.637888	3.752086	5.340726
3.434335	4.391180	2.948587
3.711735	5.557198	8.527312
3.584750	5.351577	8.693616
5.272218	5.737147	5.750641
4.315017	3.898765	6.827425
5.239743	6.732811	6.128119
4.044557	5.021323	3.177797
3.147535	4.313453	8.191841
2.838560	3.983845	4.245252
3.824385	4.762640	3.283527
3.156517	5.248758	7.791105
3.856072	5.297711	3.108932
3.172548	3.908381	7.232920
4.115628	5.615700	3.794593
4.003809	5.320658	3.431366
2.688808	4.402811	4.112388
4.790870	5.273941	2.998258
3.002527	4.769576	6.944510
3.777069	4.720523	2.996134
3.823188	5.673729	7.706164
3.351894	3.998847	4.403795
4.410015	4.691510	8.908179
3.635733	4.278466	2.846358
3.712073	4.923350	3.068567
5.273769	6.423679	6.060577
3.715076	4.056484	3.548092
4.573719	7.043285	7.154168
4.139876	5.125323	3.561276
3.459951	3.514315	7.417998
3.412333	3.994951	3.452159
3.536229	3.852555	3.625596
4.569248	5.455910	9.016814
4.069543	3.471776	6.847197
4.541614	5.297903	3.123308
3.634089	4.404269	8.782410
4.560969	6.207271	3.599764
3.004331	2.728205	6.066697
4.517571	5.765980	8.469197
3.107177	5.092318	8.696808
3.328579	3.720991	4.026856
3.485028	4.514707	4.320403
5.387976	5.567808	5.438094
3.657124	5.323099	3.099253
4.798023	6.014621	3.915700
4.193821	4.903522	8.920688
3.018914	3.836234	5.287681
3.752436	4.025817	7.532336
4.055080	6.019659	7.782021
3.826425	5.882826	4.620569
4.125191	5.217712	2.943181
4.149870	4.838269	3.806384
4.031181	5.624437	8.401943
4.012046	4.585751	7.850707
3.514799	5.185296	3.431550
4.010022	4.220997	8.418964
3.759837	5.068815	9.123088
4.359393	5.035080	9.044228
4.238525	5.930429	3.929927
4.239009	5.279053	9.417181
5.198113	4.884426	5.530253
5.051302	6.776140	5.661527
4.757708	5.099481	8.112428
2.945987	5.596571	7.232162
2.964103	3.480225	7.769765
4.875349	6.767382	5.330590
4.595659	4.250815	6.375328
2.360545	5.142333	5.376397
3.964566	5.360897	8.818889
2.977695	5.613662	5.368876
3.607071	5.008783	2.828039
3.133206	3.332138	5.641498
3.948503	4.592634	2.947903
5.240141	6.952233	6.879218
3.847539	5.607754	3.250403
4.857301	4.732705	8.072123
4.563604	5.222899	8.624863
4.674721	5.710925	8.804310
3.904350	5.352834	9.125619
4.733444	5.318716	2.946517
5.438393	5.150412	4.936370
3.906891	4.794678	8.901468
4.671036	5.440441	7.926921
3.349345	4.663160	2.984030
4.157304	6.699322	6.263505
4.866277	4.458116	4.994816
4.746190	5.245856	8.439951
4.304054	4.985432	2.779413
3.352073	4.441878	8.823602
3.113218	5.315575	7.497252
4.346449	6.874103	6.183258
5.304065	5.965623	6.707350
3.581234	2.900772	5.662834
4.839733	4.540005	4.284299
3.585002	4.015340	8.671497
4.299164	4.549931	3.103659
3.970418	6.075948	6.877310
4.423689	3.482466	8.387187
3.423695	4.682635	3.718289
4.671565	5.129214	8.837054
4.773669	4.825653	6.982356
4.081585	4.506133	3.433841
3.940038	5.892584	8.778711
4.963271	6.124941	5.275886
4.618470	6.391669	5.495575
3.760248	5.941395	6.252423
3.438588	5.598785	3.996094
4.465419	5.997925	8.407509
4.073561	4.571407	4.016755
4.185809	5.145486	3.211617
2.638908	3.523993	6.126002
4.006290	3.383359	8.197731
3.187176	3.990594	8.140154
4.533516	6.584175	3.821279
3.994586	3.584215	4.099444
3.249316	5.485781	6.158474
3.827360	3.449647	4.518952
3.510272	4.818805	8.698041
4.141642	4.841128	3.080240
4.762286	5.616032	7.647241
3.488223	3.156470	4.483066
5.024083	5.875582	4.805459
4.553748	6.543547	4.294811
3.007501	4.628575	3.366608
3.020695	3.171564	5.718676
4.122699	5.713811	8.842520
2.760615	4.130325	5.494273
3.549637	5.178014	8.555919
2.488155	4.534407	7.202109
4.720552	4.248080	4.958307
3.129970	3.731891	3.609761
3.505725	3.795750	4.664126
4.765728	5.677590	3.998263
4.058018	5.105568	2.850487
3.772825	3.521534	3.746432
4.572716	5.803658	6.264589
2.966945	4.692020	7.671354
4.166939	4.209202	9.031142
4.023474	4.871430	8.917450
3.533801	6.382687	6.168009
4.546215	4.401892	8.260093
4.094124	3.580048	7.030306
2.939177	4.845075	5.272101
3.131225	3.413409	7.298437
3.194297	4.916013	3.060926
3.969638	5.042944	8.573762
4.913638	6.064693	4.223475
3.881061	4.573658	9.061970
4.283379	5.843624	3.758945
2.815657	4.426697	6.170624
4.307150	4.246294	4.047255
3.328576	3.951811	3.967931
4.449463	4.247909	3.885178
5.433493	6.119502	5.299605
4.517876	5.308366	8.753142
4.944302	5.158280	5.311530
4.906675	4.179010	6.383384
3.822823	4.778759	8.770975
3.279799	6.453571	6.298050
4.423144	5.829489	8.972431
4.584733	4.871491	9.349195
3.780201	4.763572	3.187893
3.549639	3.688755	3.660813
4.224047	5.422004	2.667002
2.780878	4.443203	4.702183
2.974096	3.620968	4.982149
2.765160	3.417295	6.215439
3.130180	3.804670	4.228412
4.292244	4.932143	9.367816
3.546689	2.393705	6.212519
2.904799	3.311141	6.081007
2.508184	5.022409	6.796560
4.185787	3.455749	4.390983
3.874036	4.159098	8.425791
2.972161	5.516636	5.266332
4.296091	3.338548	4.903456
2.447236	5.334791	5.830651
3.185976	2.986864	4.275753
3.530620	5.012673	8.443283
3.514820	6.062826	6.055383
4.922137	6.325735	7.535749
4.127281	4.857633	8.624485
4.544898	5.702565	3.255987
3.281279	4.967046	9.422594
3.688648	5.148784	3.214434
2.580575	3.669173	5.524363
4.184479	5.252965	2.803586
4.558834	4.353957	4.361537
4.067398	5.730141	4.022105
4.952511	5.269674	5.783866
4.304319	6.658232	4.802977
4.029052	5.735824	7.978571
2.928476	4.759442	3.777196
3.969256	4.678633	8.562000
4.096651	4.410632	9.004993
4.467512	4.699399	8.759767
4.309602	6.604805	8.104763
3.236924	5.526100	8.661099
4.469367	4.340834	3.203712
4.025133	3.845427	8.279958
3.459641	5.228411	2.584270
4.417203	4.707280	3.268326
4.074972	6.537341	5.484797
3.794677	5.226754	9.055621
4.162153	5.192962	2.796061
3.921881	4.622977	9.411948
3.900544	3.707705	5.960263
5.376814	5.386817	7.572897
3.005824	4.427414	6.910990
3.791614	5.329087	3.337204
4.122029	4.699998	8.738567
5.186818	5.611802	4.643274
4.680929	6.302925	3.441059
4.138776	4.810373	8.613965
3.131522	3.271620	5.465419
4.654311	6.431370	8.218031
4.069269	4.510322	8.899882
3.420663	5.348510	3.430593
4.416879	4.900038	8.742608
3.965629	5.487807	3.095720
3.894744	4.775742	8.972489
4.211622	6.136256	8.033656
4.828558	5.342350	3.794405
3.066539	5.282986	4.532554
4.008240	4.378184	8.351535
4.105741	5.648527	6.965478
3.682733	4.830082	3.288657
4.949795	5.443754	4.241794
3.734828	5.158839	4.120904
3.476504	5.181951	5.737256
3.965984	3.583262	6.382521
3.196366	2.853954	6.817728
4.335431	4.689076	4.064666
1.755497	6.057097	6.319061
1.142047	5.324158	6.099931
4.213659	2.277048	6.166494
6.684281	5.489681	6.379345
5.184854	4.183440	5.067405
7.085735	3.992418	8.792548
5.932156	8.017356	6.604093
2.859259	1.261373	2.600115
5.224890	5.658649	6.626624
7.787145	2.367161	8.740044
0.782667	2.321758	8.450792
7.952880	5.809793	7.578140
7.470645	2.200560	6.897145
7.991341	8.920492	6.897082
5.478135	4.299948	4.403451
5.674772	6.552546	3.748544
4.033322	4.682765	9.288086
5.265243	8.644103	4.608578
5.635225	6.830510	3.749327
7.809137	7.793946	7.419498
0.185978	1.561425	6.541636
7.361928	4.858120	5.311712
3.456180	1.782480	7.003931
3.338664	1.695435	9.852884
2.191238	2.008496	3.893418
5.720357	8.727626	5.125255
7.123428	3.621258	6.830152
7.513813	6.671780	6.907720
2.775756	3.036408	6.189224
7.587105	3.871786	6.628911
3.942844	1.833271	4.644164
5.993584	5.714377	4.769005
1.577611	5.126475	7.935858
2.787706	5.622097	5.228836
7.009945	7.976394	7.154607
0.711355	1.098810	4.281220
3.347581	6.135249	7.751726
4.566047	7.190217	2.815675
5.406152	4.139688	8.183281
7.083162	1.468015	3.201732
5.525618	2.235380	5.900205
1.091237	5.727439	6.308487
3.262577	2.737712	9.157366
7.472854	8.249088	3.926843
7.436147	4.782034	9.982004
4.720772	3.578648	2.953913
7.326384	7.382772	2.569893
3.492675	5.463441	2.149213
2.965683	7.587065	7.476106
2.666269	1.188776	9.077680
5.685914	5.059907	2.750709
1.747348	1.443507	5.577081
3.418527	5.115575	6.413522
7.944240	5.515695	7.910647
5.544578	3.830030	3.097976
3.574190	5.375676	5.109732
5.539693	6.213379	5.044353
2.396018	5.314415	3.587157
4.083987	8.191872	6.939137
1.351853	3.041179	6.751721
2.695094	3.982144	7.330106
4.003906	5.970880	7.470434
2.618137	8.640243	6.348956
3.608198	7.393253	3.816160
7.494510	8.270243	2.738428
1.269564	1.695684	4.027945
0.852891	3.270722	7.464236
0.287624	1.294038	2.214908
6.044893	4.751258	9.308929
5.449051	6.977418	9.544281
2.506786	1.248931	5.803032
6.566195	7.364034	9.653268
5.893291	2.737220	4.902320
0.744908	1.893587	6.517226
2.520940	8.218451	2.312185
0.510739	2.386719	3.519910
6.670258	6.022108	2.164908
3.778952	4.705426	9.693858
6.508796	4.589215	3.482568
6.240254	7.676002	7.467014
1.738739	6.108199	6.561393
6.548528	2.123024	9.924617
5.727154	7.960056	6.180658
4.126028	6.856904	4.311390
2.635516	8.136682	5.110784
7.366710	5.581367	6.211190
0.881237	8.960073	5.088261
6.156972	6.610753	6.124855
7.524875	2.092415	3.838999
1.815391	2.076160	9.012557
6.818570	4.158275	7.712765
2.145945	3.290381	9.850207
2.301084	5.084498	8.826857
6.528758	1.858045	6.201935
6.552809	1.648490	3.489143
2.935326	5.576242	4.787942
7.472687	6.016684	4.827983
7.256045	5.029707	7.354482
6.975607	2.386896	3.508732
7.831540	1.939805	5.276144
