3.645800	4.803974	3.799362
3.441176	4.577521	8.572783
3.024366	4.114552	4.220557
4.224737	5.964696	3.348690
4.572757	5.887947	7.719905
4.130026	5.294156	9.094110
3.815004	3.944799	9.143768
4.915344	5.701608	3.123927
4.517141	6.494659	4.481262
3.261321	4.615302	8.100237
3.039527	4.735892	8.525333
5.670086	5.924884	6.224395
3.562646	3.384531	4.493388
4.391146	5.155888	2.933139
4.926899	7.455782	6.230204
3.640524	3.444952	4.001680
3.505979	4.714281	9.001387
4.651233	5.934102	4.056085
4.184813	4.757609	3.029236
4.089869	4.984333	3.001539
3.566881	4.936633	3.108655
3.237995	4.191730	3.974196
3.413394	5.620606	3.330293
4.992056	5.897213	4.087731
3.500950	5.625812	4.225013
4.522906	5.163115	3.059051
5.245998	5.957121	7.325374
4.744386	4.935775	7.514310
4.218200	5.316661	9.069728
2.857498	3.726739	5.354221
3.746758	4.676920	9.039666
2.591218	4.143474	6.715358
3.933389	4.865567	2.654856
3.533131	5.003921	9.006067
4.005607	5.246003	8.906267
3.627663	4.209393	8.701288
3.676920	4.536673	8.705152
4.152197	4.960589	3.032373
3.452175	5.511839	4.130844
3.479964	4.258381	4.162299
3.026023	5.462096	8.340293
3.771335	6.886747	5.445609
4.603465	5.418101	9.126519
3.914693	6.459914	4.669932
2.992057	4.466260	3.790536
2.631751	4.152320	4.369691
4.645624	5.011951	3.005313
4.579080	4.983286	8.861680
4.014420	3.853518	8.106135
5.263368	5.919218	5.234736
3.642811	4.777177	3.238960
5.478063	5.818238	6.394372
2.761603	3.143748	4.931580
4.334156	4.811604	3.702020
2.709754	4.389162	7.214691
3.234695	5.093089	3.899366
4.035490	4.829758	8.787186
4.418961	5.372649	8.508398
3.763706	4.670871	8.762180
4.727344	5.829848	8.399364
4.041626	4.755175	8.773872
2.816954	3.389055	6.514757
3.553066	3.713161	3.153816
4.078269	2.657926	6.479366
4.111360	3.533918	4.471196
3.693462	6.016606	6.907369
4.116956	6.099849	7.829144
3.467528	4.671329	3.820652
3.317628	4.560734	3.465647
3.744316	4.267046	3.862461
3.876674	4.832651	2.874974
4.990608	5.963634	4.458848
4.719171	4.443873	5.495873
3.997443	5.167717	9.094613
5.129673	6.851652	5.355895
3.340843	5.627469	4.235348
2.565332	3.229356	6.699819
3.819008	4.314960	3.232392
3.933478	4.972939	2.985633
4.631114	5.243058	2.877366
3.457313	3.200939	4.809241
4.759144	4.706411	8.174530
3.718493	6.080386	6.571923
4.010099	4.698648	3.148048
3.383843	4.441058	3.350909
5.110524	5.035728	4.252073
5.488479	5.407669	6.719562
4.049336	4.809751	9.093607
5.311792	5.100653	7.499268
5.472787	6.472505	6.379813
4.303935	4.325497	8.091357
3.397934	4.790768	3.289022
3.289252	3.411310	5.480928
4.381204	4.580826	2.991824
4.548295	4.945740	8.539899
4.262272	5.170556	2.731419
2.678344	2.917882	6.256663
3.254847	4.323853	3.448464
4.026091	4.536886	8.711864
3.952096	3.332566	5.348745
3.224469	5.188412	5.262720
4.302093	5.882557	8.586470
3.643137	5.610854	7.079925
3.389152	5.799443	4.756105
3.878481	4.293167	8.716253
2.759607	4.896585	7.674447
2.501903	4.019049	6.186038
4.571375	6.008073	3.616648
3.645500	4.931337	3.156979
4.072157	6.154985	4.130831
3.609932	3.417926	8.063251
2.837454	4.439369	5.288342
4.359252	5.145699	3.421530
3.952388	4.627862	9.230540
4.474109	5.275485	3.643830
3.981885	5.588001	8.696011
4.620068	5.882993	8.141504
3.024477	4.224135	7.971421
3.897769	4.969187	3.336882
4.301205	3.961787	6.791994
3.979800	5.396124	3.409743
3.896680	6.082934	3.843722
4.518815	5.132979	3.185102
3.757214	5.661217	8.749902
4.491421	6.596826	6.792571
4.069870	5.285351	3.040423
5.213075	6.625584	7.033491
3.520837	5.242621	7.480895
4.662072	4.856417	8.383126
3.188452	5.000448	4.538511
4.767018	6.006386	8.010074
4.467253	4.707289	3.750829
4.561311	5.730442	2.871171
5.177575	6.492043	7.983365
3.988997	5.081880	3.115070
3.929498	5.482684	8.063861
3.902626	4.849328	2.950651
4.185190	4.917055	3.129598
3.855204	5.569474	3.492305
3.803721	5.154040	3.832456
3.605245	4.959794	8.953800
4.912856	6.714451	7.144209
4.905855	6.671525	3.994113
2.581163	3.352776	4.474928
3.792462	4.247948	9.027510
3.743390	5.016941	9.064137
5.103278	5.140708	6.296508
4.047908	6.446577	8.459173
3.404482	5.574489	8.151776
4.120519	5.439381	8.719175
4.569302	4.160728	3.771351
3.672070	4.457369	8.706139
4.898605	7.143637	7.442632
2.991666	2.983647	5.780353
4.523963	5.648531	3.733910
3.063941	5.534711	5.607260
2.826253	4.988936	5.383840
4.766669	4.404079	7.330336
4.853384	4.865439	5.081465
4.628241	5.002430	4.796967
4.768330	5.798023	3.802102
3.887954	5.427880	3.164559
4.652178	6.991258	6.294096
2.722555	4.003908	5.581879
4.253343	5.914030	8.692216
2.889922	3.345499	4.661478
4.188432	4.895738	3.520147
3.675084	4.801408	9.009860
3.005314	3.813269	4.071955
3.703219	6.303788	7.745189
3.151545	3.738726	7.586997
3.579984	6.087061	3.383117
4.193116	4.690272	9.062990
2.844558	4.230047	4.312504
3.492916	3.589454	8.117943
3.532503	5.861217	4.270034
4.165167	3.406853	6.125540
4.350499	5.357531	3.141902
4.070149	4.292506	8.102984
3.275082	5.329805	9.094233
3.479514	6.179609	5.817508
3.911743	6.376652	6.938353
4.866280	5.519397	4.495355
4.144817	5.043157	3.169755
5.183523	4.941645	4.598472
3.605040	4.926040	7.806828
3.451955	3.973658	3.910237
3.683677	6.019937	7.886495
3.703387	4.379821	8.382335
3.092412	4.404136	7.121260
2.656917	3.168493	6.067037
3.790066	3.929355	8.183460
3.771766	5.987193	9.323282
4.121773	4.985039	8.813445
5.032791	6.134567	3.660836
3.544701	3.275876	5.612619
4.097710	4.761218	3.108273
4.574439	4.999230	9.087264
4.382982	4.532815	9.547727
2.496960	5.083001	7.219437
3.076080	3.874970	8.204778
4.599240	5.641631	3.104231
5.009179	5.737510	6.760890
4.302503	5.784926	8.333900
4.068116	6.037496	6.374514
4.427475	4.007257	4.138108
4.691794	6.859417	5.914227
3.849424	4.705049	3.127224
4.999305	6.489808	7.235712
3.795435	3.145795	6.998882
3.876582	5.727784	8.626600
3.292152	4.365867	8.882123
3.863132	5.118630	2.845253
4.510983	4.053856	5.767368
3.602747	3.504145	7.675194
3.808458	4.835736	8.870352
4.460231	5.446814	8.938065
3.189528	5.272778	7.314328
4.845785	4.450504	3.793299
4.414676	4.446130	2.935007
5.520346	6.849621	6.130447
5.032886	6.299103	8.402686
3.345886	4.689045	8.147434
4.019614	4.623567	8.977765
4.086588	6.420386	6.633685
4.067291	5.167420	8.854496
3.966882	4.469706	3.026202
3.693523	5.850798	4.036339
4.796630	6.556448	4.570804
3.997418	3.522744	7.080064
4.288167	5.537307	2.655772
4.385019	5.966539	8.013718
2.749595	3.909570	7.479694
4.634569	6.664940	5.355655
3.482990	3.962400	4.377816
5.555251	6.292936	4.399308
4.962861	4.397590	7.557887
4.162985	4.722337	8.880291
3.130340	3.340260	8.263506
4.237994	5.449736	8.868045
4.146428	3.832821	8.453945
3.464042	5.110292	3.733196
2.885086	3.626278	7.277492
4.020438	5.583817	3.648188
5.494273	5.369690	5.877207
3.248134	4.583307	8.161969
5.111659	6.715253	3.793500
3.231282	4.834744	7.689875
2.574494	3.796592	6.000597
2.632868	4.550978	4.929110
3.674608	4.939260	3.096504
3.206846	3.266575	6.425632
4.922734	5.362834	4.462549
3.786229	4.776694	3.976938
4.600449	6.014629	8.117654
4.871139	6.824182	5.365740
4.194970	4.461671	7.236322
3.943389	5.285758	3.542670
3.454797	4.107477	3.715530
3.048085	3.209682	6.655702
3.119072	5.036218	4.561808
5.636291	5.971919	3.894733
2.734656	4.997361	6.100037
2.868470	3.909205	5.760333
4.433712	6.180388	3.249904
4.499054	4.586374	3.073366
3.600225	4.291864	8.566554
4.424547	4.442564	5.483363
4.097138	4.874803	3.122823
2.894262	4.261439	8.494328
3.845488	4.880578	3.024045
2.926424	4.377520	4.203531
4.941771	5.903420	8.210313
3.761149	5.059289	2.957102
4.307910	4.584732	2.968759
4.201331	6.079055	8.116647
4.460940	6.201450	7.335582
4.756505	5.848298	8.438198
4.475807	5.089310	9.231432
4.818072	5.445483	8.387546
3.930521	4.949921	8.906864
4.434044	6.208964	7.451266
3.350869	4.682326	7.455548
4.392308	5.012563	2.924126
3.569184	5.297417	2.384366
4.511486	4.995504	9.133446
5.298093	5.772617	7.581379
2.834763	5.075063	5.073620
4.395438	5.174432	3.358455
3.866692	5.663714	8.884557
4.812024	5.211603	3.349011
4.255701	4.806905	8.963949
3.897783	3.574636	5.846842
3.461084	4.444221	8.844591
4.754664	5.233573	3.698780
2.980651	3.973685	3.770645
3.345453	3.413403	7.269225
3.468059	3.749782	3.899695
4.550781	4.000754	4.971493
3.493063	6.542392	6.241788
4.768300	6.311879	4.219309
4.441163	6.323945	5.686619
4.798844	4.105123	8.630266
4.035675	5.767279	8.512139
4.067678	3.901322	8.541589
3.194751	5.072001	6.661249
4.530662	3.814298	8.076024
4.036281	3.655807	5.822458
4.148211	6.857233	7.637871
4.264151	4.918790	3.063766
3.437284	5.379273	8.517140
3.333251	6.367465	5.426291
2.439591	4.441718	4.075475
3.837268	4.800717	2.565925
4.075202	5.205918	3.238966
5.160841	6.717676	4.819054
3.937824	5.122975	8.928990
3.127314	3.913236	7.952462
2.799184	3.731004	4.086575
3.594768	3.345705	7.399736
4.402400	5.592017	8.891255
4.493741	5.911997	3.116365
2.603599	4.600349	6.248649
4.881227	6.167147	5.654326
4.280757	5.178684	2.884776
4.459883	5.396960	8.794218
3.150893	2.910631	4.734815
4.710066	6.498932	3.458619
4.211945	6.258843	7.436392
5.095035	5.305461	3.584386
2.975517	5.334107	5.111194
3.232783	4.260596	8.766962
3.608246	6.144789	5.576177
4.280402	5.475038	3.458358
3.925512	5.245160	2.999228
4.764330	5.036600	7.794330
3.619806	4.508746	3.164888
3.467365	5.915555	3.139398
5.516199	5.810162	5.978409
5.226335	6.737944	7.754315
4.247386	4.007367	5.855409
3.594226	5.460650	8.954731
3.998608	5.332825	8.278739
2.541295	4.175510	7.168675
4.131776	4.842234	3.370249
4.099426	3.619666	3.872637
4.038062	5.214338	3.150946
3.891064	4.836589	3.249392
4.583072	4.196012	4.524717
4.580938	4.040881	4.032516
3.048877	4.090182	6.174197
3.545624	3.418611	4.475593
2.846813	3.813133	5.204522
4.889446	5.387446	3.079482
4.052069	5.036270	9.385672
2.324391	3.789647	7.194065
4.079994	3.840694	4.931330
3.312257	3.233269	5.888477
4.818386	4.177319	7.910431
3.881529	4.433583	2.835738
3.471620	4.141700	8.138654
3.409941	4.598617	9.029690
3.808415	4.137185	8.345045
4.602843	5.043700	8.761083
4.525551	5.061074	7.700692
4.262653	6.627648	5.365919
3.775450	4.356009	3.256449
3.970080	6.528418	4.651062
4.063096	4.907429	9.186894
4.094054	5.123682	3.269590
2.798832	3.988405	5.186907
4.024047	5.035900	9.011027
3.479904	4.784227	8.654928
3.673374	3.699101	7.366806
3.460617	6.143924	7.699733
3.501896	3.761640	8.160344
4.651983	4.708188	3.083666
3.560814	5.028153	8.308312
3.325931	3.542473	8.148772
3.557732	5.503353	4.209750
3.683454	4.551060	3.758957
3.829093	5.144745	3.389330
3.482747	4.841791	9.413512
2.873222	5.467920	6.638468
4.948144	6.120894	3.494205
4.100023	4.092242	4.592420
2.655041	4.214198	7.496788
2.840163	4.526851	6.831540
3.834055	4.665164	8.718671
4.972702	5.960546	4.006531
4.096453	4.810472	2.988524
4.280361	5.231488	2.800100
4.488431	5.110905	9.085913
3.855466	4.851354	3.070646
3.559385	5.665198	7.530893
4.485141	6.600298	4.654862
4.218636	5.229982	3.089062
3.983680	4.802275	3.231804
4.741840	5.260771	7.167442
5.031511	4.649014	6.527204
3.958038	4.940023	3.799808
5.598507	6.311222	7.154781
2.800088	4.385691	4.847476
3.079531	3.957356	6.637720
5.455439	5.782750	6.023717
4.784390	6.544279	5.424501
4.651055	6.899465	6.034192
3.626437	4.562120	8.645399
4.138754	5.462491	9.126549
4.381474	5.393676	3.233481
3.195063	5.269984	5.560989
4.936419	6.068678	3.447855
3.082550	5.751883	4.800325
3.867932	3.690934	9.354245
3.624852	3.859580	8.806582
4.613520	4.788194	3.404166
4.873480	4.245560	5.988044
3.605236	3.946891	8.049379
4.577468	4.829033	8.569668
4.122272	4.611486	3.132059
5.125766	4.903293	5.700754
5.149087	5.673585	7.386727
3.685980	5.283191	2.858099
4.353324	4.504508	6.651181
4.376000	5.706459	8.472385
3.810131	5.200872	3.856978
4.150516	4.374243	3.422686
4.396537	6.042561	7.888047
3.714772	5.281524	9.457456
4.725035	4.382815	4.551458
4.635123	5.983421	3.296210
3.905750	5.781789	9.206311
5.567155	5.836666	4.853758
4.635009	4.364931	6.732092
4.012023	6.297952	3.518013
2.583914	4.111946	7.443524
4.523828	5.544602	8.564950
4.005837	6.571880	6.240226
5.534001	5.720092	4.665335
4.468651	5.176404	8.735411
5.022992	6.460448	5.271090
4.103267	3.292993	4.510815
3.447771	3.932004	3.842196
4.016930	6.398732	5.314719
4.930394	5.366599	7.119456
3.669058	4.805477	9.039807
5.574147	5.728421	6.549047
3.201840	3.209804	6.609251
4.688720	3.736742	7.507317
5.308675	6.879279	6.427161
3.203687	3.384277	7.165579
2.993923	5.499523	6.176877
4.138601	4.786289	2.920633
4.696817	6.797346	5.145046
3.405107	3.903837	3.994358
3.560093	3.108992	5.675831
3.810640	6.503251	6.658199
4.500450	4.339518	7.829294
3.930351	3.697169	5.318444
3.612367	3.481012	5.869414
4.553686	6.540608	7.972046
3.911571	4.401305	4.372944
4.838403	4.708265	4.259477
4.934145	5.132096	3.887136
3.025622	5.238848	7.611179
4.639333	3.786413	5.479152
4.306708	4.803412	9.488367
4.665101	6.125338	2.819888
4.530169	5.127881	8.476881
4.745740	4.724923	6.554177
5.220691	6.643387	5.998074
4.944661	4.986323	4.597178
3.863186	5.231252	8.470914
3.849571	4.793443	8.892269
2.987127	3.932201	6.019177
4.169967	6.113484	3.155456
4.372720	4.210174	8.127213
2.699533	3.664760	3.979148
5.220761	6.687403	5.724918
4.374316	4.712847	4.069712
4.294579	5.454164	2.655123
3.878083	5.278802	2.881985
2.998414	3.283689	4.564891
4.093587	5.467268	3.269553
4.911562	5.058687	8.017361
4.533079	6.771492	5.408697
3.920864	5.121627	3.079407
5.027556	5.529493	5.334939
4.304602	3.791893	6.524389
3.718381	5.041414	3.563671
3.547170	4.889555	8.507030
3.925037	4.951277	9.086487
4.320301	4.287137	8.585965
4.360211	4.583227	8.594430
3.968761	5.837746	8.281346
3.179969	4.638324	6.816692
4.396138	5.979248	3.972656
3.923587	5.801717	2.950762
3.920610	4.641999	9.000554
3.171866	4.503437	3.623368
0.917576	3.112220	7.588141
0.356634	6.968247	8.322650
0.039361	8.390715	2.979393
5.738862	8.879863	5.631559
6.541222	4.126120	5.826152
5.618543	6.951011	6.752500
6.943936	2.171587	7.833901
7.704937	4.688963	8.981677
2.471394	7.895135	4.486925
7.284300	7.132268	8.768379
4.638349	6.782624	7.108250
0.536271	2.685782	6.820771
6.972862	7.605203	6.871631
0.879051	1.727848	9.493052
2.953059	6.114002	3.365687
2.320334	4.075632	6.016364
7.558987	5.480162	5.138168
7.787784	6.569819	4.069918
7.035967	1.178825	5.085236
3.362273	3.760394	5.086799
4.264464	1.769064	9.799277
2.774005	5.464693	4.432006
0.067957	1.463569	3.810398
6.776550	4.266876	8.228377
3.686653	4.813796	2.875713
4.744567	4.957109	7.129572
1.699524	7.230731	3.542914
4.086512	6.671779	9.141275
5.797411	8.074359	4.028962
4.121667	4.719240	9.969666
6.625824	8.999937	2.661889
4.719304	2.445204	3.264825
4.296890	8.076493	2.982121
0.125203	6.634584	9.287664
1.363669	2.528433	4.987717
5.366649	4.690932	7.802411
4.464353	7.022380	3.682452
3.107943	6.355843	2.364401
2.245695	2.649040	8.172289
0.681143	3.052565	2.892634
5.961954	7.255504	4.638129
4.950584	5.697863	4.006221
5.020367	3.900566	4.282163
0.054210	8.005692	9.330069
4.062339	3.046693	7.048119
5.605983	7.926174	8.928730
7.075481	8.710712	5.309212
0.796492	1.160798	3.721775
3.703630	3.401123	3.340989
4.274919	2.239701	3.043720
1.201870	8.311769	2.338305
1.872532	6.211345	4.125155
1.198989	1.881226	2.255753
4.889029	5.886792	3.247884
3.098572	1.022241	3.641793
5.770916	7.071048	2.191586
1.181180	8.069282	5.872838
5.154820	5.079129	2.797251
5.887584	1.648746	3.594421
1.942458	4.890715	7.546068
4.547793	2.060169	2.305703
4.723951	6.192886	6.951319
4.861302	7.414226	8.225188
4.995730	1.849313	3.684532
4.956859	7.145851	9.287875
2.530333	6.978525	9.592916
3.664404	3.768359	4.983777
1.021010	2.207997	8.630982
2.475670	5.676999	6.450299
6.459345	2.508959	3.581411
6.001179	4.353030	2.483477
0.290031	5.472322	2.780594
0.004435	2.568343	8.266728
0.802577	3.130814	5.601957
6.710141	8.851833	9.837133
1.787297	1.449059	7.876613
4.598494	4.397868	8.793706
5.981471	8.458485	3.933163
6.632788	8.499745	5.466306
0.457019	6.572484	9.963190
2.593322	4.704025	3.340550
2.775309	8.097878	7.638827
2.108810	8.212399	6.930405
0.650828	2.330944	9.437854
4.900842	5.411768	8.573589
5.557437	1.634619	2.499919
0.002805	7.251413	3.352083
4.649274	3.095768	2.721058
4.318403	1.505428	8.530120
4.929144	3.198298	5.427785
2.659794	8.519828	6.056371
5.303935	3.420968	7.879126
4.317097	2.128843	2.617849
1.219252	5.865181	6.043099
7.260214	4.138189	3.346534
4.045194	6.236643	4.455541
2.547282	5.249846	8.164614
2.107251	5.988280	8.299568
7.200189	7.787390	2.608326
3.927005	5.966430	8.941456
0.558438	4.538415	2.307933
7.175066	2.890690	2.040465
5.027105	7.402468	5.503199
2.387470	1.218006	4.440379
7.835435	6.685633	3.797449
0.968244	2.752535	6.969794
6.829820	5.491107	4.654569
4.726026	8.982039	6.919541
7.069112	8.474401	5.758822
3.022301	2.490585	5.766209
1.335629	2.132710	5.875348
2.664662	5.638875	7.926553
6.762028	2.401243	5.493679
5.854753	6.994699	7.065622
0.668567	4.757827	3.468195
3.356105	3.047173	2.565383
7.801383	5.735192	5.925763
2.778949	4.375032	6.034821
2.096708	4.917043	5.702329
2.019259	4.199757	4.199624
1.947212	6.169170	7.065349
2.443272	4.987159	8.238895
3.122570	1.046902	5.659423
1.392406	4.344797	4.164563
4.189273	2.327212	4.778979
