3.410416	3.610977	7.914136
2.867113	3.626088	6.075978
4.445217	5.934323	3.990453
4.730289	5.428311	7.719578
4.446786	4.001521	7.539707
4.068458	5.025812	3.264841
4.169103	5.622505	8.809853
4.703472	4.152026	7.881531
4.174093	5.158469	8.932941
5.384870	6.092164	7.298971
4.489100	6.272231	3.534523
4.176529	4.340330	3.811344
3.666865	5.742041	3.437465
5.095900	5.418304	4.077264
4.956513	5.183786	3.268416
4.278471	5.403865	3.113589
3.683628	5.834603	4.523677
2.992876	4.028688	4.273510
3.661945	3.457519	7.359023
3.166373	5.212655	7.454448
4.569890	4.705679	3.859808
4.755452	4.698989	5.988062
4.178075	4.253274	3.435819
4.763482	4.476222	7.216815
3.013625	4.507276	7.709803
4.638878	5.019016	5.485889
3.363114	4.814359	8.090011
4.167000	3.984698	8.463370
5.069990	6.243245	4.694623
2.965108	4.174039	3.299862
3.941232	5.244582	3.045036
3.483348	3.782669	9.033383
3.417049	4.529960	8.707518
4.301383	5.086171	3.232528
3.297461	3.541610	4.264802
3.568289	6.712406	6.194351
3.876652	4.299813	8.398717
4.945851	5.055913	7.142866
3.537519	4.404686	8.315832
3.822855	4.863738	3.235221
2.567445	5.095971	5.793174
4.372739	5.154053	2.601478
4.445507	5.898614	3.161927
3.270694	5.464563	5.221805
4.263464	4.720744	9.027694
4.793297	5.787080	8.014552
4.018831	5.968975	3.700049
2.733362	4.928385	7.214251
5.391117	5.281704	6.001861
5.333795	6.728119	7.354148
3.586789	4.449853	3.071496
4.263276	4.687466	3.415660
4.676391	5.415827	3.663394
3.002690	3.194922	6.575214
3.986595	4.407503	9.171917
3.984666	4.891159	8.680098
2.608582	4.512595	6.973407
5.022033	5.290889	7.718524
2.916979	4.598316	5.597010
3.879631	6.442149	4.937498
3.814369	3.397345	7.387726
3.748283	3.362545	4.519159
2.812783	5.958948	6.321006
3.421028	4.571212	8.452350
4.357643	4.085050	7.039306
3.848494	5.325625	3.158836
3.081029	4.376838	4.474763
4.713955	6.359508	4.050766
3.557419	4.158833	8.589210
4.770462	4.821715	3.887600
5.204104	5.116497	4.129882
3.382293	4.477286	3.573304
3.456300	5.625868	7.307991
4.299548	6.924081	4.616429
4.764687	5.760722	7.677836
4.142990	4.373860	3.393308
4.548772	5.594259	3.111883
2.499507	3.506731	6.198917
4.649209	5.687934	7.480880
4.287456	4.559015	3.053226
3.977394	4.627894	3.195679
3.973888	5.510357	9.618519
4.384091	4.076861	5.930676
2.830014	4.564279	6.662366
3.940239	6.067678	8.429697
4.028956	4.920366	8.583467
4.673731	5.548744	8.705317
4.216242	5.205714	8.911307
3.261449	5.211453	7.746941
3.636654	4.295759	3.463587
4.819305	5.963133	4.057027
5.163619	4.741800	7.538217
3.208448	4.244740	4.055303
2.718963	4.031747	6.240946
4.528505	4.090099	8.327958
3.876180	3.184935	4.960622
3.848463	4.911253	3.036988
4.133752	5.240214	8.753275
2.417136	3.499115	6.193195
4.340253	5.370839	3.065964
3.943235	5.879602	4.522086
3.918343	6.214752	5.944930
3.675099	5.568453	8.055701
2.809433	4.071532	4.709237
4.229355	3.972531	3.357719
3.551035	5.175295	8.930862
3.991831	6.479309	3.565079
4.023796	3.842341	3.485547
5.573801	6.187988	5.056273
4.299232	6.386060	6.483709
3.009804	4.417181	8.284897
2.845985	4.554577	4.519086
3.315764	4.334124	8.252734
3.770983	5.864762	7.546181
3.993796	5.003608	3.044464
3.765275	4.539525	3.424861
3.089871	4.294153	3.843837
5.448164	6.170029	5.733898
3.490621	5.226446	3.487489
4.357160	4.564574	3.109777
5.349814	5.967043	6.720517
3.213255	4.308475	3.396135
4.465532	3.934669	7.344230
5.468559	6.302886	7.618826
4.163335	5.068776	3.100444
4.104732	5.099285	3.142110
3.790162	5.107045	8.889640
3.000845	3.502966	7.349959
3.364825	4.356304	8.505875
3.528615	5.046447	3.328434
4.010997	5.531919	8.804260
3.495185	4.998037	8.224361
4.106390	5.014698	9.634671
4.670332	4.297035	6.304055
4.707069	4.532168	4.729086
3.348571	4.292989	3.381345
3.785929	4.776310	3.007179
4.276162	5.886228	3.581034
4.690235	6.577127	5.763814
3.980043	4.961356	9.203153
3.108587	3.283043	4.367994
3.938701	5.281026	3.292861
4.444655	6.205526	8.656821
3.193177	2.795157	6.461765
5.358913	6.467101	7.342075
3.777419	4.478599	3.413506
3.344873	6.465160	6.329265
4.550187	5.965943	7.788680
4.288476	6.652512	5.407205
3.239323	5.384756	7.246355
4.410563	5.596857	8.481775
3.275582	3.909249	4.994171
5.503126	6.689818	7.392722
3.611359	5.120787	8.968121
4.741858	6.894075	5.573490
4.194605	4.890340	3.612743
5.039951	6.260488	6.546302
3.577406	5.849594	5.547436
4.009131	4.741970	3.153899
5.013687	5.319027	4.731498
4.533461	5.167291	8.943379
2.823262	4.082221	5.767347
4.127163	4.847609	8.856854
5.388818	6.249293	6.305032
4.686207	6.016270	8.362562
4.476609	5.715749	8.858467
4.053685	5.394224	8.532072
3.863420	4.790642	2.787862
5.188693	5.386098	4.430136
4.208833	4.649191	3.373370
4.850281	5.022154	3.396706
4.201815	6.657462	5.665351
4.528881	6.856428	6.580068
4.043520	4.727111	3.199483
3.571207	4.658967	9.013758
4.584716	4.280022	8.349626
4.298227	6.745319	7.316691
4.255411	3.899172	8.004301
3.458425	3.697609	6.307843
4.282183	4.828755	8.796073
4.184686	4.955375	8.771178
4.066320	3.813581	8.218260
3.767068	3.541753	6.268860
3.903891	5.126635	8.835699
4.477018	4.885137	8.415490
3.625691	4.885037	8.555363
3.479764	3.108184	6.398066
5.419570	5.990350	7.754547
3.105347	3.905030	8.042066
3.584708	4.749116	8.366261
2.844930	4.221839	8.320925
4.176432	5.703463	3.385784
3.343214	5.802452	4.876417
3.788342	3.803845	6.871422
3.888422	4.235202	2.756730
4.531806	3.990169	5.296121
4.620325	4.017490	7.897993
4.064213	4.889569	9.422957
4.845204	5.307189	3.092980
4.091292	5.546944	9.262957
3.253273	4.795062	4.008786
4.598159	6.513527	5.110894
3.851543	3.997629	8.077625
5.430938	5.669119	5.778568
3.532131	5.440815	4.835465
4.998991	6.155187	3.745417
4.271107	5.923837	8.116495
3.039343	2.900615	5.603708
3.413370	4.142610	4.861210
3.704106	5.401276	3.405535
4.007666	5.843253	8.705949
3.231306	6.240812	5.809224
5.075191	4.897190	3.986858
3.173209	3.748767	7.874619
2.522589	4.042073	5.869969
2.999817	4.785711	8.377840
4.359607	5.278693	8.909750
3.603838	5.198156	3.239997
3.796438	6.072442	7.952448
4.011751	5.206189	3.195302
3.299099	4.806724	3.021457
4.703053	5.422530	8.230755
3.776298	4.984026	8.901832
4.104404	3.929887	8.414686
4.096788	4.821814	2.925649
3.297067	4.179938	3.124314
4.239588	3.513544	4.454330
4.826626	5.317176	4.107623
2.873135	3.939041	8.017033
3.022933	3.854995	6.373924
4.189129	5.568722	2.689321
4.028262	3.142564	6.071357
3.753073	6.060009	3.905729
5.261880	5.727729	7.119778
3.956415	6.040390	7.504523
4.026941	5.046159	2.782468
4.450714	6.315784	8.060918
3.514663	5.131096	3.023632
4.100427	5.549404	3.085753
4.263586	4.899694	2.724337
3.596174	3.311776	6.951420
2.313768	4.394008	6.958879
3.324095	5.221459	3.584895
3.733741	4.281958	8.658165
4.006039	5.592522	7.714157
5.133461	5.696024	8.373688
4.660440	6.657554	4.624851
4.409991	5.087063	8.911991
3.541969	4.561444	9.000754
3.331345	5.099594	8.950423
4.770097	5.870025	5.057234
3.885837	5.447746	8.809350
2.359221	3.960880	5.611899
4.872854	5.479493	8.719809
4.412225	7.055418	6.105866
5.339943	4.354131	7.132858
3.769856	6.297356	3.861307
3.857932	5.439130	3.344194
3.786560	5.491145	3.417000
2.616592	2.968770	5.659081
3.779065	5.673078	2.978305
4.289881	5.414611	3.077684
4.798890	6.175522	8.422211
5.257607	5.774601	5.343072
3.094272	4.057222	8.070040
3.120111	4.542499	8.139634
3.628634	4.814716	3.862840
2.337070	3.807031	7.176904
3.620394	3.882491	7.334728
5.050814	5.768866	3.148209
4.428838	4.069221	4.087708
4.688421	5.368087	7.905348
5.638070	5.596355	6.562699
3.070609	3.418719	5.903378
4.970424	6.592435	4.069388
3.228276	2.621728	5.599853
3.103866	3.483291	7.132202
4.800497	6.757323	5.826020
4.686144	4.691873	3.707751
3.518693	5.478328	5.474892
2.564980	5.002182	6.309805
3.482083	3.311605	5.740158
4.085732	4.726900	9.207165
4.307507	5.212223	8.566117
4.104400	3.858602	8.189238
4.080222	6.106374	3.116759
3.576139	6.146922	5.544689
5.380263	6.265398	4.641661
4.035533	5.336273	2.910150
2.946442	4.025886	7.819213
3.246418	4.812526	3.859468
3.348010	5.115155	3.338645
4.141418	5.347669	3.325910
3.669523	4.724131	2.850929
5.084737	6.363291	4.249018
2.762515	4.612239	6.679577
4.062658	5.216128	2.863461
4.207319	4.464248	3.269508
4.025836	4.538285	3.325153
3.554689	5.409060	3.567730
2.925204	5.340749	8.226812
4.415379	4.890354	8.633438
4.824631	5.466231	3.182652
4.417937	4.421621	3.152191
3.412076	3.603805	8.455873
5.028723	6.297200	7.543661
3.973424	5.180130	3.117499
3.390076	6.115777	7.338131
3.695489	3.524168	3.779836
4.571434	5.803455	8.541791
3.440529	5.893596	7.356859
4.470183	7.089338	6.060885
4.729344	5.197635	3.806801
3.125354	4.837817	7.987873
3.425149	5.178196	3.787904
3.662958	4.530606	3.078424
4.613771	5.947006	8.305339
4.314735	5.387667	9.011034
3.995401	6.065844	8.221813
4.470972	5.347936	9.172540
3.723554	4.111433	2.942937
4.800334	6.643120	5.455058
4.627790	3.640171	5.380009
3.677475	4.179630	3.602025
5.254655	5.280592	7.842589
3.969687	5.341032	3.283841
3.533961	5.545651	2.725873
3.836486	5.102755	2.894145
3.766202	5.994154	7.290736
2.885972	3.796427	4.518832
2.854276	3.166955	7.847350
3.179388	4.721840	8.645251
4.716392	4.469056	3.321222
3.588736	3.366949	4.635427
4.810750	6.922590	4.521464
3.848356	3.436865	4.188961
4.014425	4.930743	2.674478
2.643221	3.521779	5.968421
2.798812	5.526858	3.583048
3.815397	5.953676	8.205969
3.073962	4.035116	5.250593
3.861924	5.108704	2.820826
3.601400	5.384581	3.202507
5.439736	5.274117	5.246915
4.905193	5.882244	3.372150
5.067397	5.416442	8.369162
4.310487	5.394503	3.099855
4.765924	6.404648	6.797545
4.546490	3.443285	6.861428
3.755174	4.419023	8.828384
4.396157	4.585186	2.977571
3.121276	3.410714	7.260533
4.774143	6.812721	6.462086
3.644475	5.310901	8.411504
4.254592	5.135926	2.709408
2.642322	3.924100	8.754484
2.567753	3.274889	5.728423
5.195238	4.396402	5.299716
4.223640	5.950281	4.036155
4.319597	5.950544	8.277469
2.864276	4.560108	4.734175
4.907848	6.135106	8.429890
3.060105	4.626742	6.965572
3.830574	3.476847	5.502508
4.003430	6.314008	5.160042
3.975098	5.633330	3.596547
3.615314	5.132775	3.471793
4.333535	5.164899	3.090258
4.826572	5.306939	4.378231
3.630136	5.058436	8.354749
4.552915	6.491273	4.405525
3.418474	4.800816	4.107440
4.107808	4.550106	9.026894
3.555664	3.465731	4.321653
4.616489	5.902587	3.163152
3.670850	4.165545	7.916197
4.200207	4.499476	8.662651
4.818211	5.219113	3.837943
4.701511	6.429293	3.875190
4.325055	5.324526	9.067725
4.039664	5.375892	8.884925
3.065427	3.253294	5.523540
3.923755	6.178527	4.148977
3.671792	4.927951	3.575688
4.289101	5.092924	8.691132
4.218122	5.187847	3.428111
4.053901	5.479971	2.943908
4.873653	6.668778	5.291136
5.152302	5.972652	6.133264
4.435854	6.982875	7.380074
3.973034	5.167805	8.901552
5.486776	6.389527	5.491705
3.334372	4.161734	3.246721
5.215714	6.517760	4.450157
4.544284	4.380384	8.379031
3.857317	3.619709	7.698888
4.281336	3.688636	7.631062
5.090546	5.751988	3.161452
4.162063	4.898902	8.920472
4.204826	3.475740	4.829320
2.491633	4.094801	6.274376
3.406918	3.185683	3.831029
4.289945	4.926826	3.374756
4.049923	3.789912	6.668558
4.059636	4.382161	8.625360
3.510677	5.129247	3.086702
4.016699	4.714268	9.037201
3.819475	4.924921	9.101441
3.722186	4.891405	3.379252
3.555831	2.756487	6.421480
3.231956	4.232018	3.334901
4.955725	6.479553	8.272311
4.910876	5.272853	7.812575
3.276727	3.365943	4.490054
5.351453	5.973789	5.827488
3.893634	5.195053	3.323866
4.565316	4.819583	9.088431
3.448685	5.372673	8.463833
5.301514	6.353113	4.868735
3.330234	4.416951	8.861671
4.871051	4.397182	4.488160
4.159715	5.219467	8.816763
4.152596	3.770711	5.846921
5.142941	6.097735	6.427526
5.106146	4.215673	5.704846
4.653196	4.024868	5.658252
3.829979	3.308466	4.680763
4.579758	5.166444	3.144351
2.764772	4.242645	4.899565
4.253510	3.951411	4.551033
4.848286	6.047073	8.068496
4.375651	6.310248	7.330755
3.904023	4.068892	8.930274
3.605594	5.834705	4.451210
3.735072	4.376290	8.668249
3.330122	5.176137	4.300030
3.360975	5.179828	3.261855
5.291515	6.640560	4.255745
3.855391	5.228634	2.657131
4.050250	6.786345	7.223622
3.762975	5.383318	8.690235
4.155513	5.346206	8.936133
4.583946	5.091805	8.756646
2.637065	4.079073	6.907957
3.925937	4.071976	3.450106
3.803806	5.001505	2.629125
3.510799	5.547477	9.254655
3.213258	3.619420	7.771209
4.234331	5.024660	9.416203
4.671338	6.662335	5.825247
5.554694	6.774407	7.228504
2.798246	4.899324	3.630924
4.537656	6.371453	6.886284
4.496596	5.976786	4.085871
2.705183	5.367308	5.074783
3.344800	4.778444	3.701021
5.628511	5.365367	6.704767
4.355761	3.843707	5.030803
4.166874	6.513328	5.257991
3.630845	6.298202	7.079152
4.489173	7.152459	6.510535
3.470451	5.792451	8.333121
4.162891	6.496095	8.134169
4.717552	5.345903	8.466337
4.531022	5.207115	8.823165
4.442486	4.462598	9.204194
4.303607	5.014267	3.167556
3.458689	3.780482	4.626877
3.294306	6.031614	6.340935
3.947524	5.124679	8.813448
3.069689	4.074640	5.349327
4.386276	4.273842	7.992275
2.670474	4.846908	4.164700
2.694037	3.471288	5.973115
4.564417	5.320749	2.893590
3.948286	6.216814	4.406612
4.408522	6.216561	8.838043
4.373123	3.402612	3.424445
5.158829	5.028960	8.023629
4.074840	4.681374	9.472712
4.180234	4.847873	8.823160
3.753681	4.231932	8.329050
2.170115	4.098265	4.490910
2.516140	3.831495	7.069765
3.466318	4.547451	9.248502
4.085155	6.133603	3.463688
3.493497	3.300735	6.088347
3.354303	5.078683	5.403632
2.876408	4.552550	3.860456
4.037261	4.715104	3.201693
3.193914	5.003146	6.064210
3.821151	5.723803	4.763450
3.700362	4.405754	3.277820
5.269809	6.358475	6.357931
4.186873	4.865315	9.243172
4.922424	5.134336	6.304004
3.922347	4.502105	9.076057
3.925214	5.124317	8.968014
5.018531	4.331080	5.167382
2.938542	4.828253	3.797627
7.405945	1.123044	8.548271
1.418952	2.659755	4.652556
4.286933	7.295788	6.055563
6.330084	8.748271	9.402568
0.487145	5.209011	6.136097
4.362097	8.028686	9.287503
1.403746	3.513631	4.499920
0.766873	6.355527	2.171920
2.797931	7.750286	4.845406
7.082280	3.692088	2.660731
4.620723	6.728164	4.613018
1.047982	3.998959	5.883222
3.457395	8.132761	6.269077
4.863234	2.468423	6.880540
7.910673	5.880929	8.551231
0.432435	1.210285	9.137961
3.878653	7.353753	9.471341
2.641535	4.476398	3.437471
0.940401	2.806818	8.371949
3.023060	4.052076	7.153898
4.099422	6.358269	3.241561
6.606873	6.436751	9.607707
1.569583	2.459791	7.402056
5.814009	4.600664	2.460692
4.747562	5.399557	4.195006
1.072600	8.591582	2.260014
3.710011	2.578703	8.155896
4.994178	2.677234	7.165319
3.573286	1.166253	2.394151
2.339750	1.245187	3.575377
5.032954	7.949002	8.594198
4.985165	5.893005	8.257166
5.313209	6.822189	9.265739
1.125941	8.333091	7.915797
7.146500	3.369857	3.863701
1.418339	8.756598	9.954208
4.906367	7.581492	3.306185
0.946624	6.000078	4.395296
4.020255	3.234942	3.727915
0.853214	6.886172	3.098275
5.765712	3.582324	3.974761
5.840644	5.575562	3.545921
3.526772	1.477160	5.434320
2.660258	1.291951	3.064602
0.699891	7.164794	5.021027
1.225358	7.490017	9.578107
4.751842	8.921257	5.009731
6.145266	2.506205	8.797138
6.626250	1.808167	9.995749
2.093644	7.083472	6.056164
3.655972	4.881725	5.747393
2.761800	3.344787	4.290146
4.750489	7.795844	3.961193
2.372750	2.179250	2.383516
5.705733	4.423890	5.286613
3.907909	5.349816	5.266492
1.998864	3.075243	3.080130
3.845349	4.011907	8.910260
1.505080	1.368598	5.333554
4.740108	3.044360	7.066421
4.568931	4.885871	7.329566
6.275314	3.439943	3.270079
0.773375	6.823013	6.630829
5.784974	6.185243	5.032388
5.635993	5.361019	6.051387
5.974767	5.847403	3.105888
7.127812	2.437583	8.673368
7.309863	1.495465	5.594956
5.379492	2.464926	7.279118
1.182944	3.121659	3.011883
3.321485	8.219925	7.945180
0.645635	8.186529	9.501895
4.831134	6.775241	8.796620
5.303790	4.315762	7.355959
1.232909	2.852893	2.132009
0.151714	2.524367	7.245904
3.743800	8.813189	2.154355
0.491510	8.162542	7.233774
0.468315	3.202864	5.749301
5.703036	2.675310	9.659872
0.978030	4.000303	8.061991
0.192148	3.135263	2.046521
6.322990	1.992551	2.402117
6.616094	2.551037	7.388692
0.310749	5.317983	6.802522
7.344786	6.971753	4.151663
5.218261	4.266435	9.901672
4.521251	1.977471	2.007366
5.074534	3.415861	5.986148
2.947766	7.177476	9.162093
7.032976	3.240252	5.286927
7.513999	6.962728	4.725393
7.232683	8.114366	2.222720
3.254578	8.285030	9.315662
5.315017	5.242206	6.044769
2.659606	7.750284	3.313091
7.347144	2.880283	9.976561
0.395091	1.893087	7.255995
0.237507	5.211893	6.304766
3.808477	6.822239	2.275887
1.150345	2.724154	6.376019
5.544219	4.863901	7.661773
7.547021	2.449539	3.429628
6.929296	4.848619	6.473183
5.694828	5.481416	6.619662
7.409893	1.644171	9.304557
3.575220	7.020876	7.048719
2.262702	4.378618	4.310636
3.817336	7.886987	9.398326
6.932253	3.645007	4.160427
4.732658	2.025872	5.712711
2.966810	8.602777	9.679947
0.300314	1.699744	7.634242
1.137932	8.189746	8.854399
1.641261	8.584139	7.642668
2.803964	7.158770	3.622015
3.379444	6.753683	3.723076
0.814699	6.230445	9.079769
2.894116	7.092308	2.136412
0.374395	5.082876	9.507577
1.561342	6.386207	2.957183
3.411212	8.189924	6.594488
6.042804	5.236418	4.846563
5.986752	8.304075	7.888578
0.407757	7.850638	5.563646
