5.343280	6.440001	4.394286
4.689546	6.639579	4.738270
4.780607	4.526594	7.186703
3.698268	5.005669	8.728073
3.956193	3.378579	6.487007
4.111052	4.775988	3.336449
4.552541	4.651917	3.000371
2.977758	4.355980	7.299472
3.829046	5.473191	4.227612
4.323858	6.167088	6.127490
4.164586	4.199700	6.911330
3.905007	5.222891	8.892492
4.460749	5.836692	8.109911
4.676660	5.272062	3.759000
2.854881	3.582222	7.306692
4.388843	5.365912	2.954536
4.969314	5.758469	3.542653
2.861051	5.542792	6.633963
5.224979	6.459706	6.517005
3.977005	3.782682	4.991714
4.527484	6.096748	9.199000
5.385636	6.894704	5.696734
4.694789	6.355661	8.327015
3.580646	4.823486	8.986968
3.140488	3.395138	5.953963
4.001247	4.583518	3.371517
4.275017	5.826355	8.733419
3.234125	3.466848	4.447312
3.977835	3.942282	8.506849
3.783726	5.647707	3.319289
5.595751	6.389472	6.374457
4.706633	6.516808	6.882148
3.496154	5.471719	8.928835
4.109278	5.022375	3.052961
3.642930	4.965978	3.005939
4.659336	4.246329	6.022529
3.752633	4.511013	8.507925
4.217339	4.011000	7.729465
3.663666	4.092154	3.911313
3.206485	4.660421	8.342196
2.978056	4.455713	8.197619
4.725416	5.525368	3.166602
2.786809	4.244002	6.489963
4.414764	5.817727	3.850390
4.365900	5.114069	8.547805
3.252398	3.445973	5.687173
3.273937	3.761721	3.635472
3.033268	3.816409	7.963020
3.842129	5.332677	9.238923
5.014121	4.976463	6.633926
4.767920	4.188210	7.102263
5.208313	4.910891	7.201589
3.066018	4.675069	4.673832
3.692999	4.689479	3.161594
5.022724	5.543797	7.503442
5.442874	5.336042	5.096376
3.810289	4.088062	3.557333
3.907323	4.414778	8.706429
3.970564	4.988959	9.256397
3.724743	5.345183	8.235981
2.664629	4.159116	7.097608
4.921970	4.485859	5.943117
3.512440	5.822379	3.284264
3.883316	4.773339	3.070395
5.057824	5.589814	5.858619
2.749640	4.178776	4.739093
3.870211	4.023210	8.138517
4.404753	5.187587	9.040949
5.104314	4.218511	5.796812
2.974711	4.393389	7.779536
4.876260	5.429443	3.800737
5.000425	5.450928	3.536542
4.035434	5.011277	9.389977
2.605870	4.252746	5.659453
4.274268	4.402057	8.815659
3.597577	5.998072	4.395541
5.151407	5.329826	6.937607
4.807592	6.326000	3.677794
4.126095	4.042770	5.441130
3.311265	3.326169	6.424119
4.910000	5.294191	6.063027
3.979631	4.299139	3.229933
3.444827	6.134782	7.740632
4.097736	4.769669	2.763152
4.205559	3.931499	6.172112
3.080991	4.041146	8.247369
4.153185	4.359482	5.394091
5.583525	6.489090	6.367769
4.731900	5.436948	9.314562
3.349929	5.835764	7.457337
4.102978	4.161292	3.338382
3.641982	5.885948	7.693061
3.710066	4.723988	8.843302
4.039848	5.949798	4.483470
4.138127	5.207348	3.211756
3.316489	5.066841	3.628128
3.816315	4.892643	9.029278
3.607848	4.521361	3.871773
5.375361	5.868421	4.242128
4.491774	5.949838	4.111643
3.782086	5.545673	4.950121
3.165518	4.490522	8.741312
4.589875	3.836047	8.217980
4.178264	5.885632	8.807911
3.618934	6.584378	5.822308
4.114257	4.837688	3.331792
4.750699	4.421840	4.183762
3.976934	3.250434	6.809380
2.909274	4.820284	8.018801
3.606588	3.550274	8.007313
2.989910	4.317982	3.939539
3.943710	4.748317	3.322834
4.200111	3.497013	7.095208
4.546800	5.186016	3.441568
4.162614	3.895577	7.907960
4.785492	4.068336	4.731823
3.827783	6.857324	5.766072
3.198161	3.540789	6.108683
3.505186	4.827344	5.428713
4.220761	7.066770	6.041407
3.286329	5.370047	4.449912
3.598533	6.047978	8.181598
4.020186	5.010368	3.029297
4.974868	6.422570	6.748388
3.998552	5.386398	2.964244
3.451898	4.366979	8.673631
4.134586	5.410092	3.125801
4.022780	5.056147	8.882312
4.654914	5.830190	8.536107
4.315743	4.844026	9.444259
3.832454	5.798331	7.432330
3.409897	5.787702	5.377101
2.972866	3.694632	4.406756
4.100257	5.678978	8.455851
4.080029	4.736582	3.209536
3.862869	4.708213	8.705079
4.401103	4.523298	4.254098
3.020554	4.008523	5.432858
4.840007	6.365766	8.195548
4.181611	5.630546	8.703587
3.748180	5.377588	2.848541
3.840196	4.706907	8.682329
2.981036	3.689460	3.990271
3.966605	4.103593	3.837225
4.050929	3.863238	4.234807
3.784523	5.795469	4.303160
4.624610	6.812555	6.084818
2.785632	3.533079	6.148747
3.381936	3.996771	3.674560
4.540674	5.730488	3.004783
3.139589	3.508909	4.883632
4.695314	5.878788	8.602949
3.884544	4.058368	3.216358
3.104189	4.330975	3.545561
4.764947	5.013435	8.697700
3.244186	3.437847	4.055297
5.288832	6.616480	4.653685
4.386671	5.351533	9.073293
4.048141	6.168466	8.877885
3.846783	4.960151	3.125083
2.879680	4.271072	4.120353
4.901203	5.584252	7.709164
3.887924	6.025696	3.075323
4.330420	6.328848	8.040337
3.926020	4.317829	3.344650
4.019468	4.371554	9.082739
5.188210	6.562925	3.684925
2.763228	3.734540	7.167798
3.651601	4.981892	8.734115
3.435393	4.954638	3.561218
4.354731	4.857819	9.041008
3.913763	4.898471	3.048551
3.632031	5.154166	3.349650
3.937555	5.584102	3.258859
4.015107	4.946891	3.245759
4.942023	4.621541	8.249784
4.259208	4.776141	2.905207
3.652316	6.221457	6.192330
4.872944	6.436108	3.748421
3.157923	4.344916	4.356013
5.017888	6.450442	4.058559
4.236860	5.205357	8.949322
4.055640	4.203940	8.559105
3.235738	4.842723	9.043758
2.920038	4.081044	7.816179
4.805584	4.339797	5.180599
3.920690	5.285451	8.422005
4.128621	6.090247	3.974255
4.101758	6.935006	5.156995
4.473205	4.980467	8.865871
3.632022	5.068936	3.277492
3.808487	5.631293	2.819174
3.398827	3.297093	5.256155
4.581213	5.697081	8.803118
5.636627	5.992526	6.156235
3.395447	5.090330	2.871015
4.099016	4.845851	8.797569
3.665714	3.194149	7.430248
5.444191	5.943179	6.947874
3.883498	5.390386	8.811750
3.271340	5.824139	6.287254
4.084621	5.442327	8.905478
4.062895	5.925896	3.375716
4.760596	5.758816	3.834800
3.838116	4.797713	8.750365
4.108182	5.644453	4.292421
4.666483	5.925806	7.860216
4.124251	5.637130	6.132045
4.963428	5.509337	3.474656
4.240791	4.344168	3.386006
2.920815	3.252177	6.528056
3.812709	4.597397	8.943459
4.974411	6.330450	3.801842
4.331070	4.863617	3.290028
3.510326	4.188975	3.621531
4.959425	4.946846	4.516729
4.258422	5.782153	8.357576
4.299670	5.152998	4.120626
5.225982	6.389203	7.121767
3.695119	5.852096	4.953331
4.159842	3.994219	7.798861
3.605939	3.982419	8.639418
4.063776	6.304040	8.297411
3.515372	3.800357	3.979504
4.913771	5.336276	5.356059
3.852490	6.211825	6.952206
3.900544	5.277325	9.206555
4.029617	5.017532	9.035421
2.697412	4.065554	8.406441
2.705162	5.016688	6.993886
3.121938	5.729278	6.821047
2.462604	4.773310	6.753715
4.291758	3.468596	5.080407
3.527332	3.152920	4.793719
4.235362	5.232109	8.582357
5.239512	5.971581	4.747639
4.295468	5.234983	9.207801
4.066066	5.366782	8.957240
4.303578	4.805099	8.927264
3.617010	5.723108	6.128421
3.948403	5.433731	2.856365
3.985767	5.688928	3.547614
4.437783	6.144292	4.516249
3.808561	5.161575	2.998746
3.084027	4.552876	4.984047
2.954084	3.095734	5.026756
4.330120	5.436493	9.160083
2.602875	4.798636	8.232584
3.620187	5.992291	8.570839
2.872430	4.096413	4.559865
4.047377	5.681206	8.583942
4.190359	4.688476	3.134734
4.497623	5.160989	9.140513
3.569695	3.453421	5.470986
3.934421	5.093624	3.102015
3.180603	4.780237	3.076289
4.090546	4.683860	9.033574
4.079913	6.012776	4.853663
4.416955	6.174538	7.806912
3.650293	4.976117	2.990920
3.250460	3.884307	7.413171
3.333088	5.068616	6.285626
4.268199	5.624499	3.099659
3.851946	5.288688	3.267346
4.435531	4.634462	4.709236
3.363534	3.250157	5.973216
4.525608	6.027407	3.246360
4.517913	4.663909	4.105936
3.646424	5.441990	3.015919
3.707040	5.180341	3.315008
4.048308	5.178167	9.938181
3.831482	3.722916	5.229893
4.948408	4.616012	8.416796
3.380835	4.088516	3.724898
3.345051	3.446666	8.174233
3.448260	3.801864	6.230440
4.419470	6.682944	5.384187
4.088510	4.842329	3.110461
3.616505	4.040420	7.770273
3.222031	4.816279	5.959872
4.030189	4.767754	2.759255
5.505668	5.460116	7.380358
4.377591	4.857609	3.282290
3.610706	4.427075	9.501532
3.921978	4.835380	8.459872
3.819803	3.920586	7.468837
4.202457	4.813620	2.865037
3.778874	5.295781	2.740398
2.882733	5.166167	6.496376
3.908902	5.434263	8.764378
5.496062	4.852415	4.719530
2.971864	4.411205	5.978279
4.393871	4.783554	2.997895
2.636419	3.409018	4.718320
3.764594	4.764027	8.934336
3.909035	4.677582	3.198492
4.266887	4.383983	3.386341
4.594878	6.076070	3.896813
4.519225	5.233487	8.367834
3.524283	3.701825	3.520969
4.192218	5.236197	3.104475
3.782466	3.753014	2.992503
3.654096	4.364647	3.308293
4.358472	4.889910	9.199401
3.227162	4.249368	3.369746
4.217525	6.590517	4.295063
4.892906	6.415349	7.721537
4.247305	5.672022	8.422634
4.036872	5.116547	8.625803
4.593890	5.329686	2.750294
2.909124	3.976464	8.684874
3.359128	6.069209	5.003574
5.129027	6.129377	8.159289
3.743000	4.630971	2.994665
2.899015	5.082079	4.714638
3.066413	5.178988	5.196614
4.499062	4.000555	8.357696
4.719793	5.481357	3.906156
4.024330	4.684162	3.199151
4.508299	4.586498	9.109896
3.240105	3.841883	8.569063
3.345724	4.635361	2.989461
3.443324	5.953009	8.212967
4.741433	6.273301	6.996217
3.496462	5.353341	3.167685
4.043344	5.178389	8.556801
4.411161	4.342182	6.914304
4.283625	4.950918	2.715182
4.855838	6.848942	6.270850
4.679960	4.304135	6.268472
4.110251	6.540542	7.079553
4.630195	5.712142	3.147301
4.719198	6.180790	6.438362
4.219263	4.688778	2.815651
5.496167	4.508260	5.799678
3.691076	4.784742	4.562879
5.102541	6.157190	5.724797
4.987379	4.066137	6.512046
4.161935	6.470228	5.524963
3.907305	5.265753	9.157892
4.440513	5.770246	8.429831
4.777028	4.331792	7.822190
2.962657	3.636631	3.862588
4.356715	6.126699	3.640220
4.808723	5.759504	3.229206
4.950708	6.092859	7.586344
4.177710	4.113751	3.901623
3.241302	4.652868	8.436340
5.314147	6.276395	6.909504
4.764108	5.078176	5.528064
4.759312	6.582092	4.784232
2.759217	3.601420	6.069787
3.729008	5.088988	2.530441
3.793367	3.846945	4.042195
5.591394	6.479932	4.880363
4.189773	6.479878	5.138190
2.952440	5.086073	7.820312
4.323144	5.323469	8.968228
4.057086	4.450291	8.833324
3.930786	5.983114	3.658005
3.372961	4.439707	8.478750
5.051320	6.147747	7.895913
4.734094	6.145094	8.474649
3.651513	4.223207	2.818157
3.763057	4.907198	8.859561
4.724855	3.587304	5.251035
4.893142	5.301866	8.010474
3.772912	5.047577	2.891715
4.275924	4.864432	8.450686
3.401135	5.474674	3.970778
3.777975	5.123421	3.671725
3.333184	3.431586	6.815840
3.976484	4.508642	3.069197
2.907686	4.270193	3.849312
5.089498	4.547376	8.705167
5.109010	5.049548	6.036879
3.687202	5.592464	3.616160
5.231492	6.252955	7.197315
3.763993	6.249241	7.508532
4.923572	5.286598	8.528700
2.929798	3.351721	4.868283
3.620942	4.520910	3.380055
4.074713	5.775606	9.041137
3.497393	4.848065	2.873892
3.768016	4.912076	9.030934
4.265477	5.436273	3.265493
2.710314	3.596823	6.113428
3.271828	6.895091	6.599263
2.813888	4.002060	7.134272
3.210784	5.022652	3.580883
3.918504	4.448300	9.103361
3.360319	5.813958	4.825455
3.280406	3.572868	8.286789
3.232223	4.214774	8.454285
4.048558	4.953226	8.937301
3.775457	3.451728	8.232756
4.342777	6.965407	6.741942
3.880918	4.212851	3.111775
3.419925	3.214652	6.583497
4.350628	6.766555	4.276548
4.390318	4.910661	3.263729
4.518247	6.388932	5.533981
4.435492	6.486747	4.973213
3.745682	5.334648	3.402100
3.591590	5.611376	7.462244
4.230621	5.232991	9.116154
3.287197	5.567759	8.338557
4.641688	4.402722	7.858206
5.456225	5.455263	4.008973
3.416055	5.220782	7.935983
4.478860	5.650653	3.246368
3.978622	7.030964	7.080853
5.372170	5.849289	5.309189
4.208182	4.554033	2.877545
3.494225	5.298601	3.303457
3.307899	4.780711	7.373893
4.919134	6.152478	4.887303
3.872029	3.514992	3.803536
4.111965	3.173469	4.977276
3.362182	4.476708	8.260770
2.962064	3.206577	4.928350
4.477151	5.312635	4.343820
3.466603	2.819947	6.897793
2.618036	4.479342	5.180463
4.202724	5.847761	3.640679
3.234819	5.509915	5.831320
3.817076	5.819463	7.373066
5.007200	4.788534	3.497496
5.471569	6.046379	7.487311
2.842734	3.474693	5.747675
2.811682	4.031698	6.302308
3.277053	3.289234	7.534321
2.908858	3.295403	6.660477
2.563898	3.742961	5.083794
3.599741	4.809719	3.103432
3.341218	4.426854	3.291436
4.256262	4.891843	4.003392
4.024973	4.863589	3.035267
4.240864	4.624561	3.761965
4.071354	4.807406	9.082546
4.507741	4.772279	4.062525
3.754694	4.419497	8.836782
3.487811	4.583253	8.375611
4.623041	5.098269	7.485504
4.850307	6.260303	8.424422
3.017293	5.244063	4.213389
3.213561	3.895920	8.022716
4.623750	4.985016	3.906498
4.113860	4.524917	3.885963
3.509517	3.492160	3.738721
3.223938	4.934587	7.269358
4.640775	7.158125	6.838078
4.670715	5.701881	8.103728
4.311634	4.705963	2.512433
4.191607	6.621437	6.961260
3.466979	3.318437	3.975337
4.153264	4.549130	9.096481
4.729604	4.872452	4.106018
4.885744	6.035248	5.852760
4.956539	6.625975	7.326788
3.981863	6.323442	7.325791
4.742352	5.632166	3.799612
3.965805	4.912211	9.412572
3.227143	4.350283	3.949738
5.101226	5.034287	6.713758
3.951881	6.057028	3.786639
3.196857	4.859812	3.513509
4.393527	5.956685	8.870525
2.918819	3.808557	7.389095
4.316933	4.693472	8.985531
4.937353	5.727772	4.829111
3.807853	3.182249	6.458608
3.918822	5.534554	9.085637
3.819208	4.504906	2.771869
3.196701	5.705843	5.051152
3.751304	4.457282	8.825000
4.560032	6.128237	8.536193
3.085057	5.412360	5.405800
4.144345	3.569048	7.000267
4.569294	4.418332	7.844398
2.728988	2.892434	6.933185
3.358730	3.653736	7.692533
3.828387	5.377636	2.606776
4.820121	6.724140	7.491529
3.148597	3.676806	7.078494
3.955148	4.780481	8.688918
3.013087	3.471888	5.541382
5.210344	5.357418	6.803951
3.992126	4.315360	8.119402
2.886015	4.994379	3.542469
3.278974	4.017191	7.625471
4.598744	5.251468	3.134217
4.882568	5.225793	4.717240
4.986790	4.821326	7.976907
4.630713	5.239110	8.776474
4.932531	4.150186	4.879968
4.768116	5.130026	4.921129
5.684226	6.017384	6.616373
3.550480	5.178362	8.916997
4.271552	3.223938	4.171759
3.760361	3.179328	6.217476
2.394286	4.963497	7.221452
4.961725	3.611881	9.308101
0.373546	7.516248	5.756626
2.451395	6.290717	9.994367
3.905309	7.207035	8.847637
6.321673	5.138117	7.067207
0.441185	3.609838	3.722563
4.928628	3.370397	4.565329
0.359589	7.361898	2.974503
1.638970	1.095707	4.021249
0.463392	3.543479	4.246042
7.781688	3.294760	5.659382
2.700953	1.387192	9.830851
1.900867	4.449976	4.369431
7.364121	1.017483	2.202490
7.500313	1.456574	7.296663
5.579297	3.477930	7.820088
0.165352	8.661973	4.507645
2.640135	5.390403	7.175880
4.002531	5.204881	9.599724
2.452234	3.036015	3.334597
4.114622	8.357519	4.840346
5.705713	3.288792	5.188038
6.246323	6.902840	3.060800
7.787495	4.281338	9.837240
5.675127	3.848277	5.004247
3.980031	7.608351	8.744849
1.341166	7.502860	4.325048
6.662189	3.705159	6.718897
1.419507	4.214316	9.841319
1.583666	1.137946	5.377799
7.663679	7.788897	2.317393
3.163469	2.637885	5.721107
7.213939	2.228505	8.482716
2.336961	1.327010	7.869270
4.967610	7.752873	8.565566
2.185762	8.759522	5.790550
5.321195	8.306953	9.428746
0.361971	1.558693	8.345472
2.304119	8.492096	6.894428
6.322938	4.777603	3.050511
1.960280	6.178470	2.769274
6.929796	8.034334	3.757956
0.946391	3.946232	7.394531
1.109550	6.054657	3.288402
2.523926	3.629443	2.788101
7.872977	6.540608	5.738877
0.964224	6.442600	7.936073
1.421880	6.843932	7.831080
2.224235	3.701369	7.871898
1.255314	7.495659	8.252383
2.947403	8.176840	3.881858
5.386828	5.384364	5.166799
1.881920	7.908618	4.983508
0.650936	8.559769	6.966924
3.760352	6.983664	3.022574
3.147719	1.815807	7.774331
3.476679	1.194106	8.467525
7.951174	1.008420	6.731599
0.730605	3.451653	7.743492
6.375577	3.582663	3.678311
0.212104	2.041356	2.192720
1.368917	3.977875	9.383724
2.052552	4.840985	7.631086
7.027030	2.162651	6.542931
6.507548	8.185545	7.443273
1.752439	2.880507	2.944267
4.360759	6.797023	9.298002
5.800080	1.414692	7.151739
6.491250	8.505817	8.977916
3.610698	2.610300	8.530318
3.381057	3.324165	7.769911
3.349611	4.176859	3.657957
5.783211	1.297784	6.534226
4.745944	8.286804	3.255221
1.136962	1.710960	5.262051
2.974177	1.001634	9.732544
1.526243	1.803370	3.749665
0.240942	7.951106	3.720020
3.145868	8.558207	8.859810
4.149134	6.627041	3.381262
5.626741	1.963460	9.892750
7.498550	3.217987	2.734701
5.738928	1.782803	6.785930
1.579509	3.560055	3.334473
4.660743	8.333383	9.433506
0.089520	2.878710	3.760473
4.727068	2.276795	2.534736
3.992634	6.868828	5.447409
1.512484	2.207263	9.552625
1.254657	5.315723	3.780773
4.959324	3.333270	7.783285
7.937289	6.896710	7.288654
3.996183	2.234793	3.428806
3.659510	6.969676	2.243382
0.152494	2.968498	4.860170
6.728236	5.380723	5.772236
0.200801	2.420350	7.133371
1.137131	3.505827	4.122979
5.394055	3.219031	3.654319
1.696008	3.343620	6.369670
1.376020	2.211217	2.716820
4.497838	6.490250	4.191007
4.816625	8.101964	8.077362
1.610813	4.325336	3.156176
5.292842	1.325435	7.503615
6.448388	3.710246	4.126788
5.840878	1.800534	4.600670
4.998845	5.808924	7.852527
6.380331	5.762420	7.359376
6.925078	2.241258	2.175522
0.777927	4.611575	2.824838
4.450666	4.798506	7.560300
4.394957	3.804495	4.550908
7.565730	3.881752	7.694160
1.833322	2.701815	8.456261
1.300569	8.766599	2.419270
2.132781	5.778885	2.964473
1.020132	1.002469	6.738100
1.208607	4.130996	2.419207
7.482687	8.360803	2.395613
5.691238	1.520932	7.899287
2.008317	4.868546	9.224337
1.085640	6.755163	5.198671
