4.657215	4.242869	4.982973
3.099905	3.274098	7.439303
4.351440	4.686206	8.801024
5.530301	5.732756	4.599212
3.738407	5.201810	2.726435
3.806307	5.607031	8.375353
4.363408	5.615709	8.930057
5.232954	5.873872	3.195353
3.847241	5.337063	3.091807
2.723250	4.300112	7.423727
2.517296	3.720901	7.218038
4.116391	5.269794	9.006245
3.794643	5.197132	2.941921
4.044898	4.308564	3.792467
4.532094	7.343153	6.466755
4.248560	4.654409	2.795455
4.034211	4.139302	3.040736
4.047229	6.198123	7.343904
2.922779	3.330062	7.037033
5.665442	6.866769	5.552452
5.194882	6.208175	4.980204
4.520020	5.435835	9.397945
4.324566	4.769764	2.945355
3.915574	3.014505	5.277952
4.285712	6.353329	5.530274
5.195160	5.723848	5.439085
3.920084	3.593338	6.830507
5.365400	5.150631	4.764109
5.090579	4.763256	6.391365
3.521752	3.708983	3.763864
3.939665	5.143548	3.330259
4.737595	5.936093	8.769368
4.050855	5.056302	9.095643
3.383398	5.884046	6.481462
4.208673	4.785085	3.056883
3.769754	5.336136	2.792376
4.010817	5.287188	9.169245
2.978188	5.398221	4.477630
4.802250	5.739630	3.503386
4.777305	3.897530	6.241023
3.422935	4.561523	8.853989
3.722693	5.546484	3.952168
3.149089	3.375424	5.279995
4.123665	4.655523	3.054541
3.568989	5.160435	8.682462
3.573201	5.326385	5.230428
4.816785	6.279439	7.314777
3.177331	5.208586	5.634972
4.740253	5.089482	6.025377
5.692422	6.135873	5.034867
4.381153	5.166444	3.018379
4.006534	4.166276	8.682483
2.443208	4.097251	7.440895
4.974915	5.296257	5.413162
4.278156	6.390575	8.335712
3.608638	5.799238	4.398305
4.322763	5.405356	3.546926
2.953491	4.595643	8.629255
4.503521	5.695896	4.708399
3.717722	5.669540	8.596721
5.184990	6.540746	5.800969
4.248969	4.635215	8.728062
2.822332	3.540361	5.818586
5.308262	4.609373	5.073125
2.932990	5.571202	6.266801
3.157281	5.690383	7.336343
5.431758	6.323989	6.049476
5.101319	3.982233	6.120562
3.779044	3.821503	7.754002
3.319321	3.107267	7.408745
4.067866	6.440048	7.964917
3.945545	5.506544	3.178259
5.125356	4.749056	7.286684
4.973954	4.312168	4.147916
3.422914	5.336404	6.581832
4.159080	4.673116	3.781214
3.849776	4.290548	3.316176
4.073118	5.573419	8.506419
3.126089	3.253811	7.803871
4.488867	3.985541	6.878983
4.661249	6.673906	5.449025
4.433568	5.604424	3.302079
3.629858	4.629590	8.176694
4.804446	4.698971	7.921400
4.507700	5.795742	8.009354
3.676254	3.723214	3.533679
4.071756	4.010932	6.865561
4.168496	4.925615	8.747819
3.336806	2.795539	6.404459
5.069859	5.220341	8.219359
4.876725	5.435508	7.704598
3.780585	4.908523	9.317477
3.033011	3.951142	8.536345
2.806431	4.549064	5.090797
4.037447	5.048979	3.359633
4.414423	5.031141	7.128112
3.507049	4.217593	8.595579
4.840735	6.666527	4.978578
3.277700	4.791271	3.807257
5.128671	4.626710	5.245215
5.234250	6.321699	7.445612
4.245709	3.532954	5.184439
5.548694	5.745817	5.346655
4.054816	6.442796	6.080153
3.825414	4.693956	9.073514
4.412118	5.541246	3.111426
3.447027	4.314257	8.223967
3.197634	4.701943	3.288630
3.973650	6.300379	3.653645
3.694070	5.399714	7.496979
2.920788	3.446192	7.798986
4.423061	6.104350	7.384476
4.753869	4.807268	4.150484
4.839505	5.824605	8.047675
3.941604	6.166480	4.295390
3.316821	4.030888	3.661706
3.236580	3.445250	6.196103
4.202674	5.328101	3.069416
4.745338	6.165011	4.089163
3.633855	4.916852	3.488152
4.414882	6.816512	6.931833
2.898884	3.553648	5.273276
4.249996	5.782700	8.957357
4.416782	5.812328	3.246355
5.395785	5.917707	3.920041
4.067996	4.920747	3.007197
4.186637	4.726915	3.381176
4.341113	5.089181	2.984364
4.567510	4.039486	5.560451
3.749287	6.072786	3.838222
3.268356	5.013685	3.697735
3.645527	4.674895	8.805346
3.012888	4.220389	8.281884
3.345351	5.785641	8.533718
3.565437	6.045868	5.477658
3.931526	5.000468	9.025434
3.700263	4.300914	8.993349
4.467686	6.716473	7.197306
2.802511	3.342670	6.658693
3.942785	5.101325	8.762724
2.766021	4.563542	6.123583
3.220866	4.927879	8.425766
4.128696	6.689327	4.431813
4.407269	5.727931	3.782938
4.013455	5.741784	7.703782
5.301903	5.918604	6.566267
3.893967	6.266026	4.661464
3.619352	4.469979	8.743966
3.104171	4.825770	7.242353
4.067724	5.206430	3.186780
4.727117	4.252549	6.859972
4.013589	4.746842	3.123775
4.532070	6.350355	4.521923
4.397382	4.643953	9.019880
4.664023	6.646506	4.926820
4.029962	4.216508	3.478773
3.233426	3.907003	3.306722
4.029402	5.195933	2.635963
4.351023	4.296025	7.199493
4.117044	4.218239	2.733200
2.863392	4.064271	4.440558
4.002879	4.582518	3.402959
3.017599	4.836951	5.540649
3.919200	3.829356	7.606491
3.491078	5.340310	3.394397
3.321773	3.143687	7.951501
3.483132	3.807968	4.419991
4.531141	4.816796	8.531488
3.627477	5.103913	9.097132
5.316809	5.638350	8.284043
4.247605	4.980177	8.889115
2.902882	3.840625	6.917313
3.514353	4.075288	8.460292
3.305344	5.282300	3.990602
4.372409	4.967141	3.623014
2.869906	5.735585	5.961627
3.277868	5.605552	7.061237
4.128311	5.537682	8.903319
3.780664	5.484647	3.138349
3.982929	5.051407	3.744259
4.286758	5.312229	8.336874
3.114287	4.565911	4.260131
5.380065	4.509001	8.743104
4.440314	6.251737	4.376511
3.842459	6.165533	6.926085
4.341278	5.311316	9.340063
4.014879	4.965364	3.234548
4.156503	3.912322	7.335097
2.953992	4.091891	6.785268
4.628783	4.768057	3.882969
4.077336	5.668563	3.796716
4.551625	5.844746	3.060911
3.886682	5.367525	8.923200
4.141654	5.131332	2.943017
5.081059	6.442167	4.893121
4.404890	4.800148	9.018362
4.025363	4.714825	3.450252
2.919639	5.838261	4.388111
4.075458	4.806903	2.880535
4.734236	3.470990	6.247052
2.734073	4.604124	5.549626
3.306889	3.276129	4.119494
3.547648	4.095396	8.395806
2.703777	3.405745	6.293856
4.191463	6.324272	7.726261
4.924504	4.893215	3.517212
3.617521	5.002936	3.091995
3.725076	2.961053	4.350530
4.987187	5.122817	8.480534
3.808878	5.545405	2.963245
2.834549	3.713572	5.008602
3.768687	3.457760	5.515699
4.023569	5.180923	2.932279
3.319411	4.499992	4.132564
3.709876	3.902674	3.388759
4.622709	4.253306	3.830499
3.686566	4.568923	2.804030
4.004660	4.923721	2.909794
4.565917	7.363778	5.199019
5.629000	5.342701	6.606748
3.672427	5.045563	8.458900
4.876030	4.755052	7.709687
3.537353	4.494378	3.257312
5.238825	6.557931	4.494246
4.048100	4.930084	8.793726
4.374849	4.947289	4.129805
4.476006	6.347417	5.890947
2.652496	3.848729	5.037522
4.753960	6.137835	5.534682
2.668428	3.948393	6.900726
4.487259	5.272129	8.605966
4.278509	4.553277	3.456963
4.982364	5.100419	8.090146
2.648050	4.083183	6.792430
3.799670	5.583344	3.408857
3.363590	4.631549	8.657167
4.574866	6.418836	4.024444
4.826109	5.964006	8.531116
3.108347	5.432823	5.362842
4.406632	5.129634	9.035427
4.097593	5.038754	8.696408
4.021199	4.000292	3.574490
3.584863	5.273591	8.867709
4.887043	5.623961	8.420842
3.032425	3.506400	4.269198
3.087983	4.371493	8.244775
4.473757	4.927004	3.081187
2.842055	3.199263	6.089848
3.279258	4.359730	3.413718
3.910291	3.465841	7.698456
4.033212	5.233379	8.939164
4.016757	3.896807	7.769311
4.025135	5.060545	3.060930
3.544074	4.359426	8.060034
3.713044	3.935848	8.745873
4.105870	4.609518	8.820313
2.903486	3.070666	5.982689
4.618855	7.054403	6.489183
4.513314	3.713586	4.689783
3.807031	4.905292	3.064456
2.782364	4.306627	5.088707
3.852321	4.447996	8.968046
3.073475	3.649700	4.146512
4.111717	4.870945	2.978097
5.185749	5.508563	6.604984
3.719669	4.237701	4.067293
5.038884	4.872470	4.019013
4.655844	6.563523	4.481668
4.608151	5.980466	8.111588
2.194111	4.512915	6.611320
5.030460	6.421128	5.324843
3.355807	4.177207	8.239137
4.998405	6.046171	8.225145
3.402798	4.578703	3.859861
3.848097	5.357188	4.065656
3.379671	4.027088	8.662107
3.852250	5.344032	9.204629
4.818968	4.479762	5.785397
5.529506	5.393794	5.098362
4.601789	4.565753	8.830711
2.648008	4.394421	7.156554
3.837021	3.741265	4.730473
4.312374	4.409877	4.517141
2.782559	4.727709	5.229514
4.001287	4.836820	9.220821
4.714077	5.166489	4.057935
4.367728	5.443298	3.563897
4.320389	4.635805	3.517727
5.373822	4.863097	6.283111
3.333171	5.760950	7.873933
4.324266	4.623911	2.724185
4.972413	5.422233	6.117588
3.828552	6.321838	5.059881
3.942707	5.031825	8.618830
4.102816	4.926744	9.204775
2.568076	3.546179	5.954921
3.806270	5.033504	8.867883
5.229829	5.017419	5.062105
3.831215	5.326783	2.897156
3.392806	5.431639	3.455252
2.788584	3.601018	5.913422
4.295354	3.935180	2.755384
4.111142	6.770870	5.659088
4.228706	6.730379	7.291911
3.801107	4.183463	9.143498
4.051907	5.869948	8.354576
4.414140	5.744143	8.564176
3.603152	3.453295	5.278613
4.982883	4.573645	6.068504
3.857435	4.885217	3.109367
2.992499	3.420278	6.935170
4.006441	5.006554	9.182100
3.808601	4.243381	3.662904
3.566496	6.139941	6.824447
3.081979	3.995052	7.656531
4.492586	5.268450	3.062778
3.961364	5.180014	3.101505
2.874675	3.447218	7.210954
5.223804	4.341552	5.014320
3.267735	4.457137	8.548746
4.356020	4.962806	9.201327
3.824486	3.627982	3.986700
4.016114	3.950243	5.148806
4.044771	5.164919	3.323637
3.913897	3.903202	9.010912
3.561652	5.402878	8.430629
3.521197	3.997302	3.289619
4.143869	5.059812	8.769985
4.320926	4.319888	8.115979
2.918951	4.598328	8.326758
4.284459	6.096803	8.584074
4.285529	4.772336	8.578621
4.261441	6.739832	6.327933
4.053531	4.976674	9.023735
3.704038	6.414011	4.674329
5.120930	6.001744	4.481199
4.905173	5.395664	3.695188
3.513306	5.215769	2.744077
4.068471	6.652710	5.657681
4.119466	5.481957	8.725555
2.574824	4.348706	6.420478
4.646477	6.691364	6.914383
3.091251	3.144355	5.244656
4.110039	4.375078	8.787745
4.540705	3.862661	5.402806
4.854519	6.255649	4.343260
4.766674	6.606508	3.718427
3.685769	5.794799	4.870107
3.783793	6.108026	7.917669
4.290299	4.860786	3.234067
4.047011	4.180003	2.959252
4.868057	5.341003	3.248063
4.625090	6.019478	8.521684
3.776451	5.317312	3.331570
3.282990	3.608971	5.031559
4.336506	5.469107	8.774168
3.263512	5.376625	8.443831
4.343074	5.285357	2.739100
4.914059	5.361281	7.611314
3.990558	6.296900	8.334705
2.894499	3.720849	3.658883
4.424027	5.417096	8.311112
4.839367	6.788977	5.428561
3.313034	4.363220	3.060667
4.109811	5.006149	8.792240
4.041155	4.924120	8.980371
3.319384	3.283588	6.929107
5.118542	5.478353	4.077064
3.507914	5.009304	4.096041
3.526383	4.933823	8.709590
4.028541	6.081069	5.838642
4.038617	4.474596	7.910944
4.026482	4.192137	3.956103
3.518854	6.317363	6.311061
3.777747	6.110603	5.840675
3.823184	4.559829	2.961392
5.202304	5.538713	7.408749
3.748934	4.695351	3.594006
2.606381	5.236547	4.401790
3.432019	3.795917	7.999965
2.881071	4.692767	7.972119
4.988226	6.006294	6.969547
4.351541	5.272326	2.984875
4.775239	4.935853	3.673201
4.445524	4.234227	3.971361
3.239475	5.086595	7.428493
4.311529	3.438207	5.893671
4.835582	6.470771	6.804979
4.845083	6.517188	5.887123
2.813461	3.649393	5.356039
3.930610	5.752792	8.057778
4.625685	5.687136	8.654460
3.691218	5.520072	3.610716
2.946592	4.123931	3.975344
3.737466	5.767564	8.493553
3.907336	6.031161	7.896259
4.733092	5.012411	7.505109
3.931655	4.975044	2.910442
3.777341	4.587533	3.330451
3.142534	4.915840	8.910694
3.845914	4.876578	3.158799
5.155187	6.670960	6.750975
5.431268	5.804740	7.204703
4.654285	4.871990	8.910550
3.696732	3.420560	6.731542
3.955266	4.717381	2.404127
2.915472	4.348075	4.705571
5.173350	5.679049	6.371941
4.496043	5.744681	3.796688
3.095688	4.606714	4.722307
4.190629	6.092017	3.411445
5.542598	6.392853	5.819763
3.620554	3.337390	5.016121
3.035309	3.446822	7.483079
4.592881	5.403077	3.568371
4.617512	5.780408	3.917207
3.104855	3.165363	5.551320
3.779825	5.524765	3.102932
4.706966	3.907361	6.587451
4.273501	5.405836	3.199547
4.700788	5.179189	7.129946
2.904199	3.333718	5.615136
3.571373	3.475455	6.783903
2.791663	4.102953	4.516330
3.926292	5.190521	3.459028
2.912662	4.354962	4.145056
2.706512	4.857225	6.202540
2.854990	3.776606	4.727577
4.735890	5.581931	4.276352
4.136262	4.995012	9.338666
3.851171	5.675437	8.467985
4.752860	6.022370	3.627064
4.063085	4.838233	3.357747
3.754800	4.922385	9.303804
4.060162	6.152531	3.527090
3.077441	4.958836	8.431420
4.728805	5.079464	8.815274
3.409708	3.148670	6.258569
5.016410	6.478773	5.999879
3.753796	5.556205	3.024734
5.507423	6.258741	6.435857
4.222667	6.066789	8.544912
3.152791	3.368670	5.936466
3.507781	5.424489	7.147320
2.916688	5.154598	3.955131
3.137132	4.501701	4.286557
3.775329	5.407653	3.475415
3.895553	4.894780	3.367702
4.657713	4.869852	8.208417
3.991229	5.264771	9.014419
3.507610	2.879842	6.728829
3.662166	5.068204	8.640875
3.596394	3.836528	8.661461
3.252950	3.086918	6.086688
4.233725	4.302205	4.230963
3.138081	3.802755	8.037889
4.042575	4.552147	8.642655
4.139002	5.134973	2.908676
4.431069	5.923418	3.123806
3.994241	5.064417	3.159733
3.425183	4.930587	3.189656
4.169436	5.004388	8.862871
4.714422	6.588651	4.710342
4.539557	4.860147	9.336747
3.900697	3.619892	4.231821
4.897265	5.875459	6.070464
4.707470	5.399434	6.298666
3.789727	4.406586	2.930153
3.868311	4.302317	8.650192
3.842559	5.978328	9.051042
4.771470	4.689774	8.360864
4.314926	4.903886	8.896199
4.226135	5.503595	8.740891
2.978763	5.407938	6.747337
4.140203	5.033813	2.752274
4.129420	4.726946	8.470734
4.387420	6.915715	6.875407
4.058213	5.281762	8.958886
4.710595	4.238162	6.454033
3.126798	5.239835	3.985903
3.939980	5.168682	9.313515
4.552551	6.301473	7.899102
4.008790	5.956190	4.056505
4.518708	4.289083	7.889290
4.441482	4.501152	9.127685
4.109263	4.447351	8.301337
4.633392	6.200509	3.851509
3.706389	6.027056	7.611807
4.399205	5.708658	8.763177
3.855765	4.955193	3.577451
3.862469	4.417691	8.338982
4.534823	6.379720	7.552784
4.629572	5.788397	2.983531
4.063204	5.016198	2.840090
4.025217	4.640961	9.338652
4.342659	4.365777	8.379835
2.545615	4.448399	5.331000
3.101129	4.272206	3.746754
4.485467	5.309985	3.132859
4.135106	5.987745	5.478880
3.879113	6.147664	3.482897
4.656242	6.476810	7.218380
1.086668	4.585900	7.037703
3.146448	1.708877	4.346996
7.499530	8.929583	7.250087
1.494046	1.245268	4.568774
5.999562	3.404341	7.096616
6.285964	5.990831	4.938638
5.936657	7.236621	2.940846
3.551548	3.420870	2.150264
3.196270	5.495353	4.658267
7.912207	6.219134	3.720790
2.077695	1.895092	9.797396
0.047004	3.577926	2.822549
5.748719	8.806690	5.579801
0.815240	3.022623	7.626285
5.235027	2.683689	8.066870
7.376093	8.964539	8.277219
3.926269	8.423093	3.133180
4.051864	6.118260	8.191143
6.916431	3.296788	9.331850
0.612891	8.836683	8.029008
0.731016	1.910572	7.561586
5.212030	6.687929	7.680478
3.372176	2.829408	2.475513
3.922195	6.782354	8.701407
7.365154	8.865962	2.346378
5.033214	5.734498	7.280564
1.655832	8.758465	3.256922
0.506908	5.746088	4.739828
5.887405	4.221172	7.160598
6.644682	4.640976	4.433636
5.001207	6.852661	9.307447
7.254119	2.695439	7.864435
0.855742	4.493604	2.896992
6.228026	1.569032	8.502364
3.026926	5.550006	2.259190
5.344528	5.062412	3.283796
4.575456	4.758821	7.120150
0.902353	6.179755	2.676895
1.701232	3.178136	2.575653
6.598996	1.447092	2.685248
3.052394	7.781233	3.715574
0.782938	2.280258	7.463631
6.319046	7.554455	7.416255
3.148670	1.786373	4.932812
2.962488	6.882856	4.488585
3.245426	1.768156	3.738292
2.191949	7.837767	9.604785
5.280150	1.516441	8.182286
6.965634	3.015610	6.302442
6.632180	1.809645	3.134165
0.766355	5.449153	4.344395
5.396370	4.880996	7.342422
7.677047	8.452633	6.212219
3.184436	6.205100	9.351154
6.196020	6.981167	4.678536
0.204273	7.912277	8.482596
1.863779	5.135675	3.197567
6.703672	2.991460	6.036888
2.723729	8.632517	3.261531
7.765631	5.116441	2.887550
5.584682	5.843150	7.306655
2.573186	7.368160	3.357319
5.857028	8.374337	9.465973
3.685359	6.318577	8.841496
6.032922	4.414263	8.434254
2.597350	4.300535	6.105347
5.484484	2.621784	7.195108
0.863914	8.923018	9.985575
4.430339	7.057053	8.406940
2.087028	2.000670	2.958982
3.987766	8.215935	5.337174
4.258105	4.467009	5.345346
3.963433	4.501080	6.651401
7.072326	1.254287	9.397690
3.428040	4.966605	6.340972
6.541710	1.226506	2.864379
7.795421	4.327077	3.050162
4.807729	2.696442	7.951039
5.307824	1.238913	9.618374
5.428324	2.196197	2.980646
1.433753	6.560434	5.507919
5.140131	7.159604	2.688494
0.294736	6.145705	4.825696
1.660617	4.639128	9.729007
1.490239	3.807504	4.956312
0.403114	6.052622	9.607253
6.503640	3.820712	4.241765
4.602170	8.633046	6.836089
1.868351	6.244940	7.431172
6.553032	6.001750	4.618909
0.064326	5.961418	4.656330
0.381025	5.382260	6.099703
7.052815	4.870753	7.262434
6.573100	1.568249	9.878671
2.997882	5.026019	9.206512
1.415276	7.290145	6.302937
5.616966	8.960217	6.584080
5.290992	1.348445	4.527655
4.932707	6.796694	9.022771
1.096562	1.060475	6.391837
5.499650	7.462339	4.519599
6.597181	1.665351	2.444766
3.692440	6.827379	6.447715
3.019043	5.087075	6.697008
3.069593	8.515598	2.800851
5.542801	8.283468	6.954732
7.419554	5.860570	6.494817
2.577624	4.876264	8.183965
3.152146	6.578842	2.406862
1.120361	2.211709	7.293868
7.771337	4.980193	9.567496
5.026745	4.590239	7.489348
7.628225	2.814163	3.592216
6.979908	6.760556	2.800644
0.797334	2.990463	8.371159
3.503256	2.096493	3.276441
4.288637	8.210121	2.567999
4.035660	4.045334	8.870386
5.600638	6.777478	3.967557
5.804251	2.763183	6.253353
0.246466	8.095431	5.259299
4.058671	2.043204	3.332992
4.748314	4.460049	7.742596
