5.338393	6.396775	6.220636
4.125681	5.652102	8.801805
3.439648	4.933890	7.596112
4.890751	6.386641	4.416504
4.445373	5.357340	8.342230
2.975566	4.525038	4.108293
5.523382	5.491160	5.084553
3.054424	4.383177	3.355767
4.310410	6.360098	8.324611
4.242936	4.259807	4.084784
3.283558	6.222393	5.870745
5.116838	5.640307	3.914431
3.991840	4.467811	8.873038
4.448913	5.164353	2.749576
3.001903	5.035204	5.309553
4.687997	5.162997	8.670236
4.499113	4.030228	3.592683
3.521522	4.856401	3.559989
3.856406	5.342341	8.894209
4.441514	4.851578	3.009541
4.003100	4.810192	9.302957
4.200711	4.015365	3.762170
3.529497	3.017016	8.324462
4.102556	4.671338	9.128960
4.591654	5.025784	3.601763
3.246570	4.049750	8.516925
3.533828	3.895756	8.127256
3.741409	3.717080	3.309254
3.890681	4.884985	2.307401
4.322971	4.885969	2.653671
3.448618	4.751415	2.966297
4.122019	4.677461	9.019850
3.828623	5.161762	3.441333
3.884810	6.647052	7.610667
3.460434	4.508727	8.934074
4.285768	4.780059	2.905626
3.331195	3.646814	5.005130
4.581471	6.388126	8.686665
3.426424	4.623885	8.298685
4.450257	3.693031	7.018721
3.276010	4.295688	8.435911
4.618432	6.283211	4.515242
3.441491	3.155055	5.311370
3.091394	4.146555	6.174424
4.457651	6.105541	8.147481
4.476443	3.540107	6.299489
4.329727	5.637626	3.414576
3.539011	4.881453	3.320883
4.076548	4.451064	8.527595
4.787502	4.390761	6.565400
3.953169	5.839971	4.102809
3.015862	3.538073	6.256383
3.564706	3.357203	4.530024
4.462180	4.742353	8.532329
4.642954	5.734882	3.726236
3.336143	5.032630	3.447046
4.364183	5.732987	2.620078
5.259901	6.400804	6.437973
4.408449	5.129415	3.146405
3.412922	4.362967	3.757390
3.511962	4.602682	4.139244
5.227488	6.047992	4.395092
3.954290	4.773589	8.581462
4.744537	5.289363	8.691643
4.573256	6.001577	3.702347
2.762007	3.667192	6.018452
3.079213	5.003004	8.371468
4.808203	4.612301	4.299974
4.150549	5.261514	3.325018
4.293164	5.727774	8.410200
3.910237	4.755305	2.729215
3.874134	3.815073	5.178040
4.781342	4.929082	7.344501
3.949147	5.038568	3.207574
4.807927	4.065306	5.035745
4.156874	4.349761	9.093306
4.936272	4.315304	7.103076
3.838774	4.736520	8.611363
4.005424	4.488019	8.549151
3.162964	5.056835	3.211122
3.419138	5.688953	4.431859
3.447589	3.815544	7.481258
4.754217	4.202027	6.716921
2.881762	4.603962	4.446766
4.051060	5.160156	8.766589
3.741604	5.582971	2.967332
4.093680	6.553894	6.010102
3.965778	5.438041	3.413652
4.623615	6.523405	4.955937
4.589268	6.164715	3.951759
4.480239	3.837293	8.337732
3.894577	5.264370	8.943816
3.139653	5.246587	7.391963
5.094350	5.818293	7.622638
3.874173	4.994741	9.005118
4.240164	4.620567	2.803023
4.423912	6.480755	6.451075
3.696949	5.507393	8.592083
4.315656	6.254726	3.483628
3.824974	5.789370	3.501947
5.478653	6.276042	5.325958
2.764509	3.441867	5.390435
4.618892	6.173371	7.090448
4.259963	6.648805	6.667564
3.804208	4.865342	8.982487
4.684215	3.976344	6.326554
3.203909	3.545358	7.628633
2.879572	4.737010	6.702941
4.500858	4.787865	8.121404
3.976798	5.361964	3.460502
4.507227	5.793765	4.147253
5.232475	6.609760	5.607945
5.025228	5.614110	6.290771
4.819548	4.801392	4.483743
3.629296	4.509897	8.405142
4.056849	4.915512	3.250617
4.304966	4.952229	3.655407
3.916673	6.428357	6.080639
3.732010	5.048135	2.987474
3.536864	5.391235	6.345673
3.974735	6.028633	3.469865
3.151377	4.279600	6.802979
2.678384	4.194193	4.189509
4.270082	4.476882	3.818652
5.052257	5.532385	8.183358
5.366429	5.313063	6.683964
3.226031	5.027639	8.057198
3.082851	3.249345	5.695617
4.330494	5.690322	3.854627
4.256051	5.680072	3.171092
3.142509	3.193300	6.739982
4.377559	4.855147	8.206825
4.274474	4.772781	8.361259
4.386528	4.604343	3.382111
4.876120	4.132059	4.945367
5.066190	5.295451	4.060641
5.201969	6.018243	8.140196
5.209813	5.616946	5.161444
3.787618	3.396414	5.797175
4.216383	6.123681	7.939288
4.785014	6.437901	5.664876
4.475676	4.808690	2.919299
4.606754	5.018470	4.571095
2.685083	4.481576	4.795014
5.315447	6.311866	5.869461
4.370199	5.187625	3.536583
4.775540	4.573841	6.249784
3.520084	5.517865	7.928512
5.643701	5.151511	5.371058
5.059497	5.291802	6.482348
4.652906	6.954495	6.851084
3.865169	5.964787	7.711911
3.861767	5.105549	9.111900
5.176089	5.525833	4.343123
3.721142	2.877557	6.195443
4.377950	6.229593	4.143075
4.291248	4.121413	7.217734
2.533072	4.469900	5.314758
3.288535	5.636229	7.501534
3.475607	5.017460	8.494807
3.551541	3.393959	7.232642
4.016482	4.026674	4.002371
3.917968	5.152838	8.909000
2.952546	4.566982	4.210095
3.373929	3.338204	6.724437
4.487323	5.339616	3.548012
4.260887	5.042232	9.049023
4.017855	4.341639	8.298057
5.153861	5.910989	7.351626
3.810939	4.643511	3.188530
4.089201	5.457283	3.763872
4.637118	6.909071	4.530675
4.009693	6.063321	5.498802
4.088985	5.065005	2.888000
3.802673	4.676779	3.271055
4.758956	4.686187	3.498698
3.820446	5.716782	8.817290
3.564916	3.972403	3.813674
3.180776	3.872162	3.847698
4.032990	5.884886	6.630177
2.762519	4.718438	6.723634
3.731194	3.756192	5.873601
4.962741	6.091379	8.025636
3.718943	5.625480	3.709727
4.937181	4.321984	5.803844
3.903145	4.256560	2.940130
3.695369	4.607597	2.498887
5.223120	6.024089	8.051897
3.097095	5.127810	6.482118
3.631183	4.774418	9.128815
3.604497	5.822283	4.170268
3.943006	4.741477	3.607156
2.861734	4.666491	4.729797
3.534942	3.738141	4.154596
5.383901	6.584470	4.770208
3.041084	2.517097	5.965102
4.054189	6.009938	8.904166
3.608106	3.782760	3.692254
3.891628	5.159735	2.891878
5.040816	5.212816	8.310223
3.641833	4.196503	8.948096
4.814179	6.722340	7.760208
4.084655	4.062149	4.916526
3.844112	4.643577	2.547972
5.298049	5.501320	3.804722
3.355595	3.819063	8.874683
5.053113	5.787979	8.258864
3.960207	4.962715	9.033220
3.461922	4.496184	8.616855
4.495450	6.062880	3.502874
3.334267	3.748351	6.764254
3.668708	5.025255	8.454518
3.266020	5.070621	3.231078
5.076409	5.367586	7.262682
4.028523	5.050465	3.146212
4.532993	5.807891	3.471639
5.160050	5.728199	6.815168
4.124937	5.910553	7.738529
4.468490	5.137843	2.792995
3.405260	4.005196	3.785720
4.391879	3.845341	6.501236
4.707457	3.686866	7.795649
3.586690	4.732465	3.557617
3.869562	5.458011	3.420087
2.683146	3.870703	7.592208
4.199243	4.232884	5.371073
3.816074	5.798830	2.759814
4.253891	5.605330	2.882299
3.768953	6.480078	7.487547
4.507557	6.471603	8.378419
4.320971	5.747016	8.469160
3.052011	5.254322	6.202163
4.112583	4.730745	2.995533
4.239877	6.769896	6.825897
4.815453	6.076001	8.131496
3.507495	3.725717	4.934152
4.285761	5.747203	8.413609
3.108025	4.670914	7.403581
3.845147	5.251644	8.702104
2.914853	4.179408	7.950438
2.972093	4.595158	4.866594
3.209472	3.761635	7.974230
3.716820	3.668715	3.905377
2.670094	3.637789	7.376575
3.299662	4.035222	4.369164
4.447213	4.802087	3.821431
3.664269	3.648479	7.212971
3.454860	4.066950	4.602567
2.919226	3.214008	6.625494
3.713722	5.229829	8.452153
4.431859	4.390333	2.492133
4.007930	4.470956	8.574287
2.832107	4.305538	6.802824
5.156958	4.544280	7.502278
3.465145	4.978834	3.389138
3.108659	5.566520	6.118975
4.004024	5.332600	3.119425
5.266292	6.516874	5.403995
3.763511	5.058368	8.490234
4.842805	6.177927	4.896894
5.150940	5.819585	5.925036
4.343860	5.444900	8.431600
3.719025	4.709585	8.665960
4.686730	5.436278	7.715606
4.125325	4.285505	8.605698
3.978105	4.471833	8.974007
4.822266	5.917335	8.891912
3.911627	5.854895	4.107403
3.847397	4.968504	2.869174
4.723835	5.996041	3.162323
3.569718	3.623540	3.113332
4.519126	4.886710	8.899982
4.551273	4.419878	3.100456
3.322118	3.424169	5.067971
4.610922	6.214748	7.224083
3.840560	6.017500	5.016921
3.757991	3.633435	5.177797
3.936657	5.242464	9.074390
4.562633	4.575606	6.518623
3.716585	5.545372	9.016261
3.534166	4.672030	9.057755
3.798584	4.756448	9.344117
3.100381	4.313788	3.888206
5.187999	4.781492	7.832744
4.905400	5.309794	3.817183
4.810876	6.744963	7.558100
3.978200	4.738292	8.679976
4.402592	5.790975	3.196861
3.477384	5.766778	5.106560
4.112793	5.955900	3.677467
4.153635	5.013126	9.014122
3.366980	4.057075	8.103293
4.251318	4.983610	3.288874
4.833274	6.203435	3.770511
3.758256	3.234756	6.132664
4.007635	4.940855	2.966659
4.636646	5.807740	4.162382
3.083310	3.487979	7.773133
3.333627	3.212120	4.617170
4.160634	6.024898	4.155307
3.225532	5.419347	8.611412
3.759355	3.903504	9.118031
3.776341	5.915362	7.971447
3.631661	4.086618	4.052539
3.988155	6.466040	8.078244
3.353728	4.533867	4.031031
5.307747	5.591204	3.080418
3.483088	6.149829	6.943905
3.511882	5.817958	3.517200
4.938904	5.888608	4.912084
3.222199	3.861127	4.282785
4.392650	5.114140	3.199190
4.818701	6.464025	7.705502
5.045491	5.357888	3.744205
4.075994	6.669715	4.711515
2.815722	3.546478	7.253221
3.172415	6.171653	5.309340
4.751746	5.967773	4.660722
4.503311	4.676302	8.725664
2.914664	3.812162	7.235189
3.268036	4.621180	3.875222
3.685338	4.800608	8.941974
3.809146	4.524503	3.653281
3.784816	5.175477	9.255416
3.662416	4.148501	8.564325
2.991595	5.434706	5.456893
4.271428	5.005397	8.444200
5.293926	6.802644	6.827418
4.025942	4.367956	8.848484
4.018959	4.837092	8.785685
4.977835	4.851030	3.785332
3.355268	5.471019	4.452624
4.376214	4.730457	9.044448
3.423879	5.826030	3.419170
4.633870	5.409349	9.211549
4.549516	5.010537	8.883372
4.699245	3.910785	5.626242
4.291585	5.759207	3.189704
5.112398	5.338719	5.795560
4.423265	6.423602	8.095530
3.180772	5.373562	6.772943
5.060197	4.775389	7.375290
3.400054	4.632689	2.932550
3.228610	4.380453	3.612000
4.559830	6.748557	5.251040
3.575524	6.009223	6.308903
2.802187	3.867907	6.124508
4.141308	5.024403	9.008480
4.428352	5.899996	8.121903
3.031118	4.558065	8.405418
3.263563	3.595989	4.389430
3.621810	4.895182	3.245823
2.848797	5.437492	7.308522
5.211158	6.336011	6.457984
4.116836	5.397730	8.932668
3.636500	4.526100	2.681191
3.534451	2.864094	6.993648
4.163493	5.315393	8.736681
3.920543	5.303005	3.047139
3.148523	5.572173	5.543363
4.064857	5.388639	2.669300
3.924732	5.100537	9.633154
3.423516	3.370811	7.367670
3.069121	5.597619	7.109231
4.373560	5.293036	2.786402
4.028079	5.414760	3.091680
3.721108	5.015766	8.694626
4.723974	5.843604	4.113133
5.587655	5.948642	6.210526
3.330941	4.295121	8.071119
4.172683	3.806754	7.258146
3.776197	4.151884	3.203856
3.717272	4.621834	9.060483
4.449735	5.884533	4.073652
3.594749	5.064926	9.180782
3.074873	4.661881	7.184766
2.621761	3.955165	5.694386
4.026655	5.747038	9.037435
3.759890	3.349472	5.987958
4.718965	5.539866	8.105819
4.164856	6.622013	7.284085
5.000000	5.377147	7.695119
3.682720	4.438394	8.785348
4.125124	3.475191	7.737747
3.395800	4.936740	7.636087
5.092675	5.315554	5.341514
5.205820	6.410916	7.167073
3.759491	6.867804	6.817057
5.030531	4.098140	5.533725
4.898412	5.597870	8.804417
3.895474	5.002836	9.027212
4.058822	5.090345	2.712152
4.743785	5.291445	8.241809
3.482606	3.636020	3.989851
5.200261	5.493496	7.461104
5.290118	5.759690	5.889223
3.249672	3.054863	6.023690
3.726924	6.029042	3.962291
3.304750	4.432410	3.765419
4.427185	5.531975	3.498933
3.935774	4.744960	8.860721
2.671352	3.462658	4.078936
4.431272	3.753902	7.526328
4.167553	5.559304	8.959715
2.516061	4.818123	6.092961
4.964041	4.777185	6.198289
3.627719	5.660334	3.676913
4.385133	5.533903	8.854777
3.354273	4.368469	8.110477
4.172177	4.130177	8.371601
3.053494	4.493801	5.548765
4.549784	6.042270	8.687088
4.799085	6.056907	3.445015
2.935608	3.765252	5.579843
3.017613	4.138690	7.687029
4.520070	4.936526	2.927379
3.098898	3.691346	4.989234
3.791747	5.130964	3.055048
3.701899	5.538834	2.991150
4.106398	4.336884	3.406755
3.793263	3.189453	5.584404
2.945956	3.553393	4.902147
3.149499	4.656255	4.122686
3.870897	5.491910	8.358241
3.265017	4.352203	8.475763
2.675655	4.410278	6.815960
3.438962	3.212861	6.090973
4.069901	4.321753	3.670659
5.002164	5.047569	4.338261
3.410937	3.868873	8.017964
3.972139	5.074842	3.139232
4.001378	5.303586	3.321727
3.947548	6.019744	8.876084
4.162737	4.852794	8.691061
4.099221	6.274867	4.670215
4.016908	6.814265	7.381383
3.602333	3.337653	4.707000
3.396182	4.619638	3.954654
4.061984	5.015968	8.785469
3.566587	4.470864	8.688282
3.427439	5.789958	7.906403
3.300662	5.323680	3.290835
5.149131	4.522974	4.553303
3.819586	4.997447	2.686629
3.343292	3.569311	4.815649
3.250779	5.146974	6.110680
3.597785	4.949670	3.721517
2.799701	4.253180	6.855878
4.105192	5.298849	2.810308
4.735966	6.732988	5.024972
4.876498	5.426632	3.370012
4.038637	4.740938	3.304512
3.911123	5.695961	8.532641
2.529559	3.095163	5.540707
4.002178	5.017117	9.234044
4.179270	4.526175	8.968242
2.759530	4.027703	8.139995
3.320187	3.433446	8.086330
5.382573	5.979010	7.487725
3.835522	3.201054	6.259531
3.631221	4.568603	8.985163
5.578336	6.090860	4.588125
3.324644	5.183142	3.445214
4.366561	5.175775	8.370329
4.098292	5.077515	9.120152
5.001416	6.554759	7.032044
4.697943	3.911476	5.543686
5.073376	5.763636	8.145786
2.948908	4.089714	5.833878
4.129944	5.384564	3.260309
4.898837	6.776024	4.661497
3.792188	4.411530	2.975381
3.561223	5.384322	8.427526
3.798541	4.851126	3.100263
5.328695	5.735189	6.997964
5.140559	6.242088	5.706757
4.501252	3.681970	5.637796
3.574370	4.174901	3.587451
4.828215	4.869359	8.965488
3.761259	4.751640	8.410401
3.307531	5.909082	5.053756
3.733164	5.466236	3.270974
3.904484	5.185055	2.844678
4.092813	5.310146	3.229205
3.818871	4.531226	3.368760
3.179944	4.192578	3.625071
4.225083	5.226214	3.325281
3.126203	3.420163	4.419366
4.909543	6.656552	5.483163
4.821424	5.184092	3.642634
3.323619	3.240201	5.967154
4.239720	6.694459	5.458834
5.759897	5.980539	4.679495
4.644044	4.570810	7.772153
4.239851	6.930377	6.165329
4.738829	6.756920	5.879077
4.135523	4.978028	3.856421
2.920554	5.741799	4.959654
5.141461	4.004448	4.074102
3.934259	4.860782	2.786903
0.390293	2.403792	2.576179
7.178817	7.578592	8.935702
1.125926	3.813983	4.064815
7.434363	3.419721	5.431341
3.308294	1.603176	9.334174
4.664230	7.505932	3.973571
2.998561	8.084127	8.791295
4.040276	1.981988	7.240149
2.084322	7.356911	7.049050
0.377544	4.424172	7.093516
2.729032	4.945028	8.324526
0.349724	8.926148	8.666333
4.750505	8.545025	9.900947
2.666394	5.241990	3.224191
3.016063	1.030664	2.095970
4.622798	2.876675	2.640401
7.261334	1.577610	7.584769
7.471287	5.841613	3.041978
5.465947	2.276918	9.776497
0.400354	6.942670	8.620081
5.785199	6.090276	2.294164
7.279689	4.509854	8.237467
6.074255	4.788365	4.183379
5.422299	8.350029	7.377361
1.380708	6.036263	8.204376
2.374326	5.528981	2.184337
0.052993	2.719395	7.617472
2.667323	8.150264	6.324586
5.978925	5.190486	9.039021
7.229218	2.709935	2.126106
5.327850	8.611264	8.160807
1.500879	4.248063	7.787453
7.550624	3.934016	5.879509
6.271400	7.184025	2.096813
1.354358	5.540448	5.576124
2.981780	3.851952	9.230312
1.588201	5.888881	6.893043
0.115160	3.703725	7.688208
2.330506	5.462499	5.749359
6.509557	8.713554	6.007929
4.019049	6.940670	3.457795
1.898932	5.457851	5.294838
0.895508	2.385470	2.023333
4.758789	5.138613	2.107960
0.681729	2.781070	2.190013
4.814973	6.964214	4.603808
6.915134	6.639912	6.837909
4.682728	1.874648	2.390073
1.781748	8.976603	4.677500
4.503317	3.307089	3.150360
1.727832	6.594775	2.554721
6.815979	1.045606	6.571990
2.199257	3.543504	4.303818
0.140854	5.125016	3.582168
7.142388	4.440894	7.391163
6.807763	8.254855	4.296099
2.352920	7.977386	5.169235
2.516538	6.422831	3.130843
0.237585	8.031745	8.380458
6.897352	3.860115	2.818452
5.055765	2.588943	9.474840
5.749436	5.608404	7.358060
2.975997	5.065228	2.232069
5.823779	2.862033	8.701384
6.243468	3.421732	7.118010
1.041208	5.565696	5.435645
6.459201	5.703562	9.463334
4.849448	3.871506	2.225244
5.392613	5.211244	9.358902
3.757432	7.796052	6.632536
5.483359	2.370770	2.007731
3.821536	1.791132	8.553805
0.728721	4.780867	8.710428
2.770881	3.388307	4.538387
0.098952	5.170536	5.813318
5.463353	2.329142	3.678494
0.939095	7.246906	3.221557
2.975778	1.495097	6.062756
5.191503	1.968310	4.879200
2.904147	6.809477	6.066225
2.101954	5.164157	3.218264
2.029698	4.223799	8.502726
6.931713	7.926702	6.929935
3.680352	7.891342	9.096228
3.896367	7.918209	8.712292
6.474057	3.318579	4.110889
2.610191	8.529317	3.562625
1.989521	2.072407	7.078616
4.822215	7.173042	2.832262
4.810369	5.335235	3.716855
5.196309	5.736876	2.205821
6.171948	4.122346	8.634683
0.034495	3.100218	4.290975
5.223724	2.289944	8.036256
3.932066	1.480729	5.038165
1.683467	8.548332	5.298832
1.427638	1.284185	4.183952
1.709176	4.716175	4.199413
2.991550	7.893803	7.011343
5.547062	5.004374	7.984259
7.444393	4.034887	5.626375
6.986332	5.526634	6.960210
3.524608	8.447978	4.169061
1.659948	8.366533	4.065767
1.502112	7.643333	3.865586
0.229625	8.344621	2.222496
6.403899	7.445829	8.391491
7.383048	1.448582	3.252040
1.277331	4.074911	8.333839
0.242750	1.037560	2.202652
5.294829	8.423390	7.474752
0.461102	7.680494	4.390124
2.329987	2.766053	4.266304
2.724778	3.451027	4.143697
1.259733	4.151078	9.653908
4.270776	7.793096	4.355487
7.591564	8.883350	7.812534
5.356621	5.187279	3.937093
5.250189	8.280282	4.082111
1.540395	1.020457	8.679412
0.741461	7.264199	3.527849
2.942832	8.360394	5.036173
6.005687	7.765863	6.166423
2.983257	7.854897	4.445485
4.090180	7.227443	5.937272
