3.753432	5.382024	3.293250
4.147047	5.041279	3.209637
4.139506	4.841444	8.543778
4.813016	4.206724	6.857317
3.892881	4.004135	4.763635
4.556007	4.288116	5.011995
3.622115	5.289924	3.406520
4.188122	4.283310	8.494637
3.618339	3.676179	5.730671
4.103967	6.261109	4.072901
3.890781	5.417615	9.374945
4.296397	3.914624	7.190468
3.325192	3.110449	6.200806
4.481742	6.063091	4.180977
3.192665	4.422979	3.520213
3.054734	4.988460	8.255691
3.281446	5.431498	6.435718
3.867952	2.985013	4.771560
3.723648	4.715007	3.225354
3.910274	4.508328	3.540636
3.189050	3.439514	7.064666
3.173591	3.913321	7.752132
3.311528	4.859103	3.033384
5.251813	6.708980	6.425124
4.598336	5.834005	7.532081
4.749278	6.188314	4.336806
2.305028	4.603350	5.961140
4.149348	5.226935	3.250632
4.619988	6.437062	4.365127
3.939379	5.341695	8.725168
4.016849	6.274674	5.018711
5.078635	6.532815	4.350720
5.760105	5.703283	5.324537
4.086317	6.328021	4.428786
3.602276	4.105741	9.026760
3.278847	5.312524	7.478575
3.982692	5.148191	3.023502
5.073604	6.466656	6.103024
5.106887	5.461843	7.746292
3.292465	3.823534	4.466915
5.402349	6.487559	5.494923
5.097566	5.872972	7.718557
4.378230	4.998416	8.509252
4.279085	6.266714	6.591847
4.270155	3.908730	5.453979
3.699204	5.650693	3.150742
3.388941	5.365389	7.635762
3.710876	5.405575	9.117038
3.308092	4.347787	8.682676
4.011949	6.782487	5.512557
5.153922	4.757578	6.212480
4.669927	5.305831	8.737440
3.593583	5.463047	6.745255
4.107761	5.156085	3.025388
4.854180	4.815549	4.119687
3.280020	4.331377	4.164831
5.051510	5.230829	3.416538
4.230306	5.224065	8.973347
4.415027	4.257069	3.819996
4.305318	4.762189	8.838112
3.168433	4.775089	8.912025
4.185604	5.348983	9.196948
2.712201	3.934791	7.833030
4.555981	5.656162	8.816271
3.325840	4.590125	3.891758
3.345835	4.081987	3.282729
4.243496	4.649031	9.439144
3.085747	4.619507	5.486799
4.104324	6.505352	7.971644
3.689610	6.063140	5.187135
3.904459	4.222095	8.330353
3.584093	4.380522	8.598373
3.704302	2.956624	4.708441
4.493751	6.101736	8.423271
2.663387	4.110948	5.722691
4.820272	5.113037	3.920614
3.372253	4.819183	4.498532
3.732288	4.083074	8.113707
4.351411	6.582118	4.375826
4.626541	4.528813	4.763911
3.614127	5.216200	8.629004
3.300440	4.723133	8.215777
3.668158	3.547444	6.183122
4.301521	5.243376	8.656618
3.859514	5.085686	8.338863
4.566346	4.782472	6.248145
4.980974	4.280914	7.906303
4.356262	6.188353	3.698366
3.201571	4.679031	8.382936
3.050764	3.409810	6.314032
4.425480	3.829165	8.026820
3.350265	4.195652	8.109558
4.105459	4.932189	9.113463
3.584158	3.327084	5.406392
3.829035	5.173869	9.045936
5.490021	6.485573	7.067974
4.076639	4.909735	3.407961
3.575478	3.996198	3.485179
3.757066	4.371448	3.373941
3.804519	4.679811	8.585080
4.117361	4.966003	3.113756
3.986614	5.594211	7.965922
3.257060	4.886576	7.116229
2.551376	4.455845	7.563071
5.563161	5.888971	5.379011
5.299467	6.170822	6.506054
4.727373	4.740989	3.789852
4.249791	5.358139	8.769952
4.914510	5.120487	6.376959
4.218338	5.601116	3.408539
3.979893	4.796658	2.807437
4.000578	4.807465	2.944034
3.239766	3.005539	4.767516
3.110612	5.621992	3.736757
2.991331	4.540600	5.092649
3.860640	5.602835	9.446571
4.892509	5.119112	7.449656
3.839422	4.906100	8.556294
3.765944	5.168741	8.931631
4.989078	4.789679	8.001418
4.005334	5.155601	8.809471
4.327678	4.703901	8.299527
3.728154	4.286843	8.656585
2.987328	4.889302	4.064525
3.877232	3.943550	9.147886
5.300956	5.308552	4.966954
2.959104	5.466762	4.401629
4.687506	6.494379	5.639588
5.239997	5.249925	5.433606
4.707289	5.598619	8.902726
4.387701	6.829518	7.046134
3.061715	3.967711	8.367386
2.933403	4.487509	5.808983
3.473216	6.230486	7.295764
3.440050	3.366700	5.813417
2.998450	4.424432	7.080903
4.010959	4.164315	3.022460
2.893316	4.265953	4.868757
3.569234	5.233094	2.822981
5.084410	6.334995	6.768081
4.785815	6.535076	4.162049
3.117373	5.765434	5.842134
5.238843	4.916263	4.395336
5.250025	6.248006	5.566432
3.678015	5.912859	6.798984
3.609580	5.981303	8.433494
4.214761	4.595390	3.446325
4.111897	6.409279	5.819473
3.100741	4.987905	4.901745
4.958867	6.197842	6.152387
5.553866	5.058716	7.181883
3.315498	5.264814	2.945743
4.210296	4.103559	6.590662
4.922685	4.286380	5.014413
4.321077	4.286619	8.685807
2.591296	3.807976	5.432127
3.487505	4.838538	2.926287
2.883948	4.166042	7.750018
2.986424	3.718751	7.749354
3.850692	5.494058	9.006028
4.580509	6.509812	6.618225
4.093066	4.915055	8.525970
4.477979	5.273325	8.590860
4.108089	5.010176	2.813474
3.211885	5.433761	8.055372
3.602690	3.882666	3.999363
4.477363	5.756445	8.858425
4.807302	5.820869	4.549044
3.415996	4.422411	8.323731
3.452743	5.269713	3.432010
5.051262	5.620100	3.327146
3.991684	4.256667	3.096686
4.388297	6.215777	6.636538
2.795854	4.496525	4.380037
3.646841	5.886634	5.506036
3.906174	4.194448	4.389287
3.553040	6.598200	6.645190
3.044323	4.495992	7.494736
3.991234	5.297888	8.543339
4.360916	5.294793	9.276320
4.175057	5.150568	2.724477
5.313440	5.627950	3.437899
3.095108	3.557166	7.771836
5.227872	6.666093	5.813915
3.872284	4.991439	8.878336
4.457005	4.865217	8.669086
4.857908	6.355309	3.261861
3.835196	4.390942	8.303906
5.057073	5.182665	6.427063
3.981670	4.409935	8.571846
3.778088	4.917880	2.998465
4.308488	4.494888	8.609648
4.812976	4.841122	4.414751
2.819969	3.865885	4.335720
4.625289	5.568766	7.638207
4.720075	4.544356	4.165167
2.706609	4.711220	6.847981
4.270856	5.502244	3.047299
3.033603	3.617254	4.977063
3.733936	5.395159	2.760754
3.227859	4.207707	3.816732
4.632699	6.080664	7.976594
3.168728	5.589598	6.891013
3.696900	4.443260	8.305122
4.331731	6.152972	8.173623
4.974199	4.530284	5.590058
5.217689	6.210100	4.345592
3.895910	5.278468	3.264972
3.208779	4.858313	7.997791
4.083737	2.962013	6.600215
2.473255	3.814054	7.476338
3.961777	5.007421	3.303938
4.175531	4.969878	3.176130
3.397713	4.774529	8.940210
4.492289	5.882694	3.586549
4.318036	4.933114	3.233239
3.908098	4.275781	8.525011
3.626765	4.156068	3.106115
3.530445	4.355571	9.055111
3.150085	3.304184	5.401011
5.108640	5.544923	7.897659
4.090202	4.259768	3.229799
4.381398	6.572572	5.058095
3.958707	4.874381	8.966134
3.802989	4.913697	9.110323
4.519232	5.844754	2.669020
3.054859	5.241621	5.625346
3.322666	3.415516	6.569298
4.791840	4.904541	3.577737
4.294936	3.561092	6.228160
2.809804	4.278545	6.970958
4.585414	6.443745	4.200863
5.167908	5.899174	6.782142
4.212580	4.883282	8.784839
3.312246	4.253593	4.048341
4.367294	6.229156	3.884996
3.739537	5.283547	2.915073
2.713289	4.087674	6.167363
5.185229	4.336156	7.161308
4.001326	5.192476	3.115313
3.040245	4.964976	4.901242
4.133027	5.318983	8.781173
4.223891	5.180925	9.186555
4.024588	6.287670	8.050330
2.929654	3.829065	5.028745
4.319585	6.564148	6.743449
5.122581	6.408359	5.923980
3.739061	5.271545	9.054397
3.714857	4.303200	3.446526
4.820468	6.683443	6.988861
4.057358	4.284957	3.691995
3.817672	3.415888	4.563458
3.376776	5.856726	4.848037
4.221912	5.051554	2.671862
4.886934	4.561247	3.726704
4.067182	5.259317	9.025035
4.075871	4.312920	3.046440
4.313662	4.155122	6.668290
3.376782	4.178179	3.457127
4.010540	5.389818	9.066742
4.644623	5.296690	8.519081
3.407672	3.292991	5.596073
2.919961	4.776003	8.313878
2.602140	3.754967	6.068202
3.772186	5.650620	8.793663
2.667152	4.169488	5.070221
3.851534	5.787557	7.700236
3.404686	5.011260	8.041030
3.895592	5.469170	8.715804
3.828446	3.574110	7.504868
4.651492	4.981890	8.480777
4.008952	4.258637	8.928776
4.625273	5.454668	3.174410
3.810461	5.032386	8.768136
3.083451	3.317321	5.872722
4.309445	5.133852	3.248519
3.432942	5.953867	7.446114
4.439950	4.139831	3.557516
3.346522	3.204281	7.388984
4.048830	4.482588	2.695984
4.043745	4.420273	3.159101
4.445606	5.217833	3.233280
3.930999	4.876998	8.541792
3.574629	2.949173	7.588288
5.174807	5.965722	7.374967
3.361076	4.961379	9.054373
3.104328	4.023607	7.310428
5.213001	6.287639	5.055792
4.249695	5.944859	6.079300
4.044045	5.387385	2.905544
3.921020	6.226118	7.603619
4.058497	5.318974	3.517938
4.819466	5.607618	3.700962
3.663782	4.865921	8.757297
3.767432	4.638865	2.883938
4.312929	6.553289	7.776491
4.232172	5.197176	3.126791
4.765067	6.802034	8.149688
4.232607	3.289348	4.440841
4.334366	5.137975	9.197495
3.908632	5.405330	3.300461
3.784050	4.821921	9.199610
3.956179	6.664480	7.674767
3.990766	5.532704	3.211117
4.326866	5.533345	8.822390
2.668770	4.250406	6.790674
4.386321	4.765521	7.802741
4.399951	5.392044	3.890810
4.085132	6.506434	5.917242
3.680487	5.418220	2.742625
4.614853	6.378489	5.326173
3.534191	4.010505	4.244121
3.977224	4.342098	9.041241
3.499540	3.941281	8.491303
5.203112	6.093836	7.830676
3.876188	3.459714	3.291460
2.808545	5.392541	5.174790
2.894223	4.109712	6.912030
4.854785	5.255670	3.013272
3.892483	5.847767	3.276304
3.767555	5.389298	3.674591
3.341701	3.851081	3.923331
3.541689	4.305474	8.510568
3.284403	4.166275	3.742278
3.910252	5.747281	8.757039
3.957875	4.331169	3.199468
4.940914	5.263948	3.479211
5.584039	5.426265	6.641298
4.327233	4.815258	3.978373
4.788188	5.030764	6.350703
3.473381	5.704202	3.929031
4.088287	4.645795	2.879454
2.984143	3.553671	5.354167
4.041592	5.281831	2.831558
3.081840	5.853131	5.040869
3.870350	6.323813	5.025457
3.115164	5.555680	3.645979
4.660824	5.804352	3.787352
3.395903	4.915479	3.611239
5.068253	4.814125	5.589311
4.829011	5.545179	3.877051
4.050456	6.181302	3.034697
2.627197	5.108518	5.357634
4.175862	4.261114	8.862913
4.085757	4.846600	3.072864
3.654484	4.231461	3.219523
3.466006	4.673860	3.253575
4.564778	5.014905	9.213011
4.995308	4.898839	3.435309
4.502490	4.464811	7.545672
4.014964	6.276530	7.424622
4.026821	4.041467	4.656759
2.961445	4.106075	4.643747
4.610519	6.283716	8.635342
4.479020	6.441571	7.981657
3.637246	5.213565	3.164417
3.691377	4.014145	8.502396
4.079831	3.507066	4.504251
4.306052	5.855294	8.323585
3.045922	5.206178	5.949950
3.551105	5.747461	9.013283
4.681659	6.528279	6.513580
4.512320	4.723697	3.125721
5.123112	5.500782	6.461471
4.181848	5.464125	2.865007
4.657099	5.579583	9.159836
3.263301	5.726657	7.341750
3.577370	6.088390	8.871264
2.976522	5.050808	4.268982
4.178832	4.246694	3.251226
5.361704	5.552523	5.083300
2.846232	3.491201	4.171705
5.105187	6.023684	3.391284
4.145118	4.093499	7.457897
2.426623	3.514472	6.476473
4.600962	6.739438	5.120186
3.523496	5.296676	3.236838
4.311255	4.554922	8.463525
3.602280	4.283540	8.288388
4.702759	6.062824	8.209279
3.678975	5.789848	3.003991
3.710902	5.666364	7.519421
3.346912	5.342338	3.621845
5.101258	5.532978	8.163484
2.575437	3.565449	5.199500
3.101033	6.509351	6.188981
5.714343	6.475216	6.663235
4.522210	3.813443	7.039075
3.801332	4.734950	8.748855
4.274731	6.134400	3.809755
4.073989	5.505135	8.115419
3.091350	4.789718	7.355544
3.915056	4.284464	3.463696
4.272852	5.298599	9.249300
2.886955	3.923880	5.472583
3.568733	4.041799	8.234521
4.612290	5.420481	8.517565
4.822279	5.567389	7.827818
3.897827	4.117252	3.221564
4.832181	5.724290	3.901426
3.933096	4.286670	9.523365
4.709983	6.803002	4.506237
5.446978	5.580076	5.782176
3.978302	4.784034	2.868945
3.687174	6.022906	2.906197
4.118057	4.760004	8.798620
3.287845	3.506488	7.539518
3.443108	5.091206	4.620412
3.505250	4.941211	8.918081
3.745153	6.065915	4.571986
3.992058	5.220590	9.144901
3.961682	5.171125	2.642937
3.309113	3.637081	7.266067
3.267814	5.907784	3.323865
4.057635	6.757924	4.531252
3.745900	3.855675	3.669070
4.722899	4.640294	3.663425
4.271929	5.406386	8.637021
4.682306	3.934430	5.546100
3.356301	3.646443	8.575151
4.412827	6.679910	4.796652
4.151885	5.041477	3.174183
3.456464	4.941464	3.202362
3.685625	5.150443	3.430063
3.814373	4.520286	2.828106
3.265357	5.720308	8.509224
4.465653	4.678003	7.285176
3.570487	3.545370	4.558684
4.254570	3.514754	5.545714
3.409884	5.472610	8.723250
2.782113	3.799440	6.485578
3.077191	3.484298	6.966761
4.917582	5.169632	7.964727
3.523189	5.865903	5.966677
4.284944	4.331293	8.516717
3.983427	6.513606	5.281218
3.114839	4.794279	4.140247
4.110178	5.444981	3.591284
3.538210	5.187277	3.290402
3.418298	4.340582	8.517763
3.517277	3.295933	5.829264
5.261467	6.880123	7.719599
3.753779	4.889142	8.807568
2.867786	3.043828	6.673679
4.559419	6.446013	8.200692
4.779785	5.516854	8.568481
2.870223	3.518466	4.558303
3.800082	3.444815	7.623454
4.094687	6.040730	3.729201
4.176998	6.586504	7.646343
5.041936	5.870186	5.705108
4.255662	5.358332	3.289228
4.407652	6.048631	4.343832
4.886134	4.511247	4.505707
4.103631	5.101731	3.286616
4.936018	5.214625	5.919459
4.375705	5.938586	3.506735
4.002653	3.948049	3.947324
3.487415	3.454274	6.501839
3.568580	4.187357	8.518177
5.244911	6.518189	5.937161
4.359776	5.470627	2.845869
3.934792	5.656709	3.870707
4.151882	5.899588	3.730890
3.621480	5.042631	3.717825
3.475092	4.879092	9.497965
5.205707	5.371089	4.280910
4.879948	5.679752	8.772930
3.681417	3.562143	3.891881
4.286104	5.062964	3.037646
3.235694	3.056261	6.257039
5.285596	5.644186	6.005877
3.053363	4.763660	3.406784
3.344676	3.469033	6.291896
4.004199	3.549893	7.890522
4.838865	5.908325	3.317062
4.153523	5.353596	9.071779
4.698757	5.240441	8.652529
4.905645	6.435140	5.639335
4.009895	4.354210	8.766935
4.717837	5.760065	8.560629
4.027974	4.897527	2.892078
3.964013	6.907636	4.549709
3.896026	5.564587	6.528572
3.654883	5.051472	3.199563
4.239030	6.664874	8.136349
2.581936	3.897356	7.479324
3.800301	5.255086	8.598057
2.912923	3.426956	6.188399
3.783801	4.552791	2.974197
3.313367	3.273871	5.161342
3.759796	4.875889	9.504275
3.743302	3.604145	8.119338
5.377374	5.661568	7.638154
4.682593	6.861470	6.478192
4.521530	3.917525	4.088026
4.125952	5.648434	3.575833
4.737721	6.166680	8.589512
3.497135	5.513977	4.238935
3.378252	4.974043	2.982039
6.602892	6.164606	9.344637
3.834876	4.849144	2.777900
1.192946	2.746241	2.314346
5.155992	2.036245	8.071579
5.532370	4.243274	9.269293
2.977585	4.997661	5.659630
2.507623	2.950048	6.311281
5.181055	3.593814	9.652976
7.858472	8.332806	5.104975
5.743737	1.436121	2.689648
6.918778	2.015361	6.458179
3.063768	6.728366	4.049417
4.356401	6.310559	2.654625
7.672748	4.179895	5.045686
5.896361	5.409515	8.154043
1.040446	2.590312	6.559657
3.929985	1.769538	3.117888
6.053435	2.007927	4.771520
3.413764	6.333357	4.956920
6.779981	2.515847	2.462529
5.491601	1.939148	4.294928
5.210960	1.935268	8.274170
2.399493	4.959175	6.505737
1.514587	5.068728	3.146847
3.964727	8.783340	8.125399
7.117504	4.778002	3.053125
3.785175	7.622054	9.622753
3.789188	4.868869	7.013799
1.893583	8.817456	4.565733
2.891531	8.479739	3.824480
6.320689	5.950578	9.004787
6.828297	8.168125	4.825125
5.067507	7.042621	5.184697
7.681663	2.172960	5.102254
3.139943	4.216440	7.261067
0.790095	5.390372	5.298975
0.715392	8.439030	3.083129
3.236899	2.507038	4.341341
0.097380	8.930420	5.161420
3.544439	7.201175	3.581090
1.262845	2.013589	8.557938
2.351803	5.347497	4.414940
3.420973	7.656001	5.043625
3.071698	8.425047	2.718006
2.561328	4.588504	4.149646
5.395601	1.164916	3.166077
4.211297	8.992262	8.462003
7.161023	6.986933	9.399690
0.817476	4.959143	2.259756
5.563398	8.853522	8.058361
6.994691	4.458479	7.804506
2.923961	8.885344	5.592559
1.745036	3.824652	3.527455
1.917716	4.376321	8.392827
1.006190	4.957614	9.507182
3.379687	3.697551	9.736933
0.161298	5.625617	6.936946
3.270693	7.569511	2.131534
6.904199	1.183712	7.947403
0.866636	8.326803	7.960181
0.453282	6.024238	5.556474
7.149673	1.261296	3.871512
6.287732	4.237582	7.725569
6.565174	7.070965	9.041756
3.630690	3.827329	4.517340
6.207454	4.710548	8.938246
4.017446	4.606575	3.931546
5.166234	6.379738	4.139120
5.014076	8.320425	9.524505
7.627058	2.672365	9.131173
4.184072	7.082948	5.629199
2.351290	3.967243	5.344754
5.639445	1.952936	7.148238
3.614058	3.772885	4.541488
1.560887	3.138833	3.157563
7.844900	3.234826	7.999139
1.914960	7.571564	8.423155
4.611624	6.073030	8.300937
0.234182	8.378119	4.562397
1.347824	4.987570	6.351585
3.654581	6.295504	3.246151
3.887833	6.075307	9.273919
3.759888	5.512853	9.163254
0.097933	6.296009	6.860920
4.342380	5.054631	9.884076
6.709414	2.773027	4.572165
7.070241	1.463843	7.063154
2.742552	3.939514	5.618342
0.778792	3.663941	9.507520
3.360497	5.771952	5.257857
3.036599	1.532778	3.989621
5.093464	3.116265	6.519530
2.202485	4.937490	4.697439
4.759393	5.670608	5.481763
2.960927	6.734963	2.152710
2.249827	7.840979	7.789164
7.724629	5.631603	3.892344
1.612309	8.398130	9.932382
0.257226	3.326074	9.994785
3.771212	3.830823	2.487485
4.439845	7.177593	3.217274
0.435139	6.641499	3.404375
0.888261	1.482030	8.502240
1.073572	4.042043	2.553118
1.484336	5.718213	2.802884
7.781201	5.412466	5.625978
7.790160	1.908417	8.211007
0.289606	6.599929	4.106020
3.126875	1.149893	2.688652
4.845597	3.843165	6.315642
5.761979	6.125509	6.470685
1.952269	4.762952	5.633647
1.840988	5.573641	5.539363
6.336882	5.117153	3.860571
0.633138	2.838817	6.305334
4.665603	3.590904	8.589479
3.345354	3.262769	8.501960
1.584915	1.864617	6.559230
0.676964	3.560038	5.345361
5.558778	3.610902	7.830627
0.501421	5.349344	5.027039
7.477348	1.812870	5.823977
3.078995	2.945124	2.668478
4.646668	6.671397	4.064858
2.052577	3.767379	4.436797
