3.785283	5.198731	3.270429
4.851465	6.624988	3.992298
4.968473	5.972130	4.221799
3.221851	5.016212	2.893423
4.229652	6.563985	7.250206
4.909908	4.407147	5.954726
4.901773	4.836106	3.850666
4.339164	5.792118	8.670771
4.976857	6.622120	7.395682
3.375458	4.368501	3.457753
4.847062	5.047070	3.707971
4.835170	7.226563	5.737105
4.531702	5.256469	8.348262
2.946713	5.079382	5.087288
4.519907	6.504062	3.531922
5.359576	6.012110	6.885931
4.193071	5.124993	3.285242
3.560558	4.487071	8.330049
4.910047	5.531895	3.900595
4.142496	5.581251	3.372685
3.528159	4.821248	3.152905
5.084936	5.861279	7.656895
3.734974	5.320663	7.687364
4.576922	4.813041	4.239636
5.033338	4.789797	6.731752
3.192399	4.201743	3.478639
3.512324	3.869166	7.907683
4.637181	5.014981	8.330206
3.204260	4.431041	8.245566
4.175009	6.884271	7.252243
5.126840	5.440346	3.842995
5.057156	5.061955	5.973649
3.970374	4.858006	2.750289
4.242431	5.952043	8.363308
3.669490	5.421644	8.790842
5.108722	5.332763	5.693756
4.102975	4.418603	3.406732
3.538792	4.726481	8.791680
3.407808	5.554461	3.066208
2.910707	4.524749	4.104825
4.130243	5.002236	9.097247
3.511900	4.140562	3.852584
3.250243	3.145354	7.267367
2.874157	4.755623	4.481543
4.322488	5.385801	8.949263
4.232398	4.573915	8.772283
4.563743	5.836820	2.992994
5.409638	6.499813	5.994390
3.625388	3.776491	6.019605
2.878991	3.709369	6.884021
4.190367	5.335427	9.078726
3.425387	5.824576	6.812904
4.614477	5.846869	8.698405
2.990949	5.373980	5.808080
3.063777	5.403380	4.533887
4.059418	5.453254	8.229040
4.424343	4.626208	8.971003
3.118726	4.402621	8.681135
4.465715	6.657243	4.111113
4.242919	3.980131	4.130313
3.202210	4.755046	3.562616
4.746920	6.349029	3.497836
3.035859	4.347806	7.835574
3.920169	5.978773	8.691060
4.446440	3.697411	4.381066
2.659437	3.361745	5.896732
4.237620	5.802119	8.749394
4.011936	4.994492	2.933026
3.615635	6.374342	5.136615
3.035734	3.403418	7.092371
4.542682	3.940618	8.073030
4.665354	5.145426	7.361042
4.302286	4.759484	9.145374
3.805205	4.552567	9.095623
3.448255	5.945940	6.470434
3.314141	5.369597	3.257420
3.875250	4.768985	3.196243
3.671221	4.105338	8.990261
3.354739	3.110757	7.669232
2.792898	5.467434	6.773570
2.840746	3.944356	6.489855
3.038755	3.650564	7.445547
4.371393	5.013477	9.061699
2.921799	5.136970	6.285805
4.871685	4.330587	4.719565
3.971128	4.469784	3.229644
4.180838	6.196843	8.236507
3.598739	2.843555	6.095889
4.607066	6.307040	8.239151
3.061718	4.572393	8.426446
3.729973	3.391933	8.488639
4.017204	5.931417	4.261475
4.552675	6.651809	8.414080
5.015000	5.767958	3.359117
4.999517	4.809461	8.336632
2.886878	4.497972	5.705738
3.090683	3.433110	5.879714
3.746199	4.158214	3.873086
4.421069	5.061674	8.657865
4.515069	4.751186	4.350386
4.289473	5.736686	8.972396
3.713663	4.144202	8.705384
3.701869	5.719007	8.974253
3.814251	4.938825	2.860085
4.015315	3.855425	4.441346
2.860841	3.017856	5.264657
4.886100	5.902668	7.738746
3.758492	4.464319	2.987090
4.391846	6.400396	6.665952
4.155352	2.867481	5.529736
4.275620	4.726487	9.160116
4.527059	4.158269	4.882925
4.509065	4.931455	9.064488
4.392955	5.473117	3.075667
4.750106	5.816907	8.443052
3.570518	4.832553	3.325388
4.143262	6.276469	8.102144
3.882506	4.392377	3.089215
4.106126	4.904487	2.612895
3.965012	5.530208	3.036938
4.915473	5.523224	8.578799
4.936470	4.995684	8.913444
4.849977	3.910910	5.329972
4.575465	6.477475	4.689858
4.189912	4.797405	8.906410
4.552165	3.944074	3.902602
3.703450	4.832198	3.046390
4.023448	5.392719	3.019119
3.526060	3.288510	4.221682
4.233953	4.918734	8.716333
4.900537	5.925126	7.770361
3.386556	3.380733	6.506999
3.675512	3.898387	7.857066
5.361493	5.289943	4.838895
3.717750	5.109298	9.063103
4.227745	4.572075	8.910210
3.752529	5.058284	8.327408
3.887632	5.373957	2.760128
4.761481	4.799583	3.146619
3.778307	7.040630	6.961457
3.627744	5.055488	2.677859
3.782553	4.568435	2.977260
3.581587	4.788911	3.699998
4.086742	5.095579	3.100934
2.655331	4.513519	5.942528
4.881227	5.960160	3.634370
4.587873	5.545693	8.220020
2.902468	4.943374	7.931690
3.863785	5.503152	4.234614
4.148953	6.664135	7.753062
4.058842	4.664576	8.169664
4.269648	5.770597	3.308225
3.356526	3.471319	5.540454
3.265606	3.642961	7.886128
3.315630	3.408445	6.712880
2.643382	3.883582	6.395310
3.114191	3.452460	4.745917
3.716041	6.501354	5.551441
4.103833	4.739203	9.483739
4.088955	4.880565	2.959157
4.457954	5.560736	3.061265
4.905013	4.678496	4.175278
2.896826	4.567409	4.900060
4.618928	6.123410	7.951231
2.996171	3.430699	6.593529
3.455874	4.670259	3.012523
4.105716	5.891028	8.224586
3.447011	3.543237	7.099197
4.083446	6.019603	3.606934
3.977198	3.665872	3.218719
3.780890	4.932847	8.279087
3.973789	5.071598	3.149888
4.567978	6.737018	4.298439
2.765006	3.190201	3.547699
5.353474	5.658677	4.961129
4.297207	4.776334	8.708794
5.272074	6.386488	5.212161
4.977278	5.957476	4.708578
4.131834	4.784519	3.109069
4.262580	3.561159	5.484292
4.202758	3.997149	6.392900
2.952232	4.065303	7.047475
4.269080	4.889505	8.989385
3.806500	5.186576	3.348348
4.553953	5.273155	8.672781
3.590531	4.615097	8.814544
4.778495	6.730158	6.371174
3.533568	4.701940	8.860010
4.468859	4.037078	3.467048
4.614416	3.548143	7.231835
3.096320	3.867593	5.594095
3.938725	4.033784	8.707710
2.260388	4.169770	5.013411
3.995064	4.703016	2.904091
2.918464	4.342211	3.791750
3.944063	6.764484	3.960689
3.866427	4.981509	9.266054
5.159462	5.871684	4.260845
4.532809	5.283575	3.063642
4.126606	6.068617	8.779647
3.353767	4.875340	3.654974
3.246164	3.965611	4.868071
4.130551	4.401164	8.094386
3.303353	4.330083	4.082217
4.190818	4.627471	3.075252
3.283865	5.536591	6.948063
5.222384	4.396818	8.153604
4.872249	5.735867	8.151423
5.041138	5.878538	5.693182
4.010850	5.692012	9.220327
2.958520	5.754290	7.400483
4.572378	4.122035	4.701223
4.961763	5.035117	7.127649
3.806327	5.311404	8.991117
4.840704	4.535816	6.112695
2.459076	4.252091	5.295461
3.997520	4.757209	8.701897
4.893875	5.967854	7.876093
3.743722	4.067862	8.123486
3.269531	3.629675	5.720540
4.207914	5.562189	3.054935
2.990000	4.400681	5.378732
2.715555	5.544802	6.442242
4.176857	5.012565	2.824982
5.118455	4.975023	6.885153
4.516399	5.657074	3.442073
4.496883	5.779242	2.603587
3.164992	4.545816	5.991224
4.594091	6.838069	6.140173
3.356066	4.754879	8.557642
2.459024	4.044357	5.056985
3.833955	3.523607	7.759978
2.969072	3.922127	7.228743
4.901299	6.132001	8.650092
5.372621	6.041990	6.433784
4.757267	4.141678	6.798697
3.047003	5.773890	7.978459
4.397234	4.034068	7.466850
5.398993	5.593927	8.125550
4.822146	4.489377	6.016640
4.125550	4.855027	2.925413
3.620096	6.167374	7.512508
4.655449	5.070927	3.638113
3.812853	3.661440	4.504519
4.977871	5.368770	8.205102
4.957969	4.226933	5.926546
4.040993	4.676412	2.796057
4.220894	6.399992	7.001325
4.644150	4.872168	3.195555
4.019637	6.099860	9.215789
3.765101	5.904360	4.856012
2.926984	3.527004	6.231485
4.773692	4.832243	8.910276
4.090974	5.960515	5.174657
2.709036	3.800850	4.604242
3.675124	4.538081	2.998669
3.019858	3.824322	8.114164
2.816563	5.576413	6.462933
3.491591	4.064372	8.404625
3.463426	4.663561	8.023856
3.986817	5.138905	2.892210
4.583165	5.768237	3.687138
4.633713	5.072607	3.777158
3.425372	6.057426	6.197184
4.056300	5.218744	3.305767
3.103603	5.249813	3.621769
4.754125	4.871228	5.300741
4.883402	5.198229	6.813172
4.345829	5.373458	3.509297
3.389120	3.801596	7.921281
4.214047	3.526547	4.267456
5.455126	6.293605	4.205089
3.369243	3.920994	6.709579
3.935310	4.509713	2.946464
3.500640	3.297886	4.688065
3.858549	6.029209	3.859638
5.169401	4.910597	3.794904
3.666234	5.040485	4.613570
3.589349	5.582115	8.990081
4.358951	4.675050	2.709994
4.188264	5.153786	2.817671
4.346692	5.780110	8.949718
5.144570	5.842636	4.770950
4.068304	4.047808	6.357211
4.575872	7.240170	7.596521
4.286845	6.402742	8.157965
3.430061	5.082188	9.084204
3.533548	4.473306	3.146994
4.126958	4.558072	9.108699
4.299851	5.247476	3.362277
4.168653	3.839564	8.835262
2.714087	3.632192	7.229460
4.058954	5.315634	9.211510
3.503756	4.461335	7.500525
3.882900	5.647600	8.137319
3.609999	5.115881	8.513681
4.246532	6.444311	5.229900
3.605214	3.032574	6.145250
3.776577	6.680915	6.452083
3.917537	4.685791	3.136166
3.158583	3.523589	4.389732
4.260182	5.163280	3.189964
2.659233	3.968402	4.000319
3.496993	4.698383	8.747613
3.361738	5.373421	8.314472
4.090842	6.845539	5.815546
3.841010	3.228526	6.889455
3.884471	3.023734	7.911769
2.768954	4.419052	3.228928
4.783380	6.108458	8.345241
3.234655	3.525740	6.593546
3.251310	5.951867	7.823303
3.955010	5.337103	8.241206
4.085013	6.091778	3.915068
4.513345	5.264408	3.574442
4.733770	4.942144	8.539224
4.273877	5.367273	3.016174
3.699580	3.508547	7.356033
3.249942	3.764457	3.761572
3.904572	5.663382	9.105086
5.258459	6.298011	7.185750
4.406149	5.489476	3.055913
4.072436	4.727121	3.262839
5.349702	5.426400	5.298825
2.898698	4.978179	6.230818
3.897305	5.072301	8.729643
4.304352	4.140075	9.051344
3.275784	4.827697	3.866964
3.847055	4.582260	3.347604
3.716497	5.700443	4.151935
3.108897	3.550511	7.428028
4.048795	5.006737	8.849929
3.756334	5.509413	3.899796
4.095931	5.153225	8.938064
4.374939	4.318070	4.993148
3.020709	3.397162	5.922098
4.717965	5.288586	3.145451
3.790125	4.542696	8.858195
4.038832	5.986407	5.050968
4.944168	5.257509	5.329664
3.406520	5.145791	3.418163
3.878982	4.410137	3.509294
3.783747	3.949249	3.202654
5.235625	6.237101	4.835058
3.290951	5.012060	6.745394
2.958700	5.683357	6.604805
4.932517	5.514796	7.495906
3.366771	6.191976	6.417643
3.929904	4.191716	3.558103
5.030757	5.390025	8.817936
4.062304	5.543075	8.729650
3.560748	4.317118	3.548113
4.200177	6.162846	4.261983
3.536452	5.994876	5.859216
3.777623	4.552614	2.971593
4.365770	5.781060	8.805037
4.182773	5.940238	3.815024
3.762778	5.113412	9.297359
3.909253	5.390557	8.748386
4.366479	5.385149	3.455071
3.344895	5.135197	7.951004
4.341081	5.680962	8.445805
4.522277	4.625096	3.256331
4.656663	6.479537	8.332067
5.124340	5.462664	3.885442
5.178641	6.185570	6.902852
4.698936	3.647585	6.664388
5.120964	6.142666	5.358388
4.082642	4.935641	9.151570
5.103545	6.225058	8.142826
3.649662	5.006021	3.033317
4.013288	4.966980	3.114338
5.082976	6.123009	6.746285
3.484926	3.707522	5.174670
3.248532	5.671109	7.649950
4.716158	4.110909	7.615683
4.344847	5.780633	9.249655
4.140153	5.652927	2.902377
4.354372	6.441265	7.944188
4.603803	4.523079	8.443876
4.602131	4.025765	6.195647
5.212809	6.623839	5.443068
3.998929	6.545646	6.858176
2.941946	3.721141	4.275082
3.751056	3.424900	5.866854
3.320557	4.061306	4.138594
4.767895	5.597216	3.554758
3.984494	5.900591	3.808205
3.847123	5.494324	4.355299
3.086675	2.872890	5.496895
3.873133	4.781523	2.923864
4.912569	6.352931	6.825072
2.893004	3.982862	8.167659
5.159137	5.938298	5.856602
3.183713	5.443250	7.314144
3.809831	3.888759	3.671746
4.284892	5.306870	8.768259
4.097288	3.937501	8.269468
4.821595	4.952454	3.253947
3.332987	3.932136	7.612537
5.331345	6.480910	4.560726
3.514008	4.261828	8.975211
3.775918	5.460586	8.463591
3.955829	4.937144	3.067995
3.767132	3.595211	4.694089
5.136004	5.584816	6.245298
4.744835	4.808731	6.681855
4.190527	4.668009	8.690228
4.113543	4.266391	8.371866
3.625222	4.788629	8.974137
4.947605	5.245212	8.392222
3.119750	4.778066	8.563866
3.633630	4.559039	3.284422
2.877754	4.817365	7.821002
3.301675	5.687557	3.488292
3.190506	4.023411	8.282690
3.534756	3.311245	4.903301
4.380721	4.216391	8.684739
2.969100	4.918268	3.224764
3.364025	5.913820	4.407026
2.788111	4.267884	7.773028
3.447494	3.816475	7.975757
5.056723	6.322192	6.017334
2.333643	3.979493	6.882971
4.788866	6.666591	4.453283
3.452034	3.952967	3.678323
4.657342	6.638090	6.148996
3.959497	5.495159	9.121669
2.983746	5.289668	4.431983
5.116872	5.519618	6.851435
2.957727	4.380193	5.581065
3.579838	5.769589	9.250189
4.550528	6.531456	7.279273
4.080260	6.946162	6.684869
3.053017	4.156426	3.883307
4.373776	4.726382	2.958845
3.038806	4.763965	8.630290
3.812128	5.260274	3.251981
4.256172	6.510819	3.630175
5.099044	6.647454	5.904743
4.096021	5.116338	9.270326
5.068773	5.340580	6.415668
2.997619	5.729908	8.018479
4.507577	6.571129	5.528909
4.163398	4.802852	8.934133
3.836893	5.076136	2.770381
2.642834	3.514205	5.308031
3.036536	3.779926	8.309287
4.436947	5.405609	8.450910
3.694146	5.306846	8.487297
4.844530	6.281169	3.896719
3.711668	6.302338	4.673332
3.035561	4.516731	8.746628
3.072711	5.393994	5.345195
4.250758	5.303034	3.032810
4.768442	4.891705	4.903827
4.745520	3.727937	5.798389
5.164950	6.674406	6.471412
4.132223	4.642654	3.401835
2.937248	3.801488	4.497102
3.990565	5.730343	2.939818
4.608487	4.824687	9.093499
5.039952	5.492886	3.979364
2.319411	3.399316	6.390679
2.922660	4.613883	8.022828
3.123321	5.025372	8.129878
4.396719	5.843119	3.277257
3.316586	5.938606	4.167866
4.219232	4.818939	3.185426
5.252870	6.216819	5.243803
5.097329	4.518326	6.882578
3.634093	5.078257	2.873838
3.609067	3.753321	8.592989
4.425296	5.374035	3.282461
3.110051	3.891454	4.870663
3.183883	4.044132	3.277524
3.913738	3.818192	7.359743
4.536734	6.557302	6.638264
4.241786	3.566287	4.522370
3.514592	5.577253	3.863055
3.864642	4.950170	2.907381
4.376292	5.537288	3.417425
3.307540	5.328206	8.784880
4.564669	6.959638	5.344135
4.378892	4.792819	8.665717
3.426689	5.516546	2.866628
5.210915	4.967774	4.972447
3.518991	5.344553	4.169099
5.212105	5.873059	7.506760
3.636098	3.965451	3.633272
3.984540	5.040924	2.983660
4.664935	6.491023	5.615690
4.409372	3.985634	5.534606
4.587749	5.642289	8.765405
4.849716	6.766663	4.809496
4.274016	4.861691	3.823052
3.689673	5.226575	3.153403
5.106199	4.524242	7.937504
5.153918	6.129414	8.117309
3.851919	5.170087	8.533127
3.438042	4.011220	9.401386
5.641030	2.138383	4.361103
7.895707	4.829782	9.597056
4.950941	3.575481	9.279276
4.425222	5.674845	9.375852
6.319133	8.447760	6.879788
0.414183	8.781373	8.305641
2.062109	2.661326	7.069760
6.479013	1.911791	2.882705
1.167828	4.859975	3.680546
1.068862	5.831493	3.731202
0.597987	8.274179	9.946231
4.425130	4.974049	6.632634
6.874213	6.594153	5.110046
2.888622	1.622568	4.986666
6.398747	3.772404	5.871778
2.851814	8.246856	5.374886
5.771298	3.208220	2.251295
4.577791	3.319485	8.722129
6.189570	8.699194	3.268525
5.512374	3.317311	9.979366
0.531973	8.239127	9.061870
3.011701	7.508990	7.009889
1.357390	5.424512	9.222973
4.299506	7.433705	9.880836
1.042811	7.158849	7.995168
0.902539	7.830850	5.799391
0.506488	6.728747	3.266556
4.762109	6.184826	2.418702
5.120240	7.359845	6.973535
2.036519	3.914448	6.329253
2.704447	8.428882	2.805882
0.852939	6.781505	3.392690
5.849600	3.468717	8.552697
4.237937	1.211552	5.806252
4.657761	1.161446	9.821530
6.032970	6.259613	3.233338
0.179918	6.290587	3.337779
0.884769	6.391513	5.021958
5.083216	4.632301	2.154627
3.135950	2.508006	4.386077
0.073851	7.671915	3.161156
4.081961	1.740371	9.068496
7.559879	5.484161	4.735538
3.386657	2.008359	8.669188
4.471662	7.109802	7.155936
0.461274	8.700145	9.854439
5.813620	7.946759	2.477316
5.857916	5.670645	4.290603
3.441034	5.437366	9.974880
3.002685	1.069669	6.824490
5.046692	5.042553	7.905290
4.790443	5.214902	7.566728
7.127681	2.094178	8.035847
6.819461	7.948358	2.179867
4.340107	1.253528	8.243252
6.085440	5.088358	3.505860
5.074449	2.662613	2.433846
6.580638	3.003913	2.193296
7.394367	1.839909	9.394210
3.012181	4.075773	7.661345
1.205894	6.090710	7.827937
4.379702	3.216702	2.604352
0.811418	2.771082	9.610835
7.610979	7.305564	3.296865
6.235401	7.763133	3.301139
4.676719	6.948680	8.020775
5.653927	2.940334	3.196638
6.003406	4.527643	8.624355
7.782032	7.565742	2.903789
3.526144	8.744397	6.819521
5.926569	1.746486	8.044481
4.039729	6.864701	7.007598
3.631710	1.710497	5.864571
6.944426	6.841652	9.506939
4.983803	6.653124	6.849075
1.491204	3.092052	5.760277
1.806713	3.172280	2.059509
4.402467	5.922800	6.735475
1.390158	7.888884	8.068664
1.142608	8.067544	2.771630
6.195174	1.429959	4.129487
7.292596	3.779739	2.921398
2.096732	5.493472	9.628661
7.829898	2.129861	6.877439
2.155559	7.737049	9.006358
3.654186	2.081907	4.162049
7.108913	3.629590	6.773266
5.927674	7.240669	7.211139
1.283845	5.939879	8.964114
2.971482	2.433262	2.839734
2.494703	1.805001	7.696364
1.117681	5.711329	7.686583
5.835117	7.330668	3.373709
3.828913	8.277244	7.207400
3.306432	7.386848	3.825759
1.914265	8.588639	5.592346
2.424114	4.516261	7.815395
6.295900	1.678163	6.899084
7.360977	7.639815	2.105304
3.886686	4.627770	8.849714
4.996509	8.333200	7.029564
5.990528	6.051105	7.459259
5.084268	7.127906	8.333344
3.496299	2.868860	2.739946
1.730313	5.070836	3.521935
5.049898	2.146060	9.624395
5.560104	2.605167	6.564604
1.489640	8.303461	4.974555
3.377898	4.585981	6.772624
6.872148	8.113423	7.700689
4.510508	7.496525	9.581212
4.013832	3.334436	2.985186
1.143992	5.223102	3.247860
6.888074	2.581736	5.309137
1.955094	7.642114	9.946844
2.944833	1.865645	9.475615
3.853627	3.185193	5.056935
1.477238	5.798964	9.544227
5.493208	3.250806	9.216262
6.074083	2.078112	7.978704
4.888833	2.684286	5.396188
6.059911	6.589826	4.925756
5.574459	1.690099	5.031294
0.712752	4.191748	7.774170
