4.377074	4.214693	8.319097
4.029609	4.824908	8.705499
3.763584	5.159651	8.512819
2.904531	4.647341	7.614728
3.332882	3.469131	7.463950
3.500731	4.844168	3.023628
3.329957	5.531129	4.875680
3.697523	3.139117	6.009481
2.867145	5.254607	4.775935
2.834213	3.563064	5.563967
4.209452	3.713781	7.791921
3.246264	5.106468	3.972378
3.251398	4.005941	2.926589
3.145874	4.608241	3.990761
4.365331	6.077850	8.492957
4.009399	4.106040	8.894154
4.270199	4.004149	3.458142
4.734170	4.235282	7.904021
4.345169	5.160732	2.787879
3.813239	4.683169	8.736841
3.792075	4.586319	2.743461
4.668634	5.158656	8.377897
3.049804	4.334604	7.476634
3.037025	3.178366	5.479995
3.531934	5.632761	4.617481
5.281925	6.474296	6.625469
3.020224	4.640177	3.380610
4.183410	5.256127	3.151967
4.139868	4.922945	9.631118
3.773817	4.624795	3.024323
2.321718	3.982153	5.461482
4.185461	5.209285	2.791715
3.767731	5.166798	8.757572
2.544923	3.532872	5.130965
3.078393	5.567008	6.443810
2.656324	3.761464	7.277821
3.920250	4.493383	8.887650
5.114362	6.518222	6.253122
4.322731	4.774943	2.925785
3.900568	4.709981	3.060451
3.709465	4.945957	3.031186
4.483658	5.378341	3.251074
4.506944	6.072822	8.223965
3.709663	4.907050	2.916264
3.381880	3.291331	4.662513
4.735651	3.676087	4.664224
3.604128	3.488430	7.217173
2.976819	4.030815	5.958499
3.842531	4.307299	8.013246
3.027634	4.222086	8.146289
3.361778	5.428623	3.638350
5.358597	5.853903	5.071304
4.858266	4.689341	6.504232
2.431703	4.110693	6.341692
4.173225	4.981884	3.071528
3.805998	6.415423	9.374002
4.182107	4.365683	8.470046
3.300009	4.924413	3.757869
2.709959	3.808878	6.053434
3.496339	4.232766	8.667674
4.585951	4.811997	2.790984
4.159975	4.937462	8.695316
4.208514	5.685354	3.421020
3.858201	3.037104	6.564566
4.151349	6.629206	6.398605
4.208837	5.187053	2.710007
2.148237	3.975193	6.913974
3.661284	5.061493	8.739309
4.145490	3.332413	6.074746
3.199629	5.956448	8.125211
3.860978	6.000409	8.581063
4.120854	6.157715	3.449164
2.916942	3.333562	6.202022
4.945534	6.121381	3.371881
4.275177	5.086799	3.239302
3.833538	6.230576	4.755363
3.599923	5.146097	3.616649
3.729301	4.941248	2.944884
4.701746	6.375966	4.398117
3.946727	3.803828	3.570425
4.411003	4.821575	3.421453
4.136714	4.977528	8.791318
4.319657	6.713418	5.310855
3.807664	4.804079	2.852364
4.910378	5.887081	5.879152
3.801602	6.304819	5.529173
4.087116	4.784795	2.714770
4.158780	4.869779	9.463802
3.433460	6.476898	7.442538
4.375507	5.590815	2.707008
4.763603	4.262228	5.546867
3.343742	4.220183	9.040921
3.452700	5.342616	8.040275
5.319758	5.959559	6.115682
4.619591	4.013292	6.846197
3.456161	4.832797	3.397076
4.339160	5.563394	8.786141
4.354771	5.446529	3.057278
2.630099	4.280457	5.951984
3.765911	5.293652	3.257797
4.238993	4.216490	7.975647
3.787445	5.099370	8.912926
3.609633	4.456528	3.424324
4.163002	4.594503	4.094668
3.923966	6.442682	7.228734
3.802149	5.854778	3.272065
3.373647	3.047025	5.677871
4.463219	4.723711	3.989042
3.729757	4.589800	2.919475
5.144653	4.449478	7.936124
3.914170	5.140569	3.115301
3.893493	6.316898	6.187624
2.967217	3.760802	7.990069
3.608226	4.655481	3.150778
3.363644	4.003245	8.294941
3.186921	4.633044	3.737263
3.849400	5.035369	8.588829
3.488546	4.283303	8.440874
4.084954	5.616491	7.902855
3.918605	5.369166	9.074947
4.879663	6.854175	6.446257
3.791915	4.317696	8.398844
4.321159	4.416788	8.649466
3.410474	3.459186	5.067015
3.205615	3.374660	4.448543
3.485819	3.881642	3.896416
4.368700	3.765384	6.219241
3.067973	3.187991	7.225150
4.734307	5.016728	3.554735
4.403255	5.614115	3.290388
3.320173	3.953539	3.534666
5.401423	6.192176	5.271650
3.248433	5.390612	5.252897
4.857904	4.308050	4.999574
4.742610	4.915159	7.816205
3.644616	4.821576	9.216422
4.555918	5.220938	2.966093
3.320048	6.142500	5.084386
2.880256	3.505928	4.344381
4.898507	5.030361	6.437662
2.872832	4.677268	4.363212
4.549038	5.383032	4.672634
4.049106	4.990445	3.431807
4.404471	4.295016	7.135810
3.931571	5.226587	8.922580
3.953791	3.534797	8.401867
3.694561	5.372090	2.956363
4.992582	6.311899	7.908025
4.634772	4.660843	5.566417
5.138083	5.836973	4.945618
4.239727	4.927876	8.891552
3.985818	4.180428	3.268403
4.091976	6.626877	5.054847
5.486161	5.504785	4.457784
4.191959	6.634579	4.750537
3.521351	4.985861	9.141844
4.173549	5.946799	8.167754
5.580285	6.152071	5.248539
2.772555	4.969876	6.167171
4.465223	5.327092	3.264971
3.645907	5.440666	8.677938
5.206015	6.748600	5.944954
4.949734	4.620146	8.000415
3.109947	5.093641	7.508792
3.855207	4.692344	2.930665
4.087173	3.909599	6.114282
2.448279	3.547316	4.578159
4.763360	6.399163	4.216978
4.349156	4.257250	3.523020
4.916410	4.102569	8.152827
3.894516	4.736196	3.083384
5.066988	5.240551	3.666701
3.460731	4.654373	3.493115
2.843014	4.989771	5.394236
3.336508	4.487389	8.525240
4.722691	4.743700	6.136681
3.989062	5.488673	8.937757
3.209446	4.854054	8.983326
4.332239	3.705849	6.679021
4.048886	5.586419	8.565046
3.896084	5.716654	8.467186
3.087317	3.873175	3.747441
2.392654	4.340713	4.698633
3.079349	4.129808	4.810439
4.209040	4.227126	3.038358
4.800226	4.708898	7.135211
4.292629	5.158787	9.177725
3.293862	3.881557	8.747335
3.790482	3.941177	7.266282
5.392072	4.973336	6.250977
2.766142	4.173100	6.465831
3.170126	5.332778	7.375669
4.828549	4.857656	5.761149
4.279842	4.540857	3.221970
4.016902	4.863639	3.488856
4.792178	3.764743	7.515960
4.314935	6.090748	3.448364
4.208467	4.606224	8.873841
3.789596	4.200158	8.807126
4.198119	5.746206	8.658729
3.827062	6.425738	5.959313
4.008169	5.157991	9.151475
3.032458	3.237110	5.476519
3.420668	5.417823	3.285942
3.749309	4.139757	7.913633
4.100187	6.582077	7.081037
5.332592	6.425147	5.142003
4.061687	4.886552	3.403523
5.122197	5.394981	3.533230
3.328685	5.398195	3.437931
3.870811	5.636559	7.888019
4.560700	6.190496	4.095091
5.427636	5.619041	6.624748
2.987358	4.119928	8.842845
2.808107	5.496227	5.723513
3.994258	5.502619	8.424923
4.478785	4.029977	8.573507
3.209961	5.114959	3.406639
4.126690	3.903599	4.497033
4.659685	5.255275	8.790926
3.790410	5.615472	8.961074
4.102217	5.232867	2.716403
3.329456	5.370136	8.731505
4.911006	6.174485	8.197929
2.816232	4.727474	3.321744
4.927632	6.618750	3.736772
3.884288	6.080760	4.723294
4.256847	4.541174	8.765593
2.877032	4.727505	4.176173
3.822442	4.972227	2.777861
3.818278	5.520654	8.799225
5.022976	6.347310	7.627880
3.428636	5.842708	5.174414
4.208855	4.645648	8.784095
2.963679	4.906754	4.267628
4.813030	5.041489	4.189865
4.465729	5.625059	4.044835
3.765346	4.336431	8.756619
5.542202	6.410732	6.294159
4.633109	5.325451	8.628212
3.507915	5.600820	7.816080
5.280595	6.396871	6.782086
3.873004	3.303839	4.382073
4.484784	5.963085	3.532551
4.283238	2.988639	6.736960
4.690183	4.651395	5.855837
3.862289	5.634104	9.342372
4.148746	3.970219	4.922165
3.211075	4.312463	7.777262
3.447164	4.244047	8.662851
4.070679	5.795932	8.604997
4.507205	3.626554	4.431620
5.288123	6.516918	4.648520
4.409671	5.398836	2.583679
4.684184	6.563905	6.740333
3.950461	4.823498	3.431155
3.427355	5.521016	7.502992
3.819448	6.604202	7.028498
4.140888	3.922775	3.751578
4.122933	5.469381	3.143675
4.606947	6.826076	7.117227
3.662451	5.465344	8.757384
5.397299	6.097498	6.699471
5.216702	6.054381	6.130633
4.333725	3.618144	5.105474
4.320248	5.474104	9.054930
4.917143	3.150155	5.922248
3.255006	5.959012	7.050882
4.192097	6.438462	5.009919
3.847418	5.300223	2.734488
5.119096	5.886285	7.425138
2.606472	3.570242	4.341281
4.100130	6.533599	7.379776
5.031949	6.318928	7.511164
4.439459	4.729370	8.587591
3.968626	4.932210	3.416244
4.404990	5.383619	8.666202
4.392342	6.078847	8.162633
4.426235	5.993621	7.930386
3.906684	5.585602	3.794712
3.923861	3.356186	5.662010
4.123256	6.088228	8.238428
4.015546	5.186510	9.191323
3.969644	5.097548	3.065766
4.379483	5.014775	2.940038
3.898919	5.252313	3.081571
3.249609	4.098597	8.758065
3.734260	4.115159	3.147155
3.240883	5.385339	3.780619
3.464739	5.767918	4.795315
3.683430	5.965392	3.611118
4.144228	5.547592	8.984114
4.723629	7.076613	4.665002
3.802102	5.496398	4.132669
4.979124	6.112450	3.694162
4.971120	5.384413	8.046697
4.136954	5.839173	3.287338
4.667772	5.050106	8.249506
3.883789	5.260961	2.699050
2.382767	4.488880	4.704672
3.678426	3.162781	6.379871
5.294444	5.573722	6.710629
4.528319	5.229999	8.250016
2.935221	4.801727	6.121328
4.064119	6.738141	5.737905
5.516956	6.255773	4.963892
5.376330	6.106201	7.515651
4.271826	4.977090	8.431211
4.863383	4.247542	6.042737
3.722918	6.489748	7.807787
3.531445	3.389192	5.920153
5.127392	5.378695	4.810054
3.986235	5.847332	3.009028
3.733058	4.986802	2.947700
2.866077	5.016774	6.257656
3.698024	3.670664	4.458956
3.117517	3.350960	7.942764
4.165008	3.282817	7.114137
3.384143	5.200998	4.653289
5.152419	6.689259	4.855663
3.662116	4.675225	2.879074
3.432403	5.641746	4.329362
4.008198	6.059355	8.031626
3.508551	3.814847	3.936049
3.374042	4.511626	7.750772
3.462450	4.341697	3.402136
3.109563	4.039811	8.012829
3.957332	6.386218	4.285569
4.232788	5.326231	3.125160
3.228786	3.791209	7.244519
3.603297	4.784604	2.770069
3.639324	4.625450	8.636634
4.144345	3.948781	7.649812
2.694515	3.363929	5.189117
4.306053	5.879781	3.852793
2.880398	4.283735	7.014137
3.491389	3.903732	8.663834
4.493853	6.041001	7.987807
2.961033	4.765448	4.302726
2.852172	5.382413	5.671688
4.819441	5.046116	6.576944
3.838272	5.645381	3.120373
3.004087	3.783539	7.416552
2.319654	3.597922	5.221402
3.763845	6.197404	3.853369
3.841270	4.285014	8.742149
4.079459	5.702490	7.322103
4.262412	3.154315	6.167596
4.930819	6.981272	7.301174
3.902489	4.780540	8.943108
5.100235	5.331518	8.314207
4.306309	6.135691	3.627369
3.817071	6.146697	5.934980
4.947230	5.209088	4.775137
4.947428	5.913154	4.210658
3.919052	5.807971	3.245200
3.364514	3.636279	3.895826
3.820249	3.361937	3.933008
2.739471	3.878076	5.936880
4.070685	6.283404	6.320828
3.999271	4.428894	4.180315
3.689088	5.879094	9.157594
3.592471	3.132186	5.749406
4.470286	5.310454	2.874626
3.813451	4.206397	3.347757
3.502835	5.223709	8.869040
3.416553	4.611290	8.827150
3.679528	4.805367	2.672943
5.197934	5.497797	6.927630
3.299872	4.294592	3.213182
3.900049	5.109895	8.964950
3.786260	4.068635	8.200612
4.943371	5.533505	8.044358
4.099529	4.719234	9.327145
5.249266	4.300831	7.738200
3.803335	5.001251	9.112688
2.811219	4.462815	7.457290
5.476199	4.264365	7.484563
4.648765	4.195837	5.496863
5.237036	5.975692	4.606774
4.339664	5.255533	3.007396
2.734435	3.909704	6.619879
5.366450	5.090844	6.667732
5.458941	6.367629	5.833414
3.977754	4.185054	8.953324
4.269389	3.582511	7.460708
4.323535	4.873848	8.658551
3.976672	6.063877	8.660573
3.983734	4.589145	8.948292
4.681443	6.166825	3.278108
3.965660	4.033516	3.812810
2.989503	4.862359	7.171582
3.771785	5.085194	2.952768
5.084031	5.393825	8.006869
3.056037	5.001748	7.787180
5.056725	4.831032	7.749091
3.001704	4.392062	6.092846
4.093357	4.685159	3.051394
3.492191	3.252967	3.690223
3.482790	5.581031	5.848323
4.055270	5.390488	2.838846
3.124937	5.053003	6.553719
5.482854	5.769708	8.104552
4.683809	4.821534	3.302893
5.132539	5.519318	7.881944
4.080023	5.429414	3.267386
4.040586	3.986900	8.893987
3.662706	5.554783	6.815979
5.235924	6.506870	6.818176
4.942306	5.324808	8.970365
4.253522	4.527862	3.228262
4.648925	3.912003	7.611256
3.991762	5.608036	2.864983
3.657521	4.822305	2.959293
4.938203	5.533931	8.204158
4.483659	5.586180	9.025488
3.697117	4.855900	8.835466
3.198109	4.716374	9.064205
3.951890	4.998471	2.817572
3.745383	5.235834	2.683454
3.482826	3.819873	7.505670
4.515966	7.128091	5.391423
3.937566	6.577414	6.811674
4.197649	5.262289	8.979587
2.775366	4.844150	6.479082
3.135081	3.548181	7.640322
3.757460	4.432848	2.774813
4.179178	6.728117	5.050154
5.024754	6.157268	7.625292
4.741316	4.140844	4.373139
3.417354	3.934997	4.260254
3.401753	4.395507	4.179388
4.321500	4.721768	3.159885
4.138363	5.334645	3.008618
5.001636	5.270430	8.308203
4.573513	5.795790	8.705206
3.600715	4.293607	4.405932
3.168873	3.235964	6.334677
4.639622	5.032348	3.688458
5.487584	5.428968	4.502186
4.087235	4.885047	8.986539
4.603301	5.910676	3.594729
3.688494	5.004685	2.791847
3.637691	4.524441	8.525414
3.619866	3.693957	8.250343
3.167934	5.558046	5.452124
4.403089	4.930340	8.844901
3.242789	4.507072	5.362100
4.722261	4.589675	7.417876
4.028758	6.848232	5.975226
4.219946	5.336456	3.751023
3.694022	5.292878	8.757162
4.890275	6.725990	4.550553
4.960640	6.547292	4.148078
3.323847	4.967174	9.297729
3.315528	5.412659	8.773572
4.470466	5.471841	3.080615
4.691730	6.120645	7.887095
3.689362	3.441127	6.304688
3.956361	4.700108	3.374163
3.248947	3.985352	3.652045
4.774741	4.586120	3.864214
5.128510	6.049398	4.729047
4.556246	6.474346	4.515761
4.062940	6.014386	7.975459
4.668802	5.202401	5.679933
2.893702	3.348029	6.128988
3.934579	5.058697	3.021281
5.055029	6.409882	5.673825
3.851876	3.776635	3.778771
3.694338	5.156158	8.571026
5.460320	5.160260	4.783717
3.855700	4.963374	9.352243
4.587268	5.924487	3.101032
4.010190	4.124129	4.393365
4.447961	5.907019	8.601082
3.332369	3.325951	5.027690
3.571874	5.888261	7.414139
3.333170	5.057158	3.992854
4.951795	4.867338	7.270845
3.295965	4.952457	3.164353
4.094381	4.291054	3.826665
5.309365	6.018720	7.267062
3.703132	4.267418	2.769833
4.601318	5.442207	8.326999
4.521301	6.272116	4.237098
5.807338	5.522247	4.528444
3.976279	5.005329	8.839270
2.967359	3.410023	7.795914
3.065006	5.075855	8.265946
4.385249	4.599477	8.445357
3.432917	4.997367	3.539246
4.071161	5.817255	3.639766
3.393009	3.851727	8.110481
3.121211	5.802314	6.234834
4.670963	4.492083	4.389644
3.150808	4.612321	6.609536
3.041937	3.916165	7.379332
5.112893	4.961578	4.644445
4.300366	5.059044	8.525338
3.283622	3.309274	9.066670
7.023466	7.130576	3.915817
2.120194	6.646778	8.812619
6.639494	7.179416	8.144500
2.917903	3.331202	2.251150
6.012817	5.689524	4.044457
7.758824	5.254991	7.966639
3.379036	4.964943	7.015924
0.271693	8.575009	6.533396
6.452599	7.276390	2.959332
2.420071	2.653181	3.105289
5.991044	1.167727	4.828947
5.329812	5.186457	4.182756
1.965733	6.265763	3.569631
4.913894	5.573220	4.715058
6.379956	1.294419	3.182237
3.918411	7.747706	7.671154
6.510475	4.426687	6.021282
0.620574	4.567116	9.149752
3.445096	7.648541	9.180642
5.510366	8.644737	5.827274
0.984333	2.448820	6.774619
4.004962	2.929814	7.949330
3.522078	4.869031	8.805077
6.229184	8.572923	9.737096
1.113372	6.003135	5.300404
2.819078	4.760506	6.644174
0.260811	1.743541	8.973188
3.197180	2.905292	2.612850
2.757127	8.358363	5.316025
0.990699	6.825471	3.480260
6.298450	3.554687	3.945070
5.492385	6.286971	7.998336
3.532238	5.929870	6.525956
4.361689	2.788135	3.860973
0.819736	3.087946	8.718597
3.818833	6.399118	4.264690
4.876780	2.107818	4.640795
6.338392	1.852170	9.997689
1.330027	2.010409	3.240937
0.299358	7.065901	5.937541
5.782804	3.453702	6.744179
7.536667	5.037167	6.127917
1.405867	6.863941	8.470121
2.598028	6.016757	9.950883
0.973719	7.876863	6.418901
3.239969	4.471221	2.048791
7.791771	8.737837	3.158106
5.074610	6.495490	3.730063
7.923848	2.574699	8.336275
0.393698	1.122624	9.398572
0.098570	3.524959	2.868290
6.822724	4.313266	4.451865
2.849968	7.048627	6.217696
2.934618	7.469640	2.486168
3.196546	1.292687	5.222028
7.465185	6.213410	6.104646
7.293159	7.167892	5.811535
6.982996	5.998451	5.791514
0.968661	7.654587	4.215208
5.850362	3.286611	5.005094
2.502695	5.070591	3.826258
4.295192	7.480045	8.355008
3.974843	2.683446	5.328699
3.708829	3.689167	2.650259
4.650182	4.461492	4.329074
1.490911	2.846303	7.321753
4.969623	3.355794	8.550593
2.450240	8.813593	5.570269
4.806238	5.406858	4.784745
5.171339	6.865757	5.581546
7.918493	4.612743	6.469058
4.943303	7.357572	2.520537
2.784219	1.915778	7.714673
4.321223	2.852576	8.387668
1.351512	7.402467	6.944644
2.792739	4.649926	9.565374
4.549218	7.698289	5.215974
7.981131	5.711701	2.755167
4.015521	3.498606	5.581439
0.500067	8.024469	3.486046
4.564802	1.667622	4.039855
2.787911	1.453605	8.633449
6.439972	4.210698	8.103100
4.346151	4.329497	2.528098
2.993104	3.467621	7.344438
2.181999	6.353245	6.188534
4.460597	7.120785	2.176709
2.048400	1.259070	2.490389
0.772312	3.085949	5.748181
6.051088	7.523054	3.921138
4.250995	1.352475	6.609889
7.027055	3.629299	8.560105
1.019807	2.644256	4.962752
0.345122	7.429597	6.132851
1.400239	5.123148	4.989623
6.129203	3.677490	9.943367
2.342461	5.246570	7.233180
1.883530	6.818479	7.904013
7.520591	3.868788	4.409711
0.111980	2.337863	8.771690
4.772158	2.557601	5.599558
6.331601	7.319855	4.903046
5.745205	2.411807	7.395732
5.521555	2.617228	3.373345
0.430682	6.457497	7.018486
7.215011	1.985677	5.569475
7.185184	6.790292	9.221862
2.104443	5.044768	5.358193
7.035961	4.552331	5.510397
0.561076	6.998743	3.115455
7.557892	6.366261	6.697144
4.831107	3.988829	7.084682
7.540017	1.546437	6.374655
4.349803	5.181553	8.752273
2.668082	4.784754	9.287469
3.396778	8.998211	2.708673
7.852825	3.564655	9.171814
4.595685	3.109764	5.064881
7.154999	3.372143	7.196608
2.013024	5.206397	2.954786
1.663659	2.451749	3.334581
4.720314	5.548047	4.674685
0.060085	2.653561	4.372168
4.440233	7.103917	4.608110
3.508497	6.274650	6.114867
7.426875	2.811967	2.785510
5.453042	5.369161	8.265059
7.521631	7.518691	8.826650
0.710329	1.469188	6.199893
3.293883	6.080242	6.217024
3.286908	4.674829	7.915020
2.791666	6.151571	4.072701
2.648570	7.929748	6.946644
7.377067	4.718282	2.209307
1.231483	7.683087	7.314793
6.818008	3.588925	2.694016
6.548554	5.192757	5.469965
2.326783	8.373400	6.972336
4.142190	5.424134	9.451620
6.361451	5.701463	3.361003
0.669577	6.719626	2.738328
2.575600	1.377786	9.618958
7.965094	5.336835	9.459736
7.314159	1.501756	9.972878
5.420473	7.150754	2.386384
6.633612	5.953535	9.148609
2.486711	1.661281	5.703588
0.884927	8.889426	2.690222
5.228495	2.829025	4.518327
