4.716116	6.746824	4.672753
3.889181	3.740976	6.934725
3.874636	4.973505	3.023258
5.078571	4.976033	8.202431
4.806892	6.838255	3.973480
3.465572	5.397142	7.841396
3.926580	3.356990	5.384067
3.999658	4.269802	3.417885
4.935485	5.517720	6.860071
3.813906	6.080675	3.776680
4.688838	6.601717	7.072107
3.543463	3.210401	5.719759
4.383314	4.728001	3.116427
3.817032	4.161429	3.531149
3.133288	5.263932	5.789820
3.845425	4.062121	6.918672
4.632954	4.594361	8.657032
4.575053	6.040967	7.073460
4.778882	5.658226	8.424711
4.937176	5.352305	8.465036
3.759014	5.518142	8.712449
5.555076	5.770213	6.883983
4.341216	4.933341	2.851683
4.505818	4.907897	7.515440
3.219526	4.690781	3.654484
3.980734	6.722681	6.338156
3.138330	3.750137	7.709807
4.930457	5.626156	3.424923
3.903978	4.847110	2.779232
4.422218	5.010121	9.015488
4.023117	4.497918	9.113322
4.836114	5.641049	8.399747
3.380981	5.752321	6.967601
4.029330	4.991514	3.222681
3.695957	4.653708	3.111919
3.311255	5.006162	6.451126
3.583034	5.184729	3.261466
4.651997	5.626220	3.960878
4.134410	4.889948	3.353795
4.111878	4.878594	8.634452
3.792422	4.240065	8.393288
4.537792	5.002604	8.471057
3.916947	4.898455	2.702211
3.389876	5.898417	6.246868
3.487184	3.457534	4.700682
3.850727	4.778245	9.022536
4.373596	4.546849	4.349100
3.201364	4.393718	7.934655
4.493934	4.469238	4.956417
4.353733	3.961694	4.029601
4.629614	4.841769	3.406207
4.157597	5.659811	3.178532
4.243638	4.148089	3.800021
4.062879	5.494617	7.633007
4.734828	6.019368	8.613361
2.720352	3.901378	4.596851
3.671657	4.760597	8.830745
3.696392	5.043018	3.102625
4.625019	5.152193	7.957260
4.411182	5.118494	3.772771
2.881326	3.601241	7.349888
4.008553	4.234876	8.797977
3.929753	4.802785	3.121606
5.220771	5.647252	4.821405
4.167615	4.524522	3.913063
3.730031	5.903699	6.345988
3.266050	4.707194	7.659636
4.076370	5.804385	8.810327
2.852668	4.026851	7.328149
3.489530	3.742365	4.053802
3.640769	4.509084	3.198007
4.350475	4.164378	8.470058
4.104283	5.767660	9.166116
3.539597	3.098305	6.381601
4.367073	6.018249	8.881244
4.242470	6.515416	6.818345
3.228992	3.922537	7.964933
4.287448	4.717230	8.936081
4.118783	5.632057	2.961641
2.886333	3.964107	6.894027
3.128262	4.291829	8.565319
3.237284	4.094708	6.744655
4.543225	6.289384	4.084625
4.301828	4.910178	8.903727
4.741409	7.337272	5.858287
3.244739	4.681749	6.353989
2.531828	4.397101	5.310040
4.736171	6.409917	6.175938
3.987047	4.824015	3.341890
3.543600	4.030686	8.522238
3.725968	5.563598	7.837898
4.764224	4.716926	6.254594
2.835363	3.716695	5.163600
4.487696	6.618429	5.077603
2.957043	4.451954	6.371338
4.482339	5.302279	3.399171
2.776462	3.447687	6.721169
5.275178	6.096948	6.186344
4.762500	5.132041	8.499771
3.080051	3.062428	4.616434
4.613647	5.347876	3.259880
2.546616	3.629496	5.483152
3.801822	5.372804	3.147370
3.559869	5.538684	4.224048
4.581927	5.257021	4.111340
3.694404	4.668498	9.328546
4.348847	5.224613	3.187156
3.876746	3.627231	5.838013
4.780590	5.347418	3.321881
3.039052	4.932995	8.182320
5.519867	6.179973	6.525267
4.711692	5.871461	3.562892
3.300789	5.141665	8.848765
4.010567	5.063844	9.258086
5.419682	5.889591	6.205473
3.890892	3.123876	5.774064
4.887590	5.449932	5.347226
3.090535	3.272937	4.875455
4.775059	5.512211	3.341617
3.909472	3.963273	3.395221
4.155589	4.050320	4.437540
2.598431	4.486322	4.326887
4.819701	6.544966	5.533692
5.103331	6.230354	7.827258
4.048871	5.885522	8.535356
3.113823	5.644889	7.621947
3.401412	5.516396	7.291389
3.222869	3.759134	8.034761
4.791210	6.463026	7.544272
2.704024	4.075097	7.950224
4.108451	6.430155	6.986724
3.408110	5.319991	8.174572
3.753526	4.996286	2.867097
4.840354	6.364890	3.977729
4.917686	5.241633	3.276982
2.473467	4.343270	6.373863
4.834536	4.036752	7.854628
3.127883	3.764338	4.094751
4.339671	5.405418	3.210952
4.068441	4.788741	2.728272
4.890296	6.079642	7.914941
3.478427	3.330552	4.750336
2.938997	4.923084	6.562284
3.681830	4.958443	9.239289
4.147060	5.164081	3.708291
5.663345	5.363083	4.475056
3.581812	3.601175	7.999058
4.084119	5.299676	8.667921
3.551470	4.705918	2.962832
3.541165	4.892252	8.681128
4.849238	5.185368	8.425062
3.775833	5.350010	3.480410
3.624031	5.110827	3.018581
4.395442	5.459869	8.494909
4.239487	5.615608	3.204907
5.223196	5.182975	6.480739
3.779292	5.039439	2.831072
3.650934	5.246454	3.049452
3.365291	3.639853	7.594078
2.758278	5.302477	8.369875
3.750424	3.449308	3.856361
4.611342	5.547753	3.398894
4.060966	5.182092	3.386409
5.053027	6.203406	4.787483
3.915416	5.575426	9.095266
3.707469	5.103723	4.073688
4.182165	4.726399	8.402867
3.898651	4.791501	2.872500
5.230010	6.758831	5.960863
4.505744	4.112998	8.114665
4.742480	4.518123	3.888455
5.235516	6.217792	7.541718
4.662808	6.389910	7.743286
3.294250	4.558637	8.910554
4.292022	6.681115	6.141400
3.261764	4.092428	3.577285
5.482506	5.876549	7.602604
3.278569	4.632628	4.207351
4.750668	6.426885	8.212476
4.946756	6.854403	4.992774
3.586380	5.209723	3.313464
3.486203	4.724550	8.792417
3.038124	3.048052	6.520333
4.142396	5.426364	9.166749
5.104314	6.324154	7.241782
5.328889	5.677374	4.408830
3.900892	5.609479	8.713051
3.521330	5.062935	2.799514
3.491248	2.730529	6.660594
3.144523	4.438904	4.669058
3.793534	3.451977	4.232020
4.570419	4.450308	2.846154
5.001965	6.370309	4.075124
3.907706	5.323631	2.720776
4.177865	5.368862	3.107052
3.861298	5.027200	8.815362
3.625590	6.007188	7.356739
4.281687	5.231834	3.335085
5.057598	7.025064	7.175580
3.720881	3.554569	7.172487
4.392017	5.382394	9.670876
2.712992	4.011403	6.516918
3.824949	6.225971	6.652570
3.995300	6.038084	4.080596
3.477703	6.014624	4.612436
3.665752	4.060488	8.568096
2.737793	5.363324	4.891292
3.260289	4.771004	3.339415
3.825234	4.478596	8.718011
5.069767	4.581894	4.828239
4.835344	4.675413	8.182609
4.340348	4.156323	4.596665
3.507484	3.921106	3.312906
3.688866	4.613177	3.291343
2.556957	4.288519	4.828576
5.137375	6.186828	5.682077
3.701162	6.428561	6.507526
3.528305	4.748585	3.460905
3.831630	3.917754	3.755888
5.022493	4.873412	6.636777
3.608080	6.213599	5.654373
4.267823	5.026075	2.965643
3.588060	5.950276	5.060096
3.254602	5.070940	8.848893
4.066237	5.104486	8.746170
2.967992	3.348929	6.059135
4.476792	6.327625	8.111437
4.375864	5.608265	9.090174
3.175080	3.364906	5.967387
4.339346	4.837586	8.989121
3.874549	4.849019	3.352474
4.031335	3.741833	5.518372
5.135703	5.141378	4.439671
4.418552	4.277731	8.198823
3.571643	5.077998	8.799994
3.675926	4.159998	7.963222
3.335993	3.477520	6.521569
4.692165	6.114219	8.143101
3.022337	5.623068	3.681869
2.492362	3.779106	6.101158
3.859463	5.027054	3.089703
3.431349	4.972825	3.868479
4.611595	7.039801	7.275152
2.612281	4.519257	4.869956
4.034374	4.193956	8.425806
4.065819	4.964098	2.845338
5.520675	5.368799	5.281462
3.376033	5.079216	8.910571
3.439704	3.721372	3.407990
4.523038	5.007432	8.762848
4.075106	3.846870	3.628590
4.699693	4.118397	5.856423
3.973494	5.559463	9.285335
4.376856	4.109760	7.422754
2.623909	4.753163	5.963970
3.294770	4.948689	9.032773
4.677561	5.077346	4.082087
2.910306	3.608745	4.468784
5.360553	6.757626	6.556440
3.817839	6.636702	4.872170
3.500490	3.907398	8.559590
2.893742	4.189151	4.145503
4.576752	5.957487	8.254836
4.414963	4.076796	6.860903
3.901684	4.740990	3.601448
4.551681	4.718774	8.439220
4.086766	3.534272	6.543909
3.287770	6.568548	7.838571
3.836558	5.148561	8.705269
3.897409	3.438706	5.235780
5.160819	5.006558	6.471755
4.208141	6.518422	5.857006
4.324161	5.547345	3.055410
4.078915	4.017875	5.612765
3.859662	5.288289	3.108924
3.575954	5.185772	8.775315
2.727350	3.548815	5.398408
4.303207	6.311876	3.465937
4.086473	5.695409	3.563066
3.106694	5.485373	4.838765
4.560417	6.027675	4.768445
5.239264	4.316507	5.473638
4.080429	5.868522	2.954606
4.282620	5.167201	3.170470
3.570622	5.712810	6.763533
5.199110	5.317161	6.168922
4.444586	4.852053	3.429539
4.411734	3.675419	6.551356
3.835756	6.166788	4.022927
3.126657	4.197572	3.910200
4.369148	4.284241	5.577925
4.314286	6.020098	3.553833
3.709810	5.973276	3.252127
3.601230	3.745009	4.486415
2.994990	5.379318	4.965119
4.788549	5.786752	7.854813
3.544021	3.853719	8.824187
2.993722	4.573184	6.255777
4.342995	4.172564	7.234374
4.423867	4.598470	8.511364
3.431634	2.921244	7.213467
3.557941	4.278722	2.763609
2.775618	5.004239	4.380881
4.029949	6.253007	3.556216
3.166137	3.567274	5.542529
4.154157	4.908047	3.237081
3.601637	6.199558	4.702488
4.022623	6.804707	6.662065
4.074203	4.451807	8.879162
5.051331	6.029638	3.739960
2.992679	3.373490	6.006930
3.824611	5.108855	8.881087
2.542555	3.964351	5.057017
3.078760	4.547966	4.336090
3.860477	4.652371	3.293631
3.853852	4.639600	9.477660
4.951450	4.602885	6.825612
2.637452	4.012081	4.461800
3.875541	5.988609	4.690823
3.418236	4.769198	8.630951
4.279764	6.746068	4.923065
4.223973	3.679546	5.343413
4.915006	4.627911	6.312997
4.692705	5.567862	3.869063
3.015643	4.897362	7.854853
4.207786	5.986366	8.624418
2.463296	4.908663	7.173139
4.533946	3.932414	7.719075
4.687618	4.368308	5.853884
4.967464	5.828551	3.990643
4.081017	5.168399	8.965775
3.500184	5.586008	5.274543
4.158268	5.084697	8.898146
4.842208	6.156072	4.567774
3.671982	5.761225	3.216951
4.134525	5.189934	3.048700
4.736115	4.936421	8.606306
4.243031	6.329613	5.769771
4.250130	5.682389	3.237944
4.963387	5.994811	8.023005
3.675346	4.961127	8.673288
3.871984	5.521382	3.648813
4.136898	4.365750	3.617539
3.045468	5.149625	4.089626
4.411785	4.247247	3.128603
4.191110	6.162373	8.608236
3.981628	6.433453	4.419256
5.146871	6.412161	6.965782
4.805071	4.423136	7.168099
3.197800	3.216093	7.199337
4.384001	4.423620	3.283263
3.115976	4.858985	8.351498
3.864588	6.541379	4.849349
3.037864	4.931984	6.861598
4.323862	6.371787	7.657979
3.589307	5.647915	4.350139
3.683524	5.180992	9.130691
4.127479	5.005496	9.008779
3.253185	5.541664	8.685846
4.756684	6.795364	6.019804
4.993284	5.043964	8.269791
3.732437	3.855033	3.913101
3.020760	4.180454	3.695655
3.394322	5.166578	8.657011
4.171303	6.031951	8.780953
4.189663	5.378815	8.774949
3.822819	5.456435	3.581746
2.814298	4.193675	5.559797
4.392101	4.636313	8.800492
4.285577	4.779431	8.598781
4.864533	5.793463	8.316934
5.161475	4.646307	4.446762
4.183067	4.752523	3.220948
3.322666	4.146809	8.564715
5.210742	5.379325	5.776710
2.906103	2.818830	6.913570
4.296819	6.168715	8.276452
4.455918	5.522852	3.490306
2.891740	3.711422	7.869512
4.250085	4.692796	2.953737
4.486923	5.367284	3.018749
3.347380	5.083121	4.468530
2.241383	4.540757	5.983735
4.337311	4.908198	2.885339
3.369356	4.437797	9.029144
4.471930	6.876667	5.928201
3.832856	3.504340	5.798773
4.022850	5.213928	2.779853
4.514276	6.627430	4.889889
4.233635	4.679213	3.435709
4.210411	5.562294	3.007168
3.356487	3.693990	8.246770
3.314837	5.133574	3.261595
3.643246	5.691909	8.543952
4.232681	5.820140	8.362856
4.926467	5.809720	7.939362
4.811387	4.507166	4.992701
4.529395	4.258664	8.398446
2.889188	3.838741	4.731400
4.103896	5.185693	8.986937
4.058874	6.836482	5.985265
5.600133	5.918004	4.978307
5.382074	5.658262	5.550972
4.942867	5.493050	5.303826
3.438221	4.324405	8.264675
3.857331	4.940505	9.223544
4.361005	5.283037	8.647170
2.918235	5.144580	7.259168
4.067616	5.809261	8.732119
4.244835	4.753826	9.025707
5.144031	6.791723	5.093064
4.230448	3.529054	7.246631
4.790915	6.443169	5.296237
2.637736	4.221603	7.044723
3.832300	5.146339	2.855880
3.360368	4.511077	4.255605
3.745231	4.801659	8.933600
3.629086	3.823209	8.991747
3.473964	3.919657	8.481181
3.684460	3.710600	7.688356
2.871922	3.985703	3.875043
4.249083	5.409041	9.314210
3.956618	3.885688	8.686665
3.344561	4.701855	3.379605
2.931114	3.675768	7.144470
2.866173	3.513004	5.672021
4.083640	4.724956	3.092468
3.721730	4.469774	3.120992
4.151457	5.528437	3.306628
4.873725	6.174445	8.084668
4.941595	5.968838	5.190332
3.389412	4.685995	3.226391
3.418213	5.643131	4.825725
4.821558	6.537971	4.733554
5.522277	5.523594	6.559007
4.033241	4.608684	3.467157
4.098390	5.631532	9.481964
3.767326	6.361829	8.004079
3.161008	4.866779	8.020033
3.760179	5.459389	2.998136
4.082708	3.616034	6.019557
4.019808	5.117316	3.086872
4.293715	6.233376	3.878430
3.181827	3.680655	7.846233
4.441617	5.022251	9.383219
2.886064	4.315684	4.672255
5.589269	5.090809	5.888297
4.351130	3.953684	4.942692
5.138100	5.275433	4.252153
4.666969	4.871778	8.937729
3.726663	5.268205	3.356366
4.654367	6.709793	6.931593
3.637511	4.744934	3.688286
3.521032	4.686553	8.958673
3.997336	5.214426	8.863960
4.510116	4.807613	3.695546
4.143540	3.665320	8.599336
4.484703	6.510331	5.546804
3.951410	6.579143	7.884160
3.997766	3.747107	4.285135
4.548719	5.612390	3.084681
4.108759	4.808953	8.799030
2.773508	4.505037	7.817151
3.984157	5.249310	3.064856
3.036478	3.355045	6.701454
3.996964	6.360014	4.240324
3.517299	3.941839	4.308174
4.428913	4.686916	3.263054
4.498015	3.804345	6.503877
3.861923	4.654909	9.232382
4.609716	4.984170	8.876709
3.707440	4.766917	2.984540
4.648312	4.607124	4.311531
2.958958	3.951655	8.349828
2.904262	5.233469	4.033412
4.095991	4.719706	8.997847
5.555653	6.400554	5.913929
3.559587	5.562585	8.517308
4.542478	6.306527	7.457290
2.730802	4.064713	3.828997
3.332014	4.909284	6.699603
3.416120	6.192971	7.198670
4.307590	5.500808	3.090594
5.159196	6.354735	5.162201
3.819555	4.491372	3.247021
5.088094	4.988448	7.484136
3.887140	5.105957	8.942983
4.171167	5.452944	3.248750
4.865205	6.281799	7.751426
4.189633	4.962178	2.867549
3.790794	4.066709	8.705835
4.092050	4.540543	8.820694
4.793715	4.376125	4.257431
3.914592	3.487686	8.661394
3.632747	5.016604	8.741365
2.651661	4.372230	2.785929
2.610399	3.661659	7.687676
4.344641	5.684483	8.994370
3.763929	5.255318	3.382482
3.275491	3.241725	6.284101
6.861864	4.711971	4.017105
6.272212	1.805086	3.226883
2.729306	4.170975	7.495675
1.092076	2.615889	6.379813
0.899725	2.411033	7.561186
5.265516	8.079704	7.445828
5.686168	1.281506	8.966682
4.787751	6.209396	5.418702
2.880989	2.729059	8.228184
1.001044	4.326482	7.958118
2.969104	2.069525	2.039105
4.963040	2.327201	4.611386
0.190552	4.089660	3.593991
6.297896	7.562605	4.388690
5.328224	3.470308	2.376027
5.877653	2.011389	5.474331
5.140042	8.914267	2.159792
5.630051	8.407323	5.824948
6.701788	2.215857	3.159862
0.009718	3.093574	6.260463
0.624204	6.416763	4.722289
1.538154	1.145249	4.823584
4.704166	1.293546	2.359079
4.572131	8.033656	3.696571
3.510448	7.303706	5.479009
5.590883	7.341209	3.833403
4.779566	8.731962	9.305089
2.766977	5.671715	7.185577
2.516169	1.347100	9.379232
4.679161	8.286491	2.083157
4.652663	8.467314	9.952910
1.570058	2.038977	6.585534
3.377255	6.337840	5.233476
6.143727	5.930747	8.823295
2.254187	1.725323	8.979751
3.178876	2.235433	2.116240
3.085105	2.500547	2.151759
0.752308	7.840768	2.913034
0.299499	4.728777	3.021659
1.732207	2.230572	2.148755
6.318379	2.210117	6.931573
2.292526	7.011300	6.961601
0.993833	7.369541	8.175626
6.270423	5.744845	4.039598
2.839035	6.987280	8.267212
6.922708	5.556494	5.676066
7.382433	4.272848	9.421426
2.323493	1.807366	8.616395
1.953634	3.091784	5.897074
3.977303	3.569097	3.263206
2.355191	3.549908	8.902202
3.162556	3.518873	9.063110
3.601909	4.802022	6.662668
7.724902	6.376153	3.200589
3.314744	2.052082	8.627915
4.673925	1.326480	8.510464
6.208227	6.718421	8.037356
2.449127	6.758608	3.454591
3.331684	8.014817	3.844447
2.280608	8.552524	4.133460
2.299655	8.110983	8.371407
0.375920	1.139882	3.121738
2.404455	1.040925	5.691296
6.226165	3.061876	4.883985
5.190903	8.286334	4.485591
1.197354	4.384439	3.117886
1.009109	3.429900	9.449344
6.636011	8.411295	5.426194
5.921275	3.235617	7.802723
0.281417	6.190696	6.851620
3.006337	5.535270	3.040977
6.771111	6.098082	3.448275
3.715810	1.957728	6.246956
3.824694	7.809407	5.242230
4.486450	7.512752	3.303285
7.888489	5.186251	7.679701
0.660929	1.509323	4.309717
0.593013	6.381527	9.132197
0.011876	7.966989	7.389116
5.135211	7.488488	7.870404
0.148857	6.777837	3.363680
6.596989	7.140048	3.425061
5.309744	1.975156	9.937404
4.123538	8.430985	9.375980
2.201036	2.860147	2.245213
3.113143	6.966683	4.372176
0.075388	8.348308	2.682026
1.784092	6.053611	9.397969
4.700863	6.937626	7.915576
2.406908	7.857568	3.320996
6.096999	1.402602	4.837809
3.515596	7.502124	9.476941
0.884501	1.077079	8.501948
7.951409	4.844281	5.475571
3.176956	3.083097	9.553032
0.880865	3.534620	2.448255
1.486908	7.057943	5.950145
2.987783	2.679663	9.137321
6.542534	8.971983	7.418487
5.618506	4.141289	7.971801
2.539362	4.024572	7.635124
2.869369	7.793982	4.621259
4.695764	6.117065	4.405493
3.792514	8.078072	5.591383
3.864420	5.595453	5.430301
3.143152	1.580735	2.814489
2.446070	5.274676	5.624979
7.376376	1.768688	9.846507
1.331733	8.626536	3.873029
4.419687	1.283660	8.770276
0.368487	2.515692	6.917919
3.773510	5.926981	4.944493
1.065636	1.207161	9.673702
5.946725	5.305629	2.894673
5.783109	7.969649	4.996151
7.831202	2.961648	4.434845
5.100525	7.673464	2.562402
4.639931	5.112349	4.533700
6.058256	1.326198	7.460592
0.680183	8.316880	7.614907
1.577808	6.245069	5.203091
3.398021	4.590790	5.769405
1.167183	3.014213	5.833615
5.523984	4.707856	4.965653
4.451654	8.225554	4.282994
6.961437	4.520001	2.379977
1.395541	4.398363	7.026258
7.792620	6.994889	2.128148
5.385567	7.646787	2.444875
1.731515	7.718087	2.153181
2.933486	4.941677	2.379966
6.048599	8.123532	2.738465
2.845421	6.969555	4.831815
3.895209	2.950418	9.573891
1.790394	1.812235	5.214595
3.121438	7.460403	8.764199
7.038753	1.055718	9.186724
1.565046	6.756031	7.516056
1.613126	5.325305	6.886433
1.903490	4.894411	2.895631
1.351568	1.337779	8.882395
5.733872	1.596460	7.673336
2.257833	4.754492	5.819228
4.527895	8.097810	6.042838
6.587025	8.161250	4.242657
5.073762	5.351582	5.899145
4.415207	2.150410	8.329803
3.285047	3.354830	3.211750
5.133874	4.867048	3.277733
6.349921	8.972747	2.865830
