4.242215	4.870834	9.323204
3.452031	2.930694	5.374848
2.867382	3.512634	6.115003
2.418939	3.825257	4.306370
3.959303	5.243280	8.866558
4.884248	5.579452	4.003039
5.547094	5.842303	7.819276
5.081235	6.351444	4.320923
4.027852	5.544608	8.347645
4.292218	4.821851	3.377462
3.184155	4.840055	2.948360
4.263461	5.751665	8.489395
4.503875	5.009167	9.459206
5.107038	5.661507	5.379148
3.655814	5.435416	2.913054
3.872227	6.365857	7.036213
4.438390	4.611262	3.531809
3.363289	4.237147	7.993927
3.753402	5.029139	3.613374
5.292638	5.698955	3.559833
5.290510	5.721636	7.828497
5.334672	6.209018	7.402555
4.036699	4.733319	2.606660
3.884111	4.044672	3.878412
4.362926	4.211371	8.267779
4.343166	5.316856	3.334120
3.798237	3.611133	3.589543
5.134734	6.649302	5.854636
5.248558	5.811143	8.725916
4.145272	4.370706	3.037218
3.868141	3.578539	5.643316
3.658298	5.003390	8.859106
2.979858	4.244722	3.393772
3.300459	2.891218	6.529051
4.467987	4.242394	6.375244
4.637749	3.914988	5.483237
4.609800	3.909707	4.363205
3.735975	5.877115	8.638670
4.408321	5.992046	3.856958
5.082970	5.753252	6.505208
3.632645	3.495825	5.683306
4.456033	5.697679	9.037494
3.951597	6.199913	4.764986
2.859292	4.231359	7.852926
3.583525	5.525731	7.380242
3.670367	4.900021	3.178684
5.121667	5.389758	9.087850
3.238195	5.031750	3.634978
5.233569	5.912594	7.171972
2.811836	3.867803	7.458479
2.707112	5.279620	4.934138
3.556233	4.914481	8.552954
4.312232	6.579902	6.561019
4.100189	4.938382	9.152090
3.013113	5.308726	4.308339
3.944291	5.088957	2.965076
3.043636	4.923998	4.538333
5.212709	5.005515	4.810269
4.168010	4.806067	3.212698
2.671252	3.520155	7.518639
4.138502	3.618767	6.958586
2.849326	3.419629	7.404529
3.604319	5.638281	4.041443
3.612625	3.384113	4.240881
3.980205	3.493504	8.264868
4.288079	5.053417	9.149108
3.346163	3.976710	8.503762
4.145343	5.033117	2.522467
3.714972	5.235844	8.792069
4.027742	3.813644	7.691977
4.124636	4.410282	2.935387
4.132229	4.171652	3.637441
5.117218	6.434897	5.897855
3.622671	5.184279	2.973262
2.866426	3.859023	7.884065
4.541096	4.150768	7.153745
3.438882	5.457284	8.349290
4.510792	6.379268	7.550335
3.765265	3.672572	8.424283
2.457743	4.569455	5.655434
4.642575	5.347808	8.409795
4.079851	5.202162	2.886276
5.289495	6.541534	6.496186
3.237073	3.668242	5.970139
4.325730	6.345079	8.645839
4.416603	5.258218	3.922397
4.852174	5.192537	5.868411
3.687102	4.072235	4.202539
4.373513	6.820072	7.599872
4.185222	6.538790	4.404198
3.937470	5.724241	3.102576
4.020026	5.321109	3.018323
2.668598	4.013041	8.565975
3.701509	3.290340	6.078479
3.652716	4.934728	2.722617
3.938228	4.611179	8.800469
3.224223	3.653828	8.675538
4.467735	3.932901	3.823092
4.417503	5.026112	8.705940
3.614225	4.834563	3.172559
3.869001	5.679946	7.557874
4.364930	4.055020	6.020547
3.208482	4.288917	8.564420
5.721124	5.379127	6.594321
4.038019	4.730198	9.312488
4.724378	6.434770	5.246950
4.445927	5.130337	8.377586
4.354384	6.629149	7.071315
3.226233	5.434426	8.460670
2.876156	3.630700	5.994366
3.439959	5.722687	5.520940
5.169014	5.751328	4.135981
3.222002	4.414514	6.174384
4.576470	5.894453	3.249921
4.394524	3.693080	6.898190
3.173268	5.352378	5.249104
4.884400	4.984629	4.609519
3.974008	5.690487	3.335156
4.558527	4.784913	9.099154
4.447683	5.285678	9.101739
3.479776	3.389558	4.443002
5.207340	5.200115	5.846714
4.277774	5.140824	3.047538
5.151271	6.261613	6.106994
4.605643	5.822116	4.958475
2.790099	4.629708	3.555893
4.797802	4.697830	4.065590
4.260580	3.811606	8.259585
3.576018	4.194345	3.063941
2.881275	4.087098	7.398372
4.313258	4.756988	3.040227
3.883481	5.656879	8.236144
3.988701	5.967361	4.341412
4.312419	6.811052	3.986577
4.881772	4.608021	7.060903
2.967050	5.337001	3.908455
4.103898	6.407565	4.570330
4.587877	4.662980	8.660502
3.934568	5.622537	2.946915
3.510116	5.506597	7.164963
4.663990	5.429079	3.351612
3.135497	4.513640	3.698566
3.441487	5.335365	4.186697
3.213817	3.040573	6.033291
3.241391	3.849506	7.907482
3.721623	6.040725	7.200039
3.556524	5.273238	3.087406
3.622215	6.591465	6.437944
4.126490	4.146876	5.175329
3.337818	5.548312	5.170454
3.215212	5.571585	6.406896
3.249142	4.243748	6.578204
3.648937	5.314760	3.062699
3.612324	4.549777	2.944399
4.529209	4.700634	3.996373
4.500191	3.579821	4.946486
4.072670	5.165320	2.573281
4.210169	4.104559	4.019607
4.023342	4.984418	2.751473
3.896055	5.514062	3.482063
3.509798	4.361424	8.481392
3.798039	5.103373	3.172658
5.527707	5.509086	5.830373
4.226814	6.100850	3.441357
4.220913	4.995755	3.503294
4.551230	6.916987	6.784356
4.452192	5.856638	3.572141
2.985556	4.117400	8.150232
3.968125	6.311957	4.263756
4.543273	4.850962	8.484525
5.053402	6.185623	7.448867
4.477800	4.167834	6.509426
2.658354	4.136332	6.653178
3.184181	4.195004	8.637003
4.058708	4.776699	9.319965
4.668364	5.361907	3.769367
4.007196	6.165805	4.763896
4.635793	4.228645	5.105637
3.369607	3.446079	4.118986
4.670153	6.460747	3.740402
3.720606	4.457869	8.791627
4.227889	5.231199	8.877056
3.268845	4.774974	5.192112
4.551227	5.683766	8.399885
4.299277	4.510793	8.906740
3.703730	5.430616	8.994831
3.444481	3.014391	5.922625
3.887815	5.067337	3.014753
4.380097	4.238861	7.200430
4.564835	4.978386	6.491759
3.706933	3.693758	4.502692
2.637440	3.384622	5.382864
2.916729	4.856810	8.290318
3.647689	5.585514	6.991557
3.867782	2.846105	6.023679
2.869046	3.668633	5.500883
4.273602	5.638058	3.102228
5.069171	5.498173	7.932529
3.867109	3.211019	6.539262
3.907945	5.157688	9.516514
3.031500	5.112233	6.224622
4.533734	6.723399	4.789130
5.360094	5.014988	6.541717
4.980919	4.316916	3.878932
4.768898	4.391493	5.271975
4.450442	5.235974	3.416809
4.379003	5.319924	4.257726
3.952226	6.409261	6.698729
5.050331	6.612057	6.713954
4.765447	4.413826	8.256726
3.914703	5.511225	8.598407
3.394036	4.431101	3.086277
3.846940	3.834422	5.285072
3.143115	4.609622	7.989180
3.232917	5.402698	3.831634
4.345355	5.220655	8.232787
3.685923	3.545243	3.942162
4.700938	6.334537	4.017133
3.979862	3.570284	7.547776
5.235323	7.037275	4.215649
3.904049	3.837122	8.684522
4.194883	4.200966	3.191482
4.830773	5.936864	3.796819
4.176526	5.083287	8.889019
3.839403	4.798743	3.439601
3.143986	4.295363	8.626504
4.249988	5.280304	2.784486
4.990673	6.010462	5.121745
3.941712	4.530309	9.363522
4.169115	5.373942	8.585562
3.293288	4.536528	8.646230
5.134562	5.869917	7.691240
4.350585	5.826347	8.873126
3.771880	5.143665	8.708731
4.014100	4.755842	3.278336
3.976870	5.537860	3.027737
4.721451	6.871187	4.945615
5.680068	6.297523	4.971179
5.200170	5.850906	7.426777
3.531014	6.349773	6.446092
3.085583	4.373866	3.181857
3.786793	4.846767	2.990020
4.229228	6.169359	5.543123
4.210621	4.886831	8.671490
4.069804	5.193317	3.131713
3.096261	4.178901	3.679987
2.417772	5.016894	7.518120
4.690991	3.903484	8.242264
4.413538	5.808716	8.805773
3.816897	6.417688	5.778061
4.535938	6.382354	8.402108
3.884186	4.219758	8.524455
5.167238	6.382958	7.425175
4.898347	6.964743	5.534161
2.828190	4.298337	8.987227
3.078645	5.846826	4.632425
4.967330	6.213541	6.802041
4.297939	5.772904	3.509667
3.801852	3.520173	7.792900
4.359685	5.289346	7.677160
4.068084	4.524013	3.182138
4.305023	5.363406	2.581328
4.167687	5.542504	9.142547
4.954117	5.346183	8.238654
3.808424	5.258752	8.708558
4.354986	3.922555	5.986034
5.020337	6.842468	6.759271
4.452898	6.118265	3.724808
4.572936	5.847998	9.067233
4.905629	5.587558	4.554386
3.967191	5.000283	2.573406
2.962997	4.850336	8.086596
2.924479	3.493424	5.041349
4.122540	4.870402	8.978198
2.599284	4.044088	6.710913
4.256851	6.274931	7.237586
4.630140	6.005767	3.418187
4.262387	5.542109	3.549874
4.442692	4.387445	5.223278
4.977456	4.558769	6.058680
3.930989	4.934405	8.630836
5.184205	6.163480	7.476375
3.486556	5.204126	8.991754
4.258623	4.381450	3.189822
4.404514	4.669577	8.235572
3.698682	5.811026	7.857827
4.079155	5.514977	8.462614
5.074873	5.164999	8.096739
4.402610	4.156497	3.103683
2.904607	3.095959	5.188560
4.523276	6.305493	3.482061
4.202642	5.021507	9.229990
4.412918	3.381093	6.303822
4.287861	5.660462	2.963502
4.870717	4.809402	7.701105
4.473401	4.170585	4.202311
5.214083	6.992586	5.048949
2.812161	5.226977	5.275401
4.885513	6.770956	4.634301
4.031808	3.848766	7.982541
4.725854	4.351055	9.357092
4.485707	6.404181	8.226004
5.014930	5.326922	7.493020
4.308184	5.004624	9.072434
4.856922	5.655327	7.591711
4.346436	5.826320	8.121171
3.562160	4.957916	2.797983
2.702562	3.948194	7.403811
4.300877	5.973246	8.578220
5.118960	5.799386	4.449591
3.735039	5.155181	2.923103
3.859848	5.375792	8.264033
3.982136	4.654360	3.213968
3.375525	4.953215	8.725368
3.867966	4.577890	8.756394
4.508240	6.530743	8.031539
2.938037	3.229434	4.931871
4.028956	5.526720	8.666330
2.801397	4.814441	5.734337
3.762867	6.576062	7.281073
5.194013	4.012749	3.814940
3.291124	2.543585	7.231650
4.309375	4.358875	8.948078
2.648681	4.927243	4.097186
4.720154	5.411411	3.885198
3.363046	5.803556	5.035115
3.955517	4.892611	2.828186
3.368837	4.061977	3.529819
3.674686	5.947297	3.872852
4.939381	5.178461	4.765148
2.673179	3.113796	6.972942
3.891014	4.878250	2.660618
3.476504	6.382795	8.284044
3.569739	4.954462	2.898627
3.956717	5.167656	8.695612
4.231291	5.671919	4.038623
5.239527	5.825046	5.296946
2.878194	3.945341	7.643331
4.861088	6.824512	6.936504
3.043274	4.721936	6.506866
4.244002	5.119085	8.739993
4.597966	4.643205	4.281345
3.893902	5.633377	3.342795
4.191158	4.634402	3.770646
4.854729	6.179191	3.702601
3.788778	3.460247	5.107855
3.264281	3.375537	6.857150
4.256554	4.828074	8.590102
2.732174	3.641384	6.001887
2.517633	3.570713	4.923380
4.097608	5.243075	3.216629
5.140380	6.885373	5.840064
4.274632	6.004649	4.099369
4.031796	5.140147	2.898124
4.245784	4.843833	9.041326
5.306038	6.221261	7.393031
3.058023	3.505380	7.290876
3.701837	5.927696	5.343306
5.514009	6.129577	5.243740
4.657668	6.179904	3.490808
3.624661	3.634564	5.299327
3.340475	4.283371	8.682715
3.711168	4.484027	8.848356
4.058836	5.067546	3.469146
3.701493	3.707634	5.335995
2.740503	3.380860	8.056753
3.118451	3.510473	8.079786
4.061599	4.680267	8.438120
4.346168	5.004045	2.959659
4.826482	6.133339	8.327746
4.594391	4.873371	6.517378
3.366570	5.012847	8.731982
4.532501	4.934367	8.536327
3.778625	3.908882	8.865534
3.912598	4.196006	8.582314
4.281448	4.973162	8.984098
3.926014	4.858513	9.150333
3.776764	6.471806	8.208505
3.773493	4.245705	3.478408
3.842997	6.358812	5.824286
3.128600	4.797212	3.553006
4.251941	3.865933	7.839452
2.833676	3.762930	7.378503
2.828460	3.336465	5.804459
5.114357	6.358420	4.878030
4.228895	5.030016	8.997716
3.579026	5.806449	3.797826
3.660001	3.752294	4.351175
5.063715	4.540194	5.075943
3.874084	4.958105	8.787794
5.288076	4.444482	6.171055
3.268799	5.445769	7.194591
3.729987	6.147879	8.413720
4.055509	4.741690	8.483784
3.012125	4.694815	3.357269
4.195286	6.740728	5.754025
3.794777	5.614958	8.940221
3.302176	3.962544	4.171448
3.698736	5.478809	2.848427
3.089270	4.426292	4.849785
3.175224	5.094297	8.841088
4.791615	6.103631	4.122707
3.234960	3.631690	7.086793
4.249152	4.392548	7.991920
3.965672	3.951549	8.416811
4.043557	5.435186	3.180095
3.233392	4.414677	3.763617
3.853818	4.774921	3.037534
4.168643	3.720065	4.088839
3.298428	4.591943	7.914405
4.997698	5.924323	6.032454
2.777803	4.715154	4.794495
3.690422	3.600322	3.840238
3.901339	5.014350	3.058137
3.486437	4.232875	3.234912
4.688465	4.861516	8.816632
3.925067	4.529507	9.108384
4.599218	4.194323	7.855272
4.296336	4.896808	8.643545
4.860730	6.650125	6.167485
3.493777	4.140393	3.340144
2.854935	4.475180	4.133898
3.528642	3.898962	3.476143
3.714278	4.069411	3.156269
4.673352	6.386795	7.764510
4.601737	4.488433	4.672043
3.521247	6.015627	7.715571
4.283272	5.487108	8.962728
4.183007	5.178160	3.347400
4.734670	5.173375	3.035896
5.202167	5.347386	7.183653
3.289521	6.183383	6.808566
4.258469	5.039569	2.826383
3.601234	5.168825	9.442980
4.664235	4.910850	9.127014
4.298595	4.917338	3.233218
3.564515	3.730143	8.274245
4.895043	6.012689	5.017586
2.903788	4.719987	4.340160
3.298876	3.979377	3.404195
3.812044	4.639890	9.181686
2.759070	4.222377	5.226617
3.109822	5.649553	4.808021
5.231925	6.147484	7.139926
2.645273	3.580693	6.283469
3.811699	5.713299	8.942316
4.495108	4.504250	3.485758
4.216476	5.796137	3.183229
4.436151	6.222015	3.848166
4.202112	4.867581	3.356811
4.627094	5.263049	3.125502
4.497532	5.571352	2.907370
3.848292	3.774018	7.679920
3.564357	5.348117	8.477711
4.002134	4.910677	3.149084
4.390817	5.023168	3.190419
5.109525	6.610004	7.036624
5.093232	6.186404	7.399006
3.344448	3.267246	4.909703
3.851316	6.339608	4.383589
3.513431	4.968652	8.990221
2.602034	4.075801	4.717042
4.397994	5.024177	2.812024
4.024543	6.972324	8.086174
3.174241	4.024298	7.280202
3.606595	5.952390	3.959228
2.994001	5.112794	6.925286
2.939454	4.677224	6.344318
3.886166	3.781410	3.182017
4.209286	5.387128	8.814130
3.684993	6.226336	5.579276
4.149031	4.713385	3.243053
3.584791	5.967301	7.627997
3.682166	5.531903	8.162223
4.314537	6.715766	5.197951
4.279602	6.689066	6.202465
3.956817	3.871996	8.503969
2.689458	3.192646	4.926727
4.295365	5.185200	2.695216
3.720061	4.618956	8.870817
4.178174	6.594194	7.920789
3.579415	4.188509	8.555872
3.738822	4.412216	2.658201
3.074297	4.310444	4.415148
4.832410	6.442934	6.468870
4.350120	5.677529	9.181771
3.610622	4.939701	9.139753
3.869581	4.047623	6.561807
3.884078	5.300009	2.959655
4.029022	4.509981	2.927645
3.216536	3.816670	3.708997
4.086924	4.570580	8.224084
4.678197	5.943240	8.531735
4.270196	6.316721	4.828169
3.858045	3.599657	4.337156
3.995449	5.122981	3.356632
3.880017	4.895048	9.409601
3.569672	3.340123	6.722709
4.127266	5.370725	3.051820
3.339511	5.687237	3.549342
5.639353	8.916815	7.092779
2.283979	6.261695	9.954538
0.310796	6.857100	5.304043
3.247006	2.922400	3.723000
5.887616	1.015460	6.251344
7.026734	1.869929	8.931505
0.629626	4.185835	3.359101
5.179711	8.643002	4.790022
1.605622	4.673934	9.782390
4.088485	8.025289	3.633031
0.327317	5.160770	2.838971
3.185695	8.082201	4.447308
2.598855	5.762465	5.070877
5.960108	2.711405	4.202276
2.758436	8.010035	7.660349
7.878473	7.966604	2.364762
3.279015	1.535600	4.791509
4.373535	2.380285	9.747345
3.368821	3.232445	6.661830
3.756631	5.430788	4.611665
0.201400	7.303402	6.049330
2.924705	3.238098	6.705931
0.757869	4.912835	2.843548
4.731121	8.392727	3.915230
0.530915	4.141782	9.419312
1.568122	5.098355	4.882185
7.314366	7.295026	6.882135
4.917856	5.901664	2.140070
5.542317	5.210483	9.696313
3.490303	8.332882	6.273669
5.620099	5.097348	6.197692
3.026464	7.466929	3.305513
1.899880	5.011102	2.485080
2.005018	7.529019	4.594510
0.517973	7.195081	7.901231
3.443492	1.607115	3.502674
3.030122	2.676679	8.368296
1.788690	3.973702	7.891896
0.166021	5.601231	6.548747
6.573448	1.130298	3.296798
1.277088	8.405193	7.412391
0.639908	6.762111	9.225399
6.859411	4.159096	2.435667
5.946946	5.012330	5.880308
4.086459	8.295525	9.121325
4.602729	2.101163	9.461695
6.255999	1.823708	7.671200
4.256029	5.864672	5.152025
1.451306	4.053304	8.445504
0.804104	8.877857	2.461832
1.019392	6.030644	7.837502
4.299562	3.557837	6.486291
3.173246	5.611191	4.526233
4.195381	4.394701	9.779580
2.968435	8.673285	5.528309
4.874922	8.918021	4.454460
3.559508	6.643372	8.229935
0.308029	7.523363	3.408571
1.231192	8.924539	6.472331
0.654979	2.077225	5.756382
4.011273	2.484462	9.897971
7.569299	7.684742	8.130562
7.537882	4.244940	2.163573
7.442207	1.208515	8.088639
6.632815	2.959216	4.859359
1.153787	6.225992	5.100010
2.063274	8.414215	4.778060
1.949794	1.046888	6.980486
7.430455	4.692508	3.174868
5.751949	1.475721	4.766348
6.941075	8.793994	5.791833
3.625753	2.128894	7.126267
6.126322	1.718669	6.401006
3.996532	1.280161	5.396966
5.760309	7.997792	8.050637
6.788687	2.444951	8.002133
7.773679	3.129487	7.550160
5.276072	3.931680	2.186467
0.300466	5.442858	4.491117
6.059810	6.696823	6.011512
0.009840	8.742955	8.335606
2.520857	5.142600	6.360138
3.827444	5.103513	8.763561
4.133873	1.102399	5.304610
0.946184	3.345721	9.943829
3.590937	1.097438	7.992171
7.962937	2.463435	4.079089
3.268534	5.849955	3.812381
1.563370	5.447968	2.907214
2.278044	2.651299	7.557248
2.481733	4.685943	8.623445
0.350268	6.074082	2.354735
1.912257	1.182894	8.350865
2.538787	8.173492	5.612925
2.902257	4.649934	9.900095
2.446652	3.910514	9.621080
1.167193	5.860074	5.760651
5.283205	8.755198	3.396169
7.386450	6.256208	4.614609
1.085967	1.175777	5.292130
1.492475	4.089735	8.202190
7.656483	8.042717	6.955391
7.420952	1.791227	2.691515
5.804146	2.036097	5.467990
4.341783	8.039150	2.738445
7.306520	7.384100	9.153694
7.977643	6.706749	4.310097
2.850692	5.410643	7.905329
7.077400	4.340003	9.680651
3.996833	5.289653	3.166847
2.260911	1.541221	6.571550
1.108635	7.746242	3.665154
6.777279	5.793913	6.847747
1.135419	2.588690	3.958230
2.781850	8.192852	2.774932
4.847039	3.073689	2.439962
4.708175	4.669587	2.688819
2.871084	4.872520	6.992422
0.607065	5.605818	4.603251
2.092945	2.989518	2.069842
2.138981	1.978235	5.329040
7.481673	8.491885	7.019210
4.430061	5.611219	9.340169
3.364043	1.080838	4.423018
6.534043	1.894912	2.507550
5.628806	8.618110	7.787460
2.272154	8.191852	2.574885
4.975712	4.932998	3.822945
0.820323	7.802409	5.994688
0.499627	5.232513	6.316376
1.556741	5.492369	2.535530
7.056262	1.863682	7.941277
3.162250	4.678910	7.295011
7.584427	7.901831	8.449785
3.270275	7.093578	7.375365
0.629447	6.747379	8.740019
0.508885	1.564648	4.227587
6.043624	5.428767	7.029200
2.962554	5.857981	8.169198
7.495281	7.598366	8.917595
0.073890	1.318137	5.210406
7.586093	4.417483	6.590463
5.080067	5.459187	7.664141
3.163451	5.877331	6.619276
3.599837	1.624671	2.505888
3.269834	3.595751	8.347268
1.799393	5.734304	2.644533
0.165273	3.417199	6.600708
6.736780	6.404350	4.395441
3.454152	3.276123	9.462651
