3.584742	3.940718	3.149939
4.231086	5.049785	3.168420
3.224307	3.305806	6.266664
4.549894	6.127583	7.766491
3.512754	3.659630	6.286314
4.084950	3.737829	5.191806
5.128526	5.804824	7.944265
3.511448	5.691970	7.636100
3.827670	4.277593	8.324601
4.947057	6.149503	6.644608
4.813780	3.994299	5.956136
3.408504	4.365066	3.212798
3.532626	5.576321	3.803196
3.625524	5.916094	5.344288
3.577882	3.751954	4.493157
4.123524	5.266599	8.719564
4.083022	5.151694	8.938160
3.499392	4.156028	8.543555
3.489806	4.017050	8.047297
3.324047	6.164880	4.319166
4.845144	5.080854	7.554953
3.268556	3.296870	6.039595
5.035034	6.173763	7.742050
3.721947	4.304647	2.952678
5.055396	6.297107	7.649257
3.593612	6.105831	7.505185
4.264282	6.030891	4.522020
3.950343	4.738082	9.097345
3.946695	4.243921	3.018423
2.943584	6.060579	4.385449
5.034690	4.467852	4.426861
4.028478	5.810748	3.441841
4.562504	5.310030	8.408226
3.733562	3.547800	3.785993
3.188997	5.039650	3.247791
4.811038	4.555272	4.927959
4.489592	4.572855	7.990626
4.011891	4.596534	7.201955
4.871908	6.624571	5.442632
3.256445	3.460928	4.465102
5.034764	6.306850	5.179806
5.266227	5.702915	3.813654
4.088510	4.336781	8.306162
3.315464	4.641187	3.347820
4.294357	7.048046	5.572846
3.609621	4.092217	9.151361
3.681155	5.207795	3.299488
3.568970	5.785866	4.647956
5.367291	4.862157	4.281186
3.359797	3.254418	7.552969
4.161064	5.375280	3.216030
4.787857	3.930456	7.338987
5.458902	6.308023	5.753568
2.549377	3.214482	4.418896
3.150757	3.238399	7.035492
4.017629	4.978325	8.758567
3.981789	5.725656	2.887348
4.955766	6.648151	6.994267
5.100087	5.745828	5.710964
3.882461	5.018626	3.030381
2.419203	3.631399	5.932168
4.579441	5.525933	3.319348
4.443146	5.286102	8.675244
3.172586	4.926974	3.764019
4.280902	4.970543	8.301767
2.593985	5.571992	7.506702
3.481849	5.003905	4.503835
3.848185	4.388538	8.547651
2.888356	4.585533	7.400777
3.703814	4.312551	8.879453
3.980246	3.287969	5.791116
2.781160	4.106013	5.370520
4.899301	4.222202	4.186620
4.186097	5.582468	3.076695
5.292844	5.024896	7.715761
5.270353	4.163503	6.600497
5.086072	5.897506	4.613041
3.398366	3.854732	4.005649
5.172056	6.420488	6.435500
3.091938	3.659632	3.541577
4.928104	6.365052	7.422102
3.753939	4.977458	2.978680
3.801196	3.885700	6.047165
5.140292	5.887896	5.814128
2.910871	3.823164	6.559769
4.489477	6.135866	3.704467
3.166017	4.642951	7.798596
4.117307	5.022957	3.062986
3.259884	4.085801	8.398208
3.346081	4.165507	8.393348
2.597168	3.702836	4.934542
3.841454	4.883572	2.785200
3.482632	4.980408	2.749122
3.699241	4.494458	9.524681
3.681832	5.781041	9.355122
5.062887	6.097132	7.605122
3.901572	4.788525	2.873729
3.637526	6.795731	6.030852
4.466626	4.304546	4.051487
3.610450	3.377473	6.811219
3.051072	4.486138	7.530768
4.660957	4.801158	8.701573
4.408869	4.034935	5.324492
4.002260	5.781782	7.908040
3.224053	4.272893	3.649118
3.877750	3.376057	5.822133
4.850232	4.788799	5.989572
5.334832	6.765622	6.228814
2.958126	4.487778	6.996185
4.993836	6.246394	8.127272
4.090003	6.483369	3.706009
4.212852	5.497540	8.759556
4.038180	5.176724	2.923102
4.758462	4.821669	7.721172
4.612328	5.098495	8.472561
3.497163	4.069387	7.957478
4.653729	4.429018	7.075017
2.713837	3.671340	4.671243
4.547867	5.035898	3.275769
4.134978	4.703892	8.902034
3.309663	4.356795	4.946815
3.647388	5.423631	4.005776
4.143376	5.143457	9.429428
2.677036	4.095752	7.943747
4.929874	6.211459	3.821887
3.916540	4.731187	3.397492
3.912997	4.646089	8.756449
4.051764	5.226303	8.858255
3.021679	3.920781	7.668421
2.270645	4.843402	7.104618
3.667583	4.722820	2.902279
3.594177	4.161777	8.623587
3.965206	4.356856	8.490958
4.366172	5.829404	3.280669
3.784425	4.827949	3.403021
4.185377	5.811796	3.954687
3.376831	4.787177	8.556976
4.866157	4.515427	5.848432
2.602275	4.271868	5.919100
2.896671	4.669591	8.001701
5.028497	5.987988	6.449569
4.551369	3.833491	6.367351
3.389629	4.019125	8.262679
3.956996	5.214037	3.106845
3.816961	5.343000	9.022506
3.401050	5.962118	4.318126
4.695787	6.454972	5.798524
3.246145	3.999225	3.343297
5.158761	5.071962	3.999082
5.479567	6.215642	5.451240
3.700865	4.914730	3.012581
4.035124	4.223324	3.504602
3.967819	5.200415	3.062354
3.407514	6.129498	7.999296
3.499991	4.123593	3.199009
2.747736	4.563860	6.636955
3.916611	4.343376	8.570952
3.725621	6.122736	5.816930
4.298942	4.827763	2.870295
3.510026	5.792038	6.367347
3.619621	5.224598	9.071104
3.978563	5.214463	8.448317
3.024025	4.998329	7.308365
4.277097	5.267615	3.007608
3.926311	5.291371	8.871846
4.107435	5.049692	3.226868
4.759727	6.160756	7.570033
4.754238	6.020788	6.629524
3.822688	5.171730	9.095038
4.231285	4.103652	7.921581
2.957555	3.498241	4.218876
4.809835	5.286473	3.369272
2.892956	4.856672	4.663118
3.900505	5.088078	8.933124
4.609053	4.941209	2.752542
4.830282	4.553892	3.737419
5.357868	5.710621	4.188571
3.823779	5.276324	8.584574
3.576514	4.787666	8.733343
3.652050	5.620358	8.549147
4.860550	6.642623	6.907581
4.129353	3.943900	8.127860
4.231594	5.544687	9.197845
3.652230	6.498058	6.085468
4.248967	4.699856	3.837361
3.521358	4.553364	3.051646
4.284628	5.317954	8.632384
3.344790	3.489322	7.103670
4.988236	5.352298	8.022460
4.875948	6.379002	8.105162
4.912697	4.484307	6.319495
3.246504	5.391291	7.694744
5.399377	6.215752	6.362725
3.209689	3.601661	7.958502
4.388351	5.143254	9.260047
4.799604	4.765050	3.889737
4.570406	6.375716	3.491966
3.386937	3.196081	7.868645
5.481509	5.755201	8.370576
4.391935	4.075257	8.569649
3.198147	5.025775	4.385860
3.977018	5.929516	3.263804
3.926191	5.062236	8.464955
3.935919	6.773605	7.538975
3.106824	3.756228	7.748151
4.980667	5.187688	8.288209
4.378596	6.266640	3.985405
3.936093	4.668082	2.634648
4.558575	3.896648	3.470743
3.516889	5.181586	3.394957
3.721180	4.960126	2.739079
4.476624	4.848487	3.524643
4.072175	4.650403	3.419645
4.678040	5.373419	9.009687
3.622926	5.724068	6.621945
2.870818	4.951051	8.662799
3.190704	5.367025	3.007182
3.761813	5.480673	3.442483
3.936211	5.793764	3.664758
3.604121	5.036838	8.558440
4.330480	5.241924	9.266999
4.491940	4.067050	7.003320
3.336803	5.556909	7.845225
3.785079	4.792750	9.199515
2.983326	4.728844	3.262081
3.182265	4.396891	7.207356
3.237978	3.359367	8.952820
4.301991	4.531988	8.162742
3.840448	6.275826	3.386161
3.719364	3.936326	3.910354
2.753276	3.770175	7.167398
4.553789	6.620346	4.483855
3.082878	4.882885	7.531121
3.842996	4.582713	8.939441
4.154082	3.406214	5.086028
3.308016	6.373057	4.401637
4.180532	3.874084	6.433373
5.043270	5.866436	9.016834
4.223197	5.855774	8.819649
4.795978	3.922738	4.054249
3.632610	4.679508	3.328633
4.028594	4.834346	8.989811
3.822276	4.341474	2.957344
2.868915	3.276057	5.425736
3.786027	5.541083	9.005540
2.907771	4.865614	4.423680
4.982964	5.047910	4.728293
4.990469	3.958810	4.686786
3.474956	3.937571	3.451224
3.902344	5.571418	9.429133
5.270908	5.566773	5.783557
4.037928	4.748351	3.252773
4.497954	6.313644	5.654583
3.778277	4.884204	2.770912
4.206030	4.598515	8.933502
3.040598	3.286842	7.615780
4.558610	6.721954	4.772384
4.370810	5.827386	4.046840
5.199639	6.413974	7.057588
4.771316	6.741456	5.364738
3.828268	5.151446	2.912186
4.102152	5.552681	8.723279
5.078188	5.940925	3.687371
4.968545	6.915043	6.442394
4.090733	3.677182	7.039516
4.849064	4.745964	3.643967
4.089700	5.758028	3.234611
3.711791	3.631172	7.690235
4.192752	4.550579	3.158302
4.167471	4.891393	9.645702
4.566571	7.102814	6.276932
3.937036	5.072357	3.110115
4.193192	5.804011	8.171223
3.508539	5.780644	7.145135
2.697153	3.904618	4.882332
3.891441	4.913494	3.108861
3.143463	3.739980	8.126568
3.590486	4.757242	8.865425
5.364610	5.133957	6.926263
4.028124	5.871368	9.052069
4.953628	6.170564	5.660352
4.909868	4.863461	6.833018
3.447345	5.341253	3.386110
4.480257	6.964210	5.197981
3.422426	3.320214	5.836894
5.104149	5.503642	3.610030
5.006865	6.699878	5.946535
3.372816	4.785862	3.485498
4.224663	4.793140	2.907619
4.712171	5.493557	3.320537
3.601699	5.220532	2.704853
2.698149	3.641313	6.429556
4.916613	5.097942	3.994013
3.105751	5.773952	4.504079
4.068436	4.786416	3.033704
4.430824	4.812916	3.113951
3.235517	5.579677	6.607392
3.450442	4.446436	8.247215
2.932374	3.535441	7.462477
3.306486	5.553739	5.308280
3.960043	6.182513	5.282674
4.766839	5.755615	3.941030
3.074113	4.781123	3.347711
5.405095	5.305628	6.181961
3.533988	3.723223	3.458873
4.907296	5.302055	3.815305
2.904222	5.124380	8.202232
4.114462	4.562090	2.946339
3.881466	5.153010	8.727847
3.344435	5.218500	7.554081
5.320323	5.459863	7.017374
4.725278	4.669100	8.515194
5.315048	5.091824	6.621054
2.934019	4.649554	5.318561
4.490751	5.081252	2.645556
3.698803	3.083036	5.621848
3.063494	3.535457	5.257669
3.423133	2.873438	6.567389
3.911501	4.975521	3.176452
4.336079	4.077662	5.040318
3.926071	4.847041	3.145062
4.316820	5.429059	3.299413
4.909189	5.651870	5.167461
3.726879	4.335741	8.909675
3.928845	4.937717	3.084775
3.053164	3.547543	4.957685
3.869672	3.089030	7.675598
4.821557	6.953697	4.774604
4.309204	6.956338	4.920481
4.035512	5.680085	3.139708
4.256969	5.293348	3.288078
2.992869	4.684958	5.386632
3.766197	5.999909	8.043964
3.302971	5.886254	5.851431
3.109988	4.462329	4.103912
3.429824	5.739429	8.412913
3.160149	4.981975	5.300433
3.983529	5.021491	3.097938
3.887152	4.916841	9.235183
3.285705	5.912161	8.425337
3.655654	4.966610	3.082393
3.933409	4.104309	8.991906
3.667290	6.263232	5.657283
4.295075	4.489177	4.550915
2.899488	5.889600	5.620588
3.776110	5.503300	3.365198
4.318927	4.394523	9.129068
3.277733	3.395913	5.473011
2.687806	4.492659	5.654628
2.729939	3.872048	6.808736
3.409217	6.145560	5.234906
3.270344	5.016989	3.432944
3.840096	5.225364	3.025553
3.548569	3.535778	7.038091
3.937562	3.593406	7.076118
2.901366	4.341369	3.935599
3.190839	2.980763	5.754681
4.832940	6.333829	8.537053
3.228184	5.573818	6.980727
3.975497	4.715895	3.414968
3.868449	5.456426	3.504586
2.301077	3.888359	5.540837
4.976609	5.351826	7.582712
3.246025	4.066290	4.266618
4.763075	5.692840	8.205621
5.178264	5.756803	6.201508
4.863905	5.019840	7.406046
3.030900	5.643990	6.185947
4.428970	4.813026	8.671339
2.490360	5.466446	6.838445
2.427940	4.181756	7.233879
4.950610	5.823133	8.745918
4.070997	3.378317	7.759284
4.925220	6.748347	4.303922
5.281705	6.522418	5.139387
4.039188	4.020026	8.010330
4.878907	6.260848	4.429798
4.034313	6.354974	8.204926
5.569549	5.069563	6.214505
4.904338	6.102231	3.958185
4.381071	4.901068	3.072482
4.343309	3.999152	3.104960
5.535848	6.013989	4.704802
3.367180	4.186719	3.927354
4.444592	6.915254	4.162258
3.710534	5.554416	4.061294
4.869765	5.822487	3.983344
3.957624	3.367647	4.728829
4.140194	5.094209	8.954308
4.365832	4.162399	5.673769
4.607144	5.248493	8.528704
4.697499	5.021480	4.892566
2.726701	3.763031	4.032482
3.575255	4.973266	3.049932
5.350161	5.279044	5.476598
3.417172	4.258677	7.849267
4.499723	6.421654	7.314312
4.135074	6.707077	5.757972
3.470720	5.705974	9.090533
4.016849	4.800459	3.097513
4.084112	5.231052	2.567063
2.626134	5.384930	5.710942
4.214308	4.656647	3.776052
3.241132	4.063101	7.982061
3.914664	5.242167	8.163515
3.919283	3.721344	5.281148
3.505929	4.614191	3.225359
4.240119	5.594068	2.837605
3.665129	5.568429	3.637683
4.432248	6.283707	4.107649
4.437440	4.301130	8.569164
3.928539	4.246003	8.763484
5.322943	5.384359	4.367470
3.742993	5.815604	8.901676
3.617797	5.299895	8.961680
3.557860	5.684915	6.742794
3.220859	4.524189	7.842252
4.606320	7.089126	7.150321
5.698324	5.399394	5.458222
5.018277	5.015334	8.095650
4.124489	4.887227	2.899732
4.278279	5.313107	9.012386
4.224651	5.282089	8.606533
3.408199	4.562874	2.848965
3.380074	5.152918	8.115089
3.653474	5.019709	8.648661
3.623502	4.154897	8.918030
2.983568	4.649148	3.154494
4.637057	6.525916	7.213530
4.469195	6.238761	7.462239
3.350348	5.917457	3.825513
3.814613	5.230387	3.291974
4.303172	6.021941	8.498192
3.558215	4.844898	9.037651
4.242638	4.660572	3.050458
4.649064	6.068208	3.372437
4.335590	4.853427	8.692155
4.841829	4.898751	8.433931
4.033052	3.732038	8.482634
2.672660	3.234897	6.720799
3.611136	4.903018	8.658296
3.996338	4.797136	8.803778
3.940446	4.313356	3.305139
3.088918	5.623614	5.317351
3.449409	3.517732	3.798701
2.639786	4.338970	3.825003
4.351033	4.707652	9.009429
4.021196	4.806092	3.118969
3.923951	5.902653	8.604722
4.511279	4.839120	3.472028
4.863323	4.892679	8.300922
4.450866	3.747294	6.832083
4.916012	5.856975	7.393815
4.403154	4.862533	9.267278
4.114015	4.924096	9.131215
3.641826	3.588917	3.685039
4.935237	6.499446	4.330710
3.169049	4.969287	8.518930
4.460835	6.311384	8.233696
5.087653	6.458083	7.710773
4.624131	3.154493	5.497270
4.487348	5.849479	3.692111
4.488323	6.403587	6.485808
3.789955	5.433885	9.295181
4.227240	5.305997	3.111235
4.255314	5.288636	8.920698
4.046894	4.867011	3.307818
2.908155	4.457552	6.162643
4.757055	6.660691	6.042940
4.226070	5.350333	9.051476
2.881813	3.410516	5.956755
4.096008	4.683399	8.424272
3.771574	4.749289	9.110002
4.572520	5.895081	8.642213
3.281032	4.644977	8.833614
4.065360	5.366661	3.096007
4.637597	5.877830	3.167742
3.559522	4.567006	9.665730
4.441159	5.513067	3.019184
4.407161	6.672865	6.656960
4.931703	6.168857	4.685045
3.237232	4.072480	4.635634
3.045270	3.001930	4.872761
3.114848	4.328172	7.801332
4.079864	6.277806	6.910155
3.718179	3.495488	4.356717
4.562065	5.233672	4.292843
4.268477	4.181950	3.960858
4.190485	6.181702	8.359863
4.808572	6.411830	7.585525
3.068455	3.536778	6.866441
3.726437	5.722707	3.223041
5.296623	5.560299	7.275788
3.318471	3.886667	3.673018
3.921962	4.989015	2.440691
3.161703	3.266523	6.000723
3.270679	4.579231	8.674372
3.298658	3.699190	6.731691
3.493400	3.854405	4.421075
4.625900	5.001911	9.061682
0.686439	6.441050	9.759516
4.428199	8.652124	6.839166
6.135840	1.329813	8.430360
3.614163	8.137015	9.922123
5.424508	1.652957	4.864743
1.873068	7.609935	6.531917
1.407938	5.395261	4.148152
2.729811	2.775861	6.197068
4.095636	6.280489	4.572972
4.219776	2.930815	4.360754
6.775709	3.773682	5.030415
1.773369	8.732812	4.009459
5.708961	4.169043	5.062620
2.207753	5.272056	8.459477
4.386856	6.632150	4.343603
6.011677	7.342231	9.688091
3.401484	7.530736	9.619480
5.594639	6.461712	8.404899
2.007460	7.701326	9.464302
1.568437	3.817301	2.513194
4.797311	3.972601	5.466106
3.982307	6.746190	4.060168
5.394075	6.625890	8.546668
5.690172	8.416251	4.079358
4.784090	6.446501	7.908457
0.375828	5.965048	3.834561
0.378169	3.822909	3.634902
5.615812	2.156596	3.930997
3.388689	3.253896	4.221274
6.902150	7.929843	9.989955
1.264204	7.526714	2.907661
2.532839	5.533048	8.125414
4.621755	4.101514	8.238249
3.925883	5.369249	3.170992
2.537913	5.592670	8.818259
1.114582	2.524408	4.768544
0.532820	2.569469	5.303569
5.639614	2.974237	6.981209
4.713880	2.443273	6.018114
4.347783	4.081708	9.192044
0.201271	5.031559	8.786563
7.412058	2.908362	3.490865
6.743261	6.106330	5.398330
5.513224	8.028559	8.523841
2.215478	2.102691	4.981851
1.586921	7.351621	3.027774
1.291859	1.493162	6.564157
5.133701	7.398600	6.237631
4.173473	8.143794	3.189037
2.821263	6.031233	3.635658
1.743134	2.942725	5.417854
0.485913	1.319711	9.606117
2.223252	3.587176	8.967007
4.851877	2.098685	2.807034
7.031793	8.586063	5.013780
3.877292	4.853765	5.301486
1.924997	6.843388	9.019362
6.147661	5.728878	3.919727
1.931942	2.603844	8.885124
4.172174	8.827450	2.371312
2.975963	2.790687	9.841082
6.300269	5.274922	9.089572
4.625099	7.420130	9.315289
1.978031	8.445214	6.897086
3.263355	3.477861	9.049482
4.815317	5.855086	3.475470
4.525913	7.433761	4.550468
6.495554	5.016400	8.829652
3.887228	2.392958	4.565076
2.179349	4.174987	2.610889
2.649643	1.561438	5.925225
2.171714	6.331275	3.225201
4.555867	7.488242	5.880896
2.581410	4.734157	3.284563
7.902624	7.499950	2.860438
0.136188	6.914527	5.757934
0.594223	5.337712	6.825320
3.773986	7.736945	5.927312
7.387648	3.027924	8.886261
5.458447	3.731159	5.815642
0.681823	3.304258	6.572430
6.280731	1.847279	4.075735
7.810765	2.771400	2.021719
1.797552	3.009830	3.411410
3.305461	3.363849	8.476457
0.229775	2.373233	7.663302
1.347381	7.293721	6.394187
3.674112	5.962206	2.312694
1.427475	3.021218	5.919307
7.547965	5.618431	3.268116
4.709480	3.895661	9.857400
0.193278	8.051722	2.321338
4.081935	8.231580	3.246826
4.921257	8.576725	9.273802
6.435944	6.928691	5.823214
3.621436	8.495875	4.512700
4.556210	8.242921	9.279426
2.597742	4.998088	6.527633
0.312045	2.266631	8.698909
1.251747	8.616165	5.423258
2.989670	8.769778	6.695540
2.961710	2.889845	4.126073
2.141744	1.750967	8.967029
5.283865	6.319008	3.852337
7.806645	2.717705	9.765552
1.975339	8.201086	4.607512
4.377033	3.653036	6.273684
3.778583	3.859734	7.436146
7.792137	2.693138	4.027413
2.419727	3.243734	2.256002
5.943880	5.615737	5.927354
3.271309	2.922894	7.591994
4.655302	7.153549	5.631489
5.697640	5.958052	7.350150
3.650979	5.801258	6.229963
1.959952	1.472640	7.217040
1.133693	3.805464	6.116808
1.552160	5.259401	4.628070
2.595946	6.988117	7.912631
2.924831	5.468296	6.072992
3.006159	6.509778	2.394546
1.341878	8.714532	4.728523
6.409380	6.424427	4.998321
2.174436	2.670996	5.303145
7.934940	2.998010	3.003268
2.601360	4.061473	2.594907
3.792517	8.438413	5.505469
0.148406	8.851507	6.034553
2.838886	4.103913	8.141980
5.409821	8.322929	9.652364
3.936692	6.402653	8.153416
2.300499	8.671438	7.964181
6.040619	3.873702	3.239662
6.901219	1.051912	8.927104
0.238209	2.658872	9.175547
2.935719	7.296427	6.403101
0.205416	5.118717	9.850320
1.040370	2.861163	5.254999
0.486515	5.838947	6.116231
3.951521	8.446087	3.354324
5.419432	6.467551	4.176258
6.663553	6.477879	5.494277
0.332684	7.824317	8.906288
5.735065	6.255079	7.760787
4.401725	1.797336	5.662777
6.126106	7.378951	5.021857
6.941760	4.478221	6.199404
0.265581	6.255298	9.061505
7.979791	2.253841	8.273138
6.215732	1.126898	5.500792
