2.916989	4.790187	4.575927
3.454515	3.517566	6.284787
3.632699	4.800556	3.084881
4.923599	5.698068	6.255287
3.064042	3.215202	5.588106
3.318521	3.387191	5.192697
4.508667	6.334126	4.124256
2.778893	3.565035	6.805384
3.539477	4.981854	3.226691
4.774676	5.226816	6.555623
5.090389	5.146603	6.716577
4.920605	4.901904	4.387076
3.986510	4.829372	3.441235
5.019551	6.318853	5.789553
4.190264	4.593447	9.016381
4.412001	4.873545	3.370982
3.153232	4.243230	3.502972
5.659167	6.536852	6.386450
4.710516	4.763233	8.437081
4.449995	4.939419	9.080398
4.642555	6.098018	7.797978
5.129406	5.214367	3.731145
3.678596	5.584194	4.019026
3.415486	4.516559	3.772872
4.048380	5.482713	2.634285
3.064366	4.244666	4.220367
4.477369	4.360839	6.216478
3.906390	3.828655	3.653568
5.011704	5.963354	4.330854
2.976634	4.479854	7.119055
4.917082	6.525996	7.216010
4.193511	4.514571	3.262202
3.734542	4.679882	8.936881
3.731295	5.311429	4.011107
3.761506	3.807962	5.253973
4.621912	4.683589	8.254604
3.345688	3.517952	6.876640
4.435741	4.554504	5.596699
3.957010	4.975713	3.149419
4.982738	5.867913	3.455318
4.212604	3.628656	8.260518
3.472517	4.318057	8.618642
3.816780	5.465461	8.667054
4.568803	4.919386	3.708741
4.051706	6.443427	5.733469
3.848260	4.800445	2.835828
4.202288	6.895884	6.337440
4.961317	6.930299	6.005560
3.575315	5.553647	7.452237
3.639385	4.624292	8.866091
3.799552	4.651938	3.170749
4.151147	5.259451	3.718255
3.553426	4.702909	8.909379
3.066762	4.169463	6.810750
4.378690	4.778262	3.075952
3.643889	4.546008	2.954930
4.049816	5.401593	9.273791
3.675332	4.311289	8.932178
4.619096	5.201007	4.067435
3.960315	4.386799	3.178557
3.225760	5.313057	6.550670
3.916219	5.060392	3.363591
3.931044	6.124787	7.743343
3.331182	4.121060	3.840828
4.519245	3.589676	6.104307
3.263837	2.976631	7.562507
3.509724	3.685593	7.773551
2.748101	3.624722	7.003466
4.185161	4.645406	3.218675
4.757144	5.906157	3.229397
4.490771	5.404820	8.939221
4.106459	5.288969	9.005392
5.422546	6.568640	4.353519
3.241732	5.075653	8.533378
3.950574	5.750950	6.711987
3.308596	4.151716	4.040261
3.442927	5.905720	5.023056
4.554560	5.697884	8.980027
4.255435	5.349785	8.872840
4.347238	4.311008	8.495499
4.386241	5.135488	3.083576
3.270614	4.561585	8.358672
3.729607	4.979930	3.438800
4.192389	5.145370	8.825244
5.058516	4.993899	6.124454
3.921178	4.892355	8.824881
3.817002	4.885305	8.735502
2.989692	6.085728	5.962748
4.224354	5.151598	9.007645
4.424609	5.358828	3.451186
2.722383	3.102450	5.765854
4.858879	4.830995	4.784185
4.697780	6.641694	6.072477
4.770924	5.050150	3.532727
5.418092	5.835752	5.303787
3.336397	5.603415	4.426462
3.595939	4.423905	8.486781
4.265674	5.460907	8.808896
4.218916	5.276172	9.305114
4.177354	4.181412	8.667313
4.608856	6.300859	7.705153
3.744489	4.826621	8.771230
3.940668	3.030069	6.292909
3.425736	5.471872	7.226449
4.104236	4.262401	8.702819
4.928366	4.749897	5.839436
4.391667	3.535965	4.708570
5.474851	5.353742	5.393979
3.459077	3.007472	6.945027
3.149759	4.674939	3.904081
3.085542	3.569806	6.264180
3.330965	4.833723	9.005937
3.698029	5.221013	8.897088
3.852518	4.606982	8.718307
5.463906	6.743138	5.946888
4.290461	4.742201	8.977598
3.585554	3.375780	7.341546
4.028986	5.291757	9.022177
3.884205	4.490832	8.690481
4.270554	5.146319	2.798735
4.084300	5.126018	8.658214
4.780953	4.808263	5.184781
3.224594	5.459174	7.513358
4.482051	6.308997	4.858521
2.952419	4.547127	3.347367
3.826431	3.624201	4.082096
2.993284	2.977229	4.273649
4.548266	5.831989	7.700650
3.515164	4.037712	3.712421
3.793341	5.268400	2.867909
3.605068	4.110031	8.226570
5.234207	6.421576	6.474529
3.878908	5.375525	9.062795
2.654802	4.631550	4.804516
4.473238	5.055811	4.888520
4.394057	5.311558	3.022167
4.112220	4.846391	8.831232
4.630066	3.956243	4.888360
4.104094	4.845483	8.561841
2.635760	3.867580	5.604453
3.216007	5.386451	7.123012
2.614272	4.872080	3.080319
5.096949	4.297560	7.240097
3.151647	3.206594	4.718940
3.011537	4.862660	3.418459
3.216118	5.173349	5.493923
2.188381	4.039469	5.455226
3.821445	5.528218	2.888867
4.226224	5.800613	3.471654
3.833596	4.447431	3.215959
4.405331	5.208526	8.679251
4.058771	5.179348	3.153341
4.269488	3.989374	5.584912
3.890886	6.477960	5.509750
4.967322	4.478806	6.820977
2.664798	4.494231	5.571680
3.801283	6.035788	8.019410
3.192802	4.241992	3.521131
4.558751	5.008315	3.081112
3.667030	4.990223	9.025655
3.166209	3.860515	3.669576
4.193867	4.966988	3.031801
4.373944	3.696394	7.970732
4.468614	5.217973	8.955708
4.180937	4.920587	8.764209
3.573789	5.090383	3.207206
4.200854	3.839161	7.489471
5.243422	5.499918	6.638513
4.002773	5.941328	8.524477
3.516245	5.101008	8.513917
3.613497	4.247307	2.885022
3.972823	4.509474	3.544925
4.653000	6.724031	4.465551
5.551159	6.426557	6.779377
5.453296	5.994322	7.035292
3.977789	5.461978	3.427463
4.277865	5.756585	8.551968
4.102208	5.370291	3.458789
4.896950	5.085862	8.049002
3.484548	4.567224	8.836312
2.596631	3.419031	4.093725
3.620129	4.668405	3.311851
3.663765	5.359404	3.308979
4.034434	5.216044	3.022127
3.911941	5.664407	8.646767
3.597504	5.481638	7.601471
4.645912	4.694327	3.716166
3.964914	4.844438	3.255433
3.119893	3.853194	3.766668
4.399389	5.283924	3.143164
3.103698	5.135728	6.665147
3.599879	5.778212	5.515458
3.475747	3.418489	5.027906
4.075808	5.951533	8.796248
4.493543	4.839741	8.154300
4.026657	5.319143	3.355406
4.644517	5.596655	8.697233
4.163308	4.343005	3.051356
3.336504	4.516101	7.191688
3.215496	4.545445	7.429449
3.918007	4.644729	8.633680
4.769911	6.531426	5.207565
4.511765	6.577103	4.073855
3.110686	3.333216	5.777994
3.702770	5.158744	2.586366
2.868060	4.556899	5.567587
4.468274	4.823890	8.805793
4.500724	6.084236	3.869705
3.702902	5.258744	2.835013
4.239137	5.673776	8.520981
3.811084	4.360433	2.961723
2.838653	4.037260	4.046427
4.653253	5.042885	7.861946
2.728559	6.186574	5.802055
3.207402	3.848226	3.352123
3.816069	3.609363	4.610090
3.238820	5.106343	8.209562
3.922506	5.591789	9.077851
3.831953	4.162205	5.074906
4.096087	6.403771	7.788965
4.112643	5.165805	8.788302
3.207351	4.174687	8.097691
4.185342	5.143815	8.695939
2.779073	4.696416	6.671684
4.548857	4.942791	9.194487
2.640144	3.514607	5.693960
3.794868	5.737047	4.358004
3.465658	5.506188	7.482752
3.284378	4.573227	3.922056
4.469793	4.072073	3.616728
2.604529	5.163437	6.685262
4.553849	4.765216	8.841176
3.768670	5.416549	8.684902
3.628535	4.413299	8.341381
4.565820	4.599743	4.790327
4.469007	3.907192	4.224231
4.474473	5.024190	2.675224
4.545480	6.629430	4.779504
4.470939	5.111001	8.510134
4.325211	5.783745	7.953410
4.306662	4.399089	8.313802
4.768679	5.880923	8.424609
4.964447	5.673195	6.780527
4.313066	6.480199	7.645044
3.629581	4.924153	2.885560
4.979622	5.470850	8.409252
3.058941	5.956616	5.141214
3.714566	5.670903	3.903550
4.597377	6.096639	3.514135
3.835618	5.257616	4.290378
4.346360	4.986076	2.886036
4.261727	4.088360	6.874983
4.675690	6.112263	3.597984
3.652327	5.284378	8.441731
4.767878	6.270034	4.301601
3.864530	5.512888	3.286653
4.250328	5.888847	3.060091
3.108688	4.007657	5.327704
3.689426	4.522819	8.546291
2.885761	4.064218	8.314394
4.176820	5.055394	3.106518
4.151898	3.549619	6.510184
3.090412	4.397670	8.594918
4.147815	3.310799	5.095332
4.231239	6.071893	5.756213
4.995129	5.580831	8.341907
3.940989	6.610040	7.936869
3.663695	5.259923	8.208329
3.173681	3.472468	6.386159
4.693309	5.561935	4.247563
4.046612	6.328784	5.362938
4.674397	5.175842	8.517959
3.837982	4.534886	2.806788
4.104547	4.927704	2.731589
5.464926	5.911663	7.619723
4.337403	5.226395	3.264669
3.418488	4.217485	8.826478
3.748803	5.852737	3.518667
3.155339	4.184049	6.133679
3.940364	5.348670	9.280398
4.280926	4.014316	5.944160
3.933019	5.880057	3.258055
2.708805	3.980202	7.673869
3.523180	5.067124	3.056510
4.127748	3.829925	5.792454
3.924665	5.535998	8.269019
3.084861	3.913647	8.214216
4.662600	5.745984	3.822927
3.528597	5.661117	7.317228
4.779159	5.281408	7.617394
3.856442	4.535411	8.912426
3.777552	5.647057	3.203511
3.279694	5.658034	5.618610
4.920722	5.091809	4.201707
4.371417	5.806680	4.158231
3.918939	4.894950	8.108953
5.472380	5.587187	5.039521
3.217675	3.186270	6.860905
4.289901	4.801438	8.192018
5.229665	5.871302	5.534765
3.017984	3.208929	4.698576
3.433020	4.308321	4.285575
3.927315	5.938424	4.211721
4.098427	5.053942	3.078551
2.938595	3.138921	7.193370
3.956016	4.219177	3.885692
4.763045	6.879053	5.680635
3.183384	4.340586	4.490708
5.111844	6.658219	4.855584
4.986568	4.939468	3.445128
4.543802	4.651314	4.296548
4.650855	6.605631	4.055334
3.701485	6.723945	6.528266
5.303875	5.792181	3.929038
3.329906	3.770692	7.886381
3.785357	5.422714	8.677058
5.125191	6.971951	5.757148
5.247114	6.564346	7.159789
4.097525	4.633401	9.382415
2.886087	5.086260	7.815707
3.900240	4.042392	3.963176
3.460548	4.132094	3.710518
3.563533	4.959495	3.994698
4.504586	6.296043	8.787746
2.519091	4.289874	7.306421
3.838157	5.147612	3.568711
3.859092	3.869233	8.631982
3.895727	5.556915	8.861569
4.120259	5.139575	2.816493
4.277844	5.086255	3.376804
4.906723	4.620287	6.774770
4.796786	5.161848	8.928255
3.510711	4.387764	8.708982
4.156299	4.247123	8.509840
4.033498	4.852963	9.063353
2.894902	2.891288	5.005559
3.661248	5.144029	3.455234
4.188408	4.957928	3.189662
2.915159	4.028898	3.925577
3.625956	4.586262	8.825829
4.084180	5.743049	3.719947
3.880427	6.265654	7.486536
5.098346	6.327309	6.949810
4.538894	4.176204	7.401800
4.564643	4.177484	4.693949
3.374797	5.128372	4.970708
3.819862	5.396176	3.040183
4.122117	4.594336	3.341799
4.178864	5.188819	2.907085
3.817437	4.868411	2.814531
4.119282	4.649375	4.132853
3.456027	3.703056	8.103831
4.386828	6.655823	4.379957
4.166086	5.386490	3.287405
4.294524	6.728791	7.707719
5.449135	5.684873	7.152235
3.705458	5.334994	8.874638
3.657895	2.861645	5.414036
5.265803	6.408597	4.483114
4.283799	3.664713	6.731373
3.200015	4.523333	8.138778
4.942673	5.139570	5.649158
3.298489	3.845494	8.382421
4.661729	4.788928	4.146541
3.679797	6.057646	7.815410
4.148968	5.399564	9.178228
2.957935	3.831454	6.325820
4.733368	5.027905	3.394254
5.006845	5.611888	3.434799
3.112577	2.564361	6.232885
2.624271	4.293385	7.827350
3.531055	4.813409	8.756874
2.602313	5.182475	5.778881
3.225601	4.919797	4.000315
5.115847	6.827303	5.018413
3.600802	4.535331	8.988464
5.008262	6.930772	4.932111
3.868511	5.213106	3.174122
3.843361	4.834552	9.471219
4.805280	5.734690	7.515573
3.953261	4.981424	8.733422
4.513125	4.492281	9.053973
4.654988	4.568738	2.948013
4.300978	4.365340	8.758481
2.417606	3.204400	5.785514
3.074013	4.922108	4.680927
4.934695	5.201527	8.439057
4.035302	5.452189	3.192627
4.090721	4.645805	8.672330
4.124317	4.926793	8.914839
4.231875	6.711872	7.001799
2.900096	5.403994	5.021082
3.936338	3.546314	7.301849
5.219582	6.332561	7.656680
3.171336	3.425701	7.841302
2.758082	4.000241	6.469734
3.583696	6.304089	4.610829
4.157932	6.031296	8.651452
4.197458	6.307603	7.430751
3.091413	3.276560	5.208816
5.405134	6.504743	4.671556
4.070710	6.071073	3.825137
4.860587	5.048130	4.011443
4.707512	6.536645	7.399922
3.657194	5.018788	3.643157
3.918236	4.848138	8.809101
3.889734	3.289027	5.472113
3.623515	3.850156	8.335715
4.879663	6.580475	5.409539
2.793448	4.516454	4.361642
4.419027	5.578333	3.141196
3.047283	3.562718	8.127851
4.024722	4.237165	8.331674
3.091373	4.743886	3.466425
4.550865	5.843499	8.350722
4.600125	4.032521	8.015681
4.942742	6.168205	7.236609
3.011296	3.978241	7.785398
4.647040	4.182881	6.947861
3.312401	3.712802	4.186177
2.883157	4.628291	6.589894
4.289757	5.497002	2.959229
3.979790	5.012277	4.581296
4.430901	5.373384	8.779023
5.249490	5.353654	5.155127
3.963545	4.265038	3.357273
2.945116	4.065603	5.175898
4.004641	6.344111	3.827729
3.981790	5.599150	8.608449
4.321385	6.857334	6.350172
3.883419	6.287452	6.564259
4.698731	6.457335	8.225299
3.789767	4.257873	8.727517
3.945699	5.631580	8.665364
4.857064	6.067739	3.391116
4.258231	5.326149	3.033344
3.066014	4.711906	8.044394
3.636964	4.850268	8.875423
4.029247	3.587196	7.821193
4.816687	4.880256	5.644836
3.847623	5.135124	9.196679
2.716633	3.805314	7.177020
4.109794	5.688870	8.862747
4.583436	4.826166	8.091023
4.053219	5.007091	2.826558
5.417094	6.816062	7.029884
5.360110	5.848888	6.966925
4.375644	5.017219	3.292272
3.817019	4.375520	3.125008
4.419856	6.402895	4.734562
3.342083	3.579078	3.533666
5.446923	5.934034	5.496114
5.130934	5.672934	8.155265
4.769675	5.996591	8.346869
3.992945	3.187989	6.158549
3.330578	3.994658	7.977739
4.438325	4.696933	3.084511
3.571374	6.398068	4.764905
2.529577	4.168138	5.142221
3.299860	3.566628	3.970197
4.515986	4.067175	7.899932
3.948083	6.852927	6.535654
2.862654	3.296525	6.229045
3.970883	4.892655	9.075793
4.299315	4.797253	2.890274
3.984333	3.438798	7.053812
4.080792	5.300596	2.598034
3.191660	5.054394	3.071505
4.128377	4.249674	3.869645
3.087830	5.041798	5.960313
3.713489	4.707816	8.879969
4.236978	3.869762	3.668386
3.753123	3.399089	4.221801
3.936682	4.751485	3.129279
4.322828	6.657567	3.991150
3.750643	5.385921	3.348652
4.002541	3.665782	7.610188
3.946101	5.089818	9.097853
4.248085	4.610114	3.565735
4.402081	5.121336	2.849307
3.716144	6.337321	6.735194
3.464877	5.410803	5.889820
4.257473	5.110622	3.403751
3.156740	4.342647	7.774317
4.220185	4.029911	5.488266
3.768963	5.020014	3.839392
4.680346	5.951571	8.290556
4.220675	5.353306	3.363736
3.576817	5.692741	2.737422
4.452470	3.963391	4.446763
4.854685	4.564075	4.054621
3.596758	5.711108	8.226673
4.234542	6.566229	6.694303
4.034391	5.015589	3.080635
3.442898	5.274217	3.445231
4.551385	6.432601	7.398549
4.185046	4.123599	7.585142
3.907674	5.960671	3.821313
4.011445	6.739768	5.900405
4.360145	6.710172	7.271598
0.137147	8.371298	3.133025
4.625407	4.171897	8.718181
4.131951	6.356161	8.478971
5.164066	6.931835	7.757428
5.561605	7.779730	9.773806
1.505338	7.505163	9.931884
5.060932	7.527829	5.426943
3.493313	6.173682	8.066679
6.016324	1.476390	7.317194
6.585548	1.710622	3.955150
0.320128	7.995958	2.679414
1.136062	4.191676	9.992834
4.439522	2.432424	4.133390
0.682350	1.391472	5.659470
6.206680	7.656923	6.131474
1.673617	5.353863	9.591067
6.841460	6.462352	6.189320
6.296466	5.809923	7.409713
2.394312	4.362733	3.176013
4.544044	7.993205	5.487779
6.987389	7.321630	2.943720
0.689295	3.897269	8.654660
0.816202	1.149566	4.581767
1.153268	3.650110	5.176505
6.363160	2.514093	5.982287
2.131023	2.198735	8.402752
5.252088	7.384682	9.092170
3.813539	2.298583	4.772565
0.019555	8.737357	4.542207
4.172164	4.641072	4.098195
3.698104	1.838118	3.443566
5.666697	7.185681	5.175234
3.516007	5.391655	2.512964
1.270281	6.569920	8.417509
0.390553	1.413027	7.157723
1.507267	5.659268	2.569127
7.448494	1.023561	6.339994
4.050472	2.509628	6.572125
6.405483	1.827350	3.174083
3.189788	8.456222	2.580624
6.546828	6.001379	8.598503
0.374581	2.747792	8.660587
2.344647	2.420210	8.257008
4.873378	4.656688	7.791832
1.434627	6.953802	6.891876
0.421970	2.555088	6.250124
3.114615	8.221123	3.988193
6.172743	8.562816	9.567428
1.569172	5.888045	6.889719
3.722485	5.409261	2.972023
1.996688	8.068862	9.524582
7.386194	1.259676	8.687636
6.621267	1.686553	4.927492
2.777661	5.343550	4.822264
4.100279	2.964924	2.132394
5.240637	2.364917	5.746200
1.065963	5.919193	7.357714
5.918954	7.318994	6.804772
1.383523	3.980839	2.708170
3.469933	3.383483	9.961292
6.141283	4.463602	7.856414
1.924923	7.519872	3.864652
5.340058	3.056828	6.522065
4.966250	7.411588	8.311348
3.449877	3.515414	4.569603
1.295742	1.602252	7.519526
5.873140	3.512944	3.045807
3.725686	1.783601	9.555424
6.377526	8.440976	8.387432
6.142135	4.516183	3.106962
7.853095	1.399898	9.112709
0.786165	6.130441	7.772949
4.161872	3.102285	2.896288
1.096454	4.854963	6.315962
6.604090	6.322089	5.765453
1.236626	8.399188	6.709394
4.861028	4.083627	7.279366
5.270400	6.907389	9.458657
1.201641	8.986616	6.685663
3.627297	6.916547	9.567726
6.802914	4.283454	4.853712
3.752202	6.070378	9.016686
6.536476	4.436400	4.354322
2.324100	4.108250	2.759616
4.300189	6.225105	2.302206
2.901800	8.903941	2.381893
2.036346	6.964300	6.888857
4.105554	2.705441	6.563003
5.467244	5.095505	8.498115
4.819173	4.756958	3.815670
7.491441	5.756244	3.258364
4.768317	2.659800	4.391946
6.223969	7.189392	4.334657
5.518073	8.994700	7.149559
3.300788	8.746521	3.340792
6.620841	4.702649	9.529902
7.124236	8.600972	8.927190
0.889078	4.210441	7.565369
6.275188	6.721294	9.901076
2.099038	3.230783	6.942287
3.951580	1.478272	3.647573
0.980342	2.223816	3.002797
5.012903	6.010733	3.188723
4.337795	4.292470	5.576754
7.448083	7.352002	2.583289
6.409165	3.728778	9.564078
0.464134	5.463485	9.263375
1.866811	4.787746	8.317952
5.078889	1.662112	4.320541
3.137725	8.820557	7.937074
2.326299	1.522622	7.312661
3.223148	4.943384	9.182571
0.608065	1.180100	4.668110
7.895036	6.810517	2.877789
0.038356	3.981438	5.428719
7.773648	7.292822	4.490200
5.394705	2.329067	6.585739
5.785079	3.372675	3.972600
0.756020	7.623094	2.700580
1.927243	7.626415	8.141348
3.576997	7.957398	7.933204
5.268974	1.590879	7.728580
5.124717	5.897394	6.237727
1.085388	8.041588	6.265989
1.124004	8.998933	2.271941
4.748019	8.937187	5.362517
3.122434	7.161609	4.488383
5.822046	3.476677	3.335940
2.584042	3.717016	5.331774
2.932783	6.078180	9.434423
5.058233	8.291297	3.572156
0.129203	6.537004	6.932028
5.461772	7.665861	9.019894
6.685159	7.361454	4.008342
6.606110	5.676284	9.395176
0.168674	8.830939	4.539536
0.650208	5.876547	8.708737
1.934707	4.866218	5.409973
5.481243	5.976353	8.052555
2.485453	4.417094	7.702801
2.430364	7.977717	6.258641
1.653270	3.489367	6.632866
7.094790	2.928235	4.034387
7.882998	6.003538	4.790861
4.193818	4.506871	6.682983
6.892299	4.140505	9.011056
3.560298	7.960786	9.456333
1.990065	8.665194	7.369260
4.793488	6.892189	2.628958
6.412716	6.581491	8.593473
