4.120526	5.406555	9.151727
3.418719	4.014515	8.085135
5.535719	5.540818	5.841864
4.382908	6.362865	5.063615
2.508860	5.007220	7.278599
4.332521	6.076081	8.338049
4.601077	5.950812	3.642421
3.431554	5.927658	5.581787
4.283539	3.827727	8.493750
3.838960	5.423042	9.110030
4.780351	4.399866	4.833159
3.437243	4.866951	3.721055
3.574875	4.900533	3.106320
4.226720	4.486736	3.024941
5.138992	7.079351	7.350969
3.698044	5.076539	2.946413
4.551973	5.667683	8.378144
4.242797	3.860235	6.186879
5.000620	6.624158	5.183875
4.884493	4.950075	8.109952
4.063307	5.741125	6.968471
3.070794	5.409297	5.329680
4.591243	5.437171	7.993664
4.160830	4.724428	9.308227
4.146673	4.436051	7.749015
3.639231	5.742421	7.125517
4.110999	5.468492	2.875792
4.102248	5.394433	3.451799
4.270669	5.237233	2.979679
3.978685	4.458961	8.580040
3.214669	5.343741	8.189449
4.414615	4.738996	3.928269
4.969922	6.868642	6.062896
4.273844	5.261813	2.782700
4.068930	3.921333	3.062225
3.115606	3.972350	5.561062
4.431179	4.911478	8.494026
4.187717	5.046945	8.814740
4.150809	4.942130	2.888542
3.294565	4.416500	3.262413
2.889421	3.749000	6.501446
4.460659	4.005019	8.494461
4.235250	6.933559	4.471943
2.885591	3.978720	4.074549
4.412154	5.020296	8.725706
4.735795	6.857814	7.473241
3.481509	5.015741	3.631892
3.010302	3.871636	7.934652
4.227011	5.443009	8.823534
3.013547	4.603389	5.652328
4.330484	4.822010	3.504002
3.207655	4.100316	2.620112
5.387078	5.950499	5.008677
4.840961	4.313526	6.185998
4.083354	5.100701	8.613043
4.302503	5.517314	8.670526
4.508206	3.694567	6.384974
3.773379	4.953543	3.586135
4.237030	5.267946	9.050497
3.597246	3.314808	7.128992
4.580440	5.025259	3.065739
3.012887	3.336910	5.197874
4.763719	4.695469	4.851547
4.344634	5.001343	3.533640
3.022019	3.769400	5.968824
3.774908	4.806247	3.143574
4.587531	4.125055	7.278265
4.377922	3.890072	6.665466
3.744332	5.208141	3.041755
4.062428	5.655431	6.037197
3.439367	4.111968	8.430041
4.376297	6.518313	6.391654
3.159819	4.841308	8.469384
5.010228	5.987621	7.891433
3.949096	3.997368	3.725733
4.674854	5.629814	3.279556
3.146253	4.659776	4.583728
4.080186	4.797577	8.657769
2.817390	3.841291	5.363192
3.520419	6.020770	5.952285
3.594955	6.182080	6.471848
3.304974	5.231928	8.122530
3.534026	3.703625	8.619525
4.394744	3.674882	6.944278
3.731055	4.724501	9.220054
4.360715	5.917206	3.743650
4.427340	5.030541	9.394684
2.953112	5.411992	4.715349
3.936274	6.290086	5.674314
3.856052	5.760290	8.117341
4.213241	6.216475	4.172338
3.882903	5.328245	8.597277
3.789916	3.607654	8.515788
4.202808	5.713936	8.613847
3.015779	3.258807	6.924164
3.668072	5.002457	2.969818
3.186219	3.622015	7.414817
3.695484	6.152857	3.851021
4.726948	4.428790	3.945082
2.906289	3.986050	8.394094
3.912542	4.357973	8.673946
2.895938	4.096495	6.858024
3.762528	4.194176	8.296992
3.530098	6.046185	7.912791
3.460689	4.921805	3.673535
3.955383	5.428185	3.167938
4.916102	5.749685	5.118517
4.739727	4.994320	6.107503
4.417276	4.945567	3.237451
3.614823	3.810757	3.735726
5.123759	5.815221	7.954002
3.757434	4.665034	8.846015
3.817665	4.702856	3.540624
4.483642	5.017754	8.628463
4.441424	4.992639	3.681447
4.095978	6.129731	8.634229
4.435251	4.097051	4.897932
3.816483	4.616130	9.148575
3.456224	4.616585	8.821207
4.084283	7.094968	4.927091
3.333230	4.931655	4.707918
3.429393	5.055333	3.714151
4.290685	4.498480	4.049856
3.551046	3.602879	8.647274
5.234620	6.800855	5.890588
4.317890	5.664893	3.298003
3.524281	4.388207	8.211237
3.660784	5.050947	3.478743
3.891991	4.577531	9.138155
2.885068	4.741408	7.908599
4.383815	5.425026	3.140343
3.889445	5.962708	3.926399
3.227638	6.159743	5.432127
3.256900	3.815142	3.793008
4.749486	4.347865	5.595380
3.568194	5.476669	7.488806
5.215192	5.918156	6.779795
4.270661	4.921443	2.631781
4.434075	5.742291	8.759668
5.278059	4.948953	4.436572
4.004507	5.245969	2.521492
4.888589	6.915858	5.948857
4.432067	4.782814	2.613879
3.696563	5.816889	8.329719
4.515808	5.177075	2.576727
3.449239	5.008959	7.834505
3.642083	3.227193	6.267683
3.170134	3.749446	8.000975
2.937704	3.763830	7.567016
4.095259	4.095427	4.392173
4.425634	5.019861	8.956607
4.225221	5.410666	3.035932
3.361318	4.975745	8.738184
5.184830	6.903874	4.364058
4.176648	4.100428	8.127557
4.027415	3.746355	3.571653
3.148555	4.016643	5.270241
4.683208	6.856543	6.345654
4.252033	3.600428	7.756977
3.410028	5.823604	8.805251
3.323673	3.619653	4.009137
4.261981	6.064158	7.621484
4.003630	5.298915	8.994770
4.562445	4.787056	3.316918
2.557031	3.600610	7.691025
4.345283	4.879482	2.438593
3.971927	5.964061	4.226883
5.115114	5.635648	5.861320
2.441272	5.003719	6.834322
2.519459	4.301533	4.963033
3.547905	3.208641	4.428333
4.310893	4.753129	3.125092
4.271090	3.955680	4.683407
4.396603	5.300201	8.912201
4.284404	4.551173	7.881893
4.302767	4.494483	8.469821
3.774541	4.282089	8.969271
3.940079	4.644622	8.561667
5.116883	6.535256	7.522208
4.270421	5.482463	3.573982
4.415198	4.269597	6.927888
3.398709	4.265612	5.422861
3.550127	4.179541	8.723806
4.786513	5.507274	4.724928
3.190310	3.847437	4.593726
2.596478	4.620125	6.831364
5.174868	6.266723	8.158816
3.667748	4.517621	8.560922
4.858160	6.449325	7.206845
4.176925	5.626846	3.249394
4.416381	5.444922	8.229771
4.487467	3.512812	5.491530
4.131797	5.408340	3.018779
3.908150	3.476387	8.044550
3.607913	5.482290	5.063569
4.541868	6.073775	8.335723
2.476592	3.811886	5.075177
4.402670	4.151220	4.266647
3.935657	4.817458	9.005282
3.773487	3.591240	4.582451
3.456475	6.377579	4.894331
3.270421	5.681310	6.417341
4.227375	4.167025	5.222289
3.609163	3.403820	5.265313
4.982233	5.923984	6.759867
4.084142	5.512009	3.157544
4.401631	5.562828	9.218801
3.113045	3.835106	7.614420
4.486721	5.422503	8.882620
4.533260	4.928274	3.193124
2.997696	4.957186	7.517335
4.185533	4.462541	3.437821
4.933398	4.936898	3.442991
3.928828	6.270482	6.727040
3.938511	4.881111	2.898406
4.053971	3.581629	6.214930
3.260978	3.549427	7.693334
4.446161	4.971799	2.910768
4.060103	4.410755	3.325838
3.412089	5.898144	3.634382
4.407610	4.327035	4.268063
3.901054	4.952023	9.214772
3.911700	5.240413	9.330115
4.016319	4.784918	3.118758
2.850496	3.517130	6.230244
4.313938	6.056949	5.678810
3.522431	5.511018	9.178194
3.644788	4.622151	3.263805
4.976133	6.032534	5.939095
3.199120	6.064351	3.991108
5.194917	6.244830	4.823446
4.636571	5.022183	3.717731
4.726371	4.428202	8.417632
4.386763	5.128273	3.256798
3.853547	5.176893	9.110910
4.762998	6.672294	6.476116
4.705578	5.511118	8.350484
3.771153	4.855981	8.990641
5.029515	5.992065	3.481720
5.292340	6.076941	7.680039
4.199099	4.961889	9.168332
4.890297	6.438252	4.874764
4.247256	5.043259	2.737451
3.717438	4.940148	2.684869
4.152803	4.630757	2.716038
4.949066	4.107265	6.379053
2.803330	4.937047	5.114562
3.801616	4.778174	9.195579
4.168804	5.232287	3.415917
5.016676	5.667074	4.536477
4.697715	4.559271	4.337813
4.210467	5.820907	3.927001
4.054121	6.059254	8.350008
3.174689	3.992575	3.870392
4.471062	5.189391	8.228738
3.387429	6.119799	4.182121
3.043461	3.237287	5.901848
4.638916	6.571808	7.354512
3.876191	4.799691	3.074364
3.771841	6.158966	4.739082
4.523873	4.854796	4.228997
2.837414	4.910810	7.194544
3.916663	5.359070	8.696006
2.771271	3.599369	5.137752
3.383124	3.460230	4.502747
4.265275	6.879758	6.328247
2.731926	3.244223	6.422143
3.880457	3.520786	5.210190
3.125754	3.570561	3.472634
4.126474	4.602762	8.759726
3.826955	5.618551	7.994279
4.296184	3.988896	3.657578
3.487289	3.231241	6.402059
5.405472	5.256245	7.649700
2.561589	3.774580	5.904683
4.584084	4.878614	8.766994
3.470144	4.400970	3.681743
2.792513	3.538519	5.588644
4.107086	4.590824	3.238836
4.281423	5.128411	3.456673
4.905912	4.483167	5.741179
4.571080	4.690906	7.823256
2.435824	3.859477	6.261746
3.990088	6.235215	7.304300
4.444484	4.700490	8.146911
5.135489	5.258607	6.371331
4.290833	6.954576	6.757790
3.536004	4.679418	3.154249
5.363556	6.204243	5.574727
4.167259	4.846808	2.747073
3.846084	4.443337	9.022506
5.242065	5.282397	6.814372
3.617483	5.568338	8.030653
3.018188	4.832750	3.740250
3.864809	4.155244	9.024037
4.610134	4.620567	7.712236
4.677728	5.697592	3.351114
4.261162	5.116644	3.257772
4.822242	4.861836	7.317421
4.936669	6.387867	4.481208
3.701232	5.191723	8.590633
4.278135	6.234604	7.720247
4.936412	6.610220	8.343449
4.328485	4.177319	3.352132
4.648292	6.850370	6.429546
3.972414	5.117211	3.140563
3.306488	5.747247	4.109175
3.792649	6.371872	6.902035
4.598517	6.395008	3.739626
4.879004	4.862871	2.874157
3.372263	4.711842	8.834194
3.949621	5.357893	8.863029
3.756424	5.020573	9.174018
4.920589	5.870333	3.588834
3.160387	4.129191	3.720528
3.569417	4.158943	8.705556
3.740205	4.028348	2.996326
4.138637	6.337156	7.779209
5.026855	5.872873	8.898478
3.162030	3.950679	8.196512
4.678819	5.519775	3.365728
2.397563	4.280710	5.000516
4.273346	5.087811	8.745448
3.344023	2.989073	6.182317
3.258031	5.075955	7.576207
4.709183	5.815810	3.308434
4.335028	4.733247	3.551187
4.443617	4.453818	7.921329
3.142946	5.672258	6.309633
3.695319	5.721201	3.584214
3.178206	5.371420	4.873800
2.418062	5.273924	5.354338
4.007403	6.410582	7.677434
5.110272	5.362218	4.289383
4.643173	6.875475	4.083646
4.806743	5.760521	8.057086
5.080627	6.803926	6.753761
4.646476	6.275865	3.025681
4.768885	6.601362	7.881859
3.019736	4.060250	6.817468
4.056092	4.164172	3.290700
4.492096	6.047545	3.593826
4.583162	5.487590	3.895557
4.734737	6.312200	4.119076
4.534445	6.453761	8.460897
3.443925	4.794932	8.474933
4.240538	4.791217	3.011936
3.565404	3.609824	6.577025
4.831727	4.465820	7.017021
3.853943	4.752591	3.329344
3.999928	4.025004	3.411451
4.247502	3.605706	5.892191
3.546087	4.576535	8.640857
3.542537	4.563624	8.749421
4.589538	6.494124	4.195714
3.454763	5.463136	3.653318
3.461929	3.577928	7.530790
3.646735	4.977780	3.200487
5.381714	6.558768	6.957691
3.542003	2.966034	5.548090
2.869437	5.456425	6.229867
3.921374	5.779762	4.145647
3.547860	3.598527	4.581562
2.736773	4.032608	6.814875
4.272919	5.229385	2.544400
3.929012	3.583712	3.983594
3.828431	4.326665	3.748237
4.581741	6.725425	4.634533
4.095494	4.963109	3.156266
2.890087	4.785720	7.690887
4.767481	6.284106	4.392560
3.858604	4.897262	3.118601
4.832730	7.410282	5.280613
5.347213	5.976133	5.646283
4.809464	5.388978	3.033138
2.906766	5.044178	7.318533
3.622910	4.847571	3.164948
3.184052	5.465810	3.221468
3.555755	5.242677	9.013520
3.406548	5.657572	8.639921
4.273340	5.776715	3.317902
3.671642	2.947039	5.212030
4.235107	5.621997	9.032516
3.762096	4.255653	3.057818
5.015119	4.911448	7.335044
4.734543	4.806520	8.535891
4.440753	6.127756	8.991084
3.109077	4.496850	8.058933
3.952571	6.193894	6.535080
5.383022	5.583315	5.830436
2.603537	3.410025	6.691143
5.208743	5.155723	8.470723
4.259705	3.975031	5.297809
3.969605	3.982246	7.310334
4.276137	5.212781	3.100403
2.780979	5.169678	7.260383
4.056252	4.626264	8.956456
2.656620	3.864053	5.690630
4.023283	4.654303	8.768602
3.555833	5.721473	4.920797
4.173892	4.803529	3.289248
4.605528	5.378547	2.740308
5.444222	5.733139	5.953492
3.474582	3.305649	4.948833
3.250517	4.795922	4.321030
3.068952	3.608845	4.395047
5.039557	4.488403	4.926725
2.735420	3.687924	6.779418
4.040181	3.664184	7.078614
4.244721	5.128848	3.472719
5.126872	4.644326	4.737058
4.160660	6.471810	7.248504
4.816806	4.637624	6.763856
4.714852	5.771098	7.606542
3.986306	4.640120	8.519083
5.030794	4.552329	6.776830
4.957180	5.921309	4.653972
3.925456	4.174184	3.388816
4.540260	6.074399	3.432821
3.153795	4.318460	8.601528
3.833316	5.192867	3.519313
4.020480	4.989654	9.131631
5.290133	7.095508	5.752774
2.919886	3.289014	6.854390
3.807525	4.211238	3.425396
3.612503	6.345526	5.743569
3.926358	4.781615	9.125279
3.207899	5.925689	5.613724
5.362148	6.263766	6.290388
3.022008	4.679706	8.133343
4.287895	5.855147	3.098312
4.139277	6.137366	8.777110
4.132169	5.045998	2.906488
2.246926	4.408668	5.071290
3.591364	4.776238	3.364352
4.528793	6.013188	3.164462
4.304397	4.927106	8.374947
3.058813	4.456446	8.249519
5.551335	6.359204	5.333655
3.693551	5.442332	3.411501
4.488704	6.716297	7.775399
2.946941	4.734287	3.808905
4.300339	5.471073	8.490180
3.967703	4.363991	8.889459
5.283121	6.120619	7.090965
3.639765	3.628623	6.362085
3.017968	5.086478	5.885524
3.791382	4.280671	2.883335
3.864112	5.791881	3.570584
3.206997	4.869570	3.265891
2.887233	4.911175	5.960113
4.532793	5.644802	8.088280
4.695202	4.735939	6.389133
4.308026	5.755888	9.134676
3.563051	4.543860	2.836805
3.147613	4.013510	3.645203
4.702250	4.496480	8.734404
5.468634	6.186176	7.270195
4.126910	5.254103	8.976523
3.478302	4.858826	8.253630
4.466791	5.456833	8.939986
4.434108	5.560468	8.453370
3.838200	4.951094	8.569275
4.340559	6.866521	6.303071
3.924604	4.745678	2.978581
4.041408	5.447843	8.667526
4.330020	3.620985	7.651490
4.391886	5.932866	3.773607
4.269192	4.187709	7.900922
3.140412	5.034309	8.071980
4.275908	5.196867	8.777730
5.188702	7.037643	6.856832
3.322081	4.623860	3.843090
3.979576	4.610046	3.307094
3.928968	5.648555	8.898885
3.210958	3.482999	5.059210
3.910255	4.648645	9.124902
4.765095	6.166610	4.166895
4.514473	4.643115	3.218546
3.333053	3.895811	4.021190
3.437927	4.746960	3.126090
4.731910	4.451048	6.359668
4.211614	5.289868	8.644123
4.323427	5.055850	8.328382
4.827271	3.910550	5.811234
3.174862	5.401589	7.711715
3.457501	6.058583	7.285433
5.091095	4.763557	6.287798
4.913793	6.477822	4.224095
4.697858	6.509443	5.255047
4.365693	5.146692	8.699827
3.436870	4.741835	2.915871
4.152114	4.819246	3.004888
3.990944	4.724343	3.070833
4.457517	5.520990	3.524580
4.990240	5.709677	5.299425
3.905318	5.260399	3.007868
3.204836	5.502017	8.659264
3.138201	4.225044	3.474585
3.149053	2.831019	6.887102
6.041992	4.736773	7.224570
4.985186	7.757450	3.459742
5.283270	4.130737	8.612007
6.826421	1.261369	2.646910
3.485962	8.426261	3.915326
0.008649	6.058232	2.907291
3.504967	1.225616	5.171825
6.364251	5.742831	8.210847
7.032582	1.558599	4.713183
4.202976	1.273521	7.035215
4.748604	6.653354	4.716654
7.731162	1.718861	7.417804
1.140923	6.315241	7.792744
5.174157	4.539181	7.059159
7.279351	2.196877	6.266745
4.752704	6.144185	8.667579
3.176879	5.512024	3.881694
3.689225	7.657267	9.205409
5.364977	2.782849	3.587138
4.870021	5.896243	6.259444
2.253124	7.472594	9.057112
4.324270	3.047950	7.411696
3.519594	6.224916	7.952190
3.664315	4.930573	7.013112
7.225660	5.630631	7.993552
2.046132	7.494757	8.738316
2.979561	4.263248	6.791201
4.402308	1.677659	6.255603
3.828633	3.763688	4.051049
5.936064	2.046479	5.641906
5.015166	4.529838	9.113775
2.819326	7.523901	9.019193
7.427700	4.423756	9.339753
3.842649	5.766318	4.462735
7.949108	5.805452	6.524079
4.371007	1.943996	7.001590
6.222747	3.807511	3.658733
2.318956	8.003308	7.928421
2.194456	7.621709	4.211176
2.013259	2.738885	6.735879
4.201630	4.121592	2.365153
3.966867	2.930419	8.189683
1.329272	6.110019	7.242546
1.217434	2.325892	4.649934
6.711792	5.657255	4.028689
6.024980	8.942606	4.020679
5.356926	5.815942	2.465418
6.549717	5.762755	2.817925
3.766167	1.378864	2.485147
3.659289	7.300514	4.745360
0.431442	1.645239	9.466429
6.375440	3.286407	2.580339
1.366397	7.452228	3.019076
0.779480	1.229582	9.020909
2.800815	6.063327	7.439529
2.437386	8.312643	5.227430
7.306168	7.840994	5.585316
1.052610	4.181452	9.419485
2.129129	5.299359	6.331308
0.337645	8.033558	5.060660
6.937765	3.338841	3.381744
5.982699	2.016917	3.999272
5.186144	1.402160	9.859775
0.899575	4.773348	2.020022
5.646036	5.486962	8.381976
0.834132	5.778237	6.121610
1.902132	4.153987	5.996120
2.888436	3.077985	9.189985
7.289572	5.421517	7.357346
1.603026	6.119815	6.576109
3.742046	5.726451	3.397722
7.439090	5.875699	2.822640
6.621799	7.063811	9.704498
3.172052	2.159647	8.004974
5.825374	3.820851	5.629358
3.637914	7.457146	6.343658
2.658242	2.362822	7.894585
5.376783	7.087706	9.425191
2.092422	3.415444	2.836913
4.374571	4.414150	2.819869
3.331566	7.302078	3.904507
5.929611	8.321921	6.582299
2.049114	6.309765	6.370403
4.133901	2.048695	2.878208
5.714925	5.817075	8.288113
6.125314	5.344307	8.287441
1.684609	7.309683	7.201391
4.517629	3.163768	7.249808
4.154256	8.763435	9.841315
0.858992	3.774305	8.328049
2.229812	2.361858	7.694009
0.275390	5.116754	5.539464
2.509459	4.037101	5.704551
2.479154	8.886524	8.729364
2.284436	5.350060	8.894559
0.903278	3.291932	2.388717
7.633374	4.325364	9.222301
4.775204	6.272094	4.375494
4.384553	1.296097	8.878590
2.811175	8.676941	2.478744
6.948490	1.234646	2.597981
5.020346	4.254895	4.777251
5.689722	1.599873	6.539146
7.851823	2.005898	7.662730
6.578833	8.054786	3.494319
0.730887	7.949703	6.140673
1.077404	3.139201	6.424720
5.641464	7.919412	9.047199
2.936922	6.015821	6.222012
6.791249	7.816402	3.884256
6.746977	2.012028	2.623846
4.240102	4.003880	3.225326
7.875540	8.564944	5.529815
2.902038	5.535617	9.701722
4.934054	2.076521	3.806478
3.582457	1.800663	2.946953
2.072430	5.534657	9.267478
7.207049	1.526250	2.215950
0.152537	5.579085	4.099860
0.766013	1.868350	2.543607
7.039029	7.356383	8.990268
7.743669	6.360621	6.184612
3.239012	5.784647	9.355829
3.904998	3.708516	9.106715
2.601465	7.402247	6.388299
4.451338	4.476572	5.110557
2.583293	3.758520	5.761599
2.034625	5.194095	5.870378
5.056930	3.002172	7.250257
4.193699	7.544788	2.593474
4.817759	4.188699	6.503375
7.824885	6.936969	6.663412
0.603669	5.734275	5.358124
6.723639	5.621484	2.837735
3.775965	3.270776	3.022016
0.784869	7.979939	5.626321
1.316208	3.531713	8.497892
1.557668	3.741346	2.091198
1.318527	4.589570	5.449559
1.369912	7.234841	8.386623
1.316461	1.675664	7.712249
4.646373	4.539978	7.902817
4.784467	6.365409	8.979223
3.961800	3.388863	8.908553
6.010752	7.099427	5.228520
3.615485	6.884697	7.118863
5.386943	1.863964	4.761510
5.472031	6.984885	3.946909
6.725439	8.703588	7.953889
7.371228	3.345976	6.689235
