3.288724	5.391442	4.174359
3.537491	4.323448	2.845600
2.526415	3.953246	5.055890
4.737089	6.412235	4.680887
3.984350	4.608461	8.425051
4.347442	4.935487	3.319154
2.814048	5.126913	6.637114
3.607529	3.130148	6.668738
5.033861	4.589317	5.092328
4.783481	4.123888	5.363079
4.137936	5.296031	3.428804
4.677523	4.562753	3.408319
4.531415	6.997359	6.474888
3.331083	6.435981	6.282631
4.222208	5.226318	8.616314
3.932000	4.488836	2.964918
3.179669	3.352109	5.930916
3.046060	3.853337	7.673997
4.775889	6.308356	4.687550
2.683341	3.832102	5.965372
4.117583	4.661590	9.158930
2.685270	4.279897	5.599317
5.127186	6.657538	5.656726
5.055807	4.527659	7.636206
4.256493	4.454697	3.150792
5.434679	5.661288	6.786360
2.929703	5.283809	8.512825
3.240231	4.596990	3.103249
5.068817	4.763225	5.066942
3.381735	4.971693	8.356565
3.149966	4.605059	3.233062
3.905906	5.291001	8.517861
3.444410	6.443800	6.665768
3.759213	5.225803	3.389811
4.350223	3.260017	6.868820
4.248580	4.806779	3.513550
4.227016	5.905842	3.228525
3.927640	5.042809	3.101607
4.213072	5.951575	3.599369
3.424297	4.889131	3.363216
4.806227	5.917785	3.716184
4.248594	6.496712	5.072960
3.832183	5.141803	8.829757
5.134785	4.444347	7.169485
3.139153	3.766811	4.222350
4.224503	6.110443	8.191503
2.975724	4.841218	3.831848
3.582453	4.742862	9.131504
4.069674	4.655504	2.643025
4.031070	5.493187	3.388333
4.609543	5.875524	7.657218
3.958228	6.988839	6.154912
2.747191	3.410590	6.224434
4.040547	4.914310	2.972689
5.165272	6.267183	5.868018
3.526011	5.285183	8.694657
3.680723	5.624480	7.827569
3.635487	4.910096	3.499276
3.630254	5.095402	3.907181
2.941836	5.136423	5.585870
5.167082	5.045109	5.036562
2.708144	3.386571	6.864297
4.809410	5.637284	8.223966
4.552930	5.843051	4.073999
5.288674	6.002933	8.182952
3.884959	5.615405	8.135999
4.339149	3.795580	7.925227
3.998125	4.250068	7.977629
3.469622	3.839589	3.432185
4.465685	5.851600	9.000634
4.286323	4.783974	8.798460
3.056647	5.190294	4.440911
4.050990	4.718051	3.207904
3.868742	5.268168	2.868194
2.937913	5.933757	5.094723
3.312578	4.011170	3.971203
3.949736	5.064214	3.222945
5.005078	6.597920	7.599998
4.720464	4.401396	7.854761
3.776165	5.443054	3.250644
3.504085	3.790356	7.759334
5.130676	6.687428	6.417569
5.769570	5.818633	4.557179
5.158833	5.232900	4.884475
4.877212	5.804579	3.486749
4.391076	6.233312	6.922235
3.311028	3.735638	3.749612
4.009235	4.940731	8.053685
3.127604	3.590700	6.216657
3.182702	3.348187	8.371999
4.177390	3.547679	4.106286
3.031558	4.058453	8.027946
4.811815	5.349809	6.577776
4.723721	4.142254	5.103672
3.081182	5.152742	3.859583
3.715146	4.444775	8.237428
4.453927	5.935962	8.544627
4.474797	5.459770	3.142521
3.786015	4.723382	3.509415
3.735187	5.711922	8.543181
2.802520	4.110648	8.085644
3.896339	4.516475	3.128894
4.560181	6.324350	3.727906
5.383614	6.273451	5.145268
4.065341	5.331987	9.018849
5.365595	6.126939	6.571996
3.175283	2.971604	7.413580
3.000139	5.231710	7.727453
4.171177	4.249564	8.750751
4.328889	5.032435	8.403608
5.031504	4.700567	3.905854
2.929176	3.544295	4.614309
4.280417	6.100054	3.472060
3.829104	4.388161	8.834174
3.598139	4.889141	3.288098
4.147263	5.110722	3.146441
3.768271	4.145908	7.758725
3.261700	3.567987	3.501194
3.442683	3.814226	3.397586
3.131677	3.961419	4.615280
4.961812	4.943323	3.437538
4.047052	5.136745	8.699642
4.099276	5.220732	8.831534
3.229505	4.634382	3.649362
4.057081	3.097334	6.848824
3.186262	5.223236	6.052337
3.750876	4.375290	8.616688
4.157928	4.889645	8.559512
4.115776	5.190065	3.442051
4.843453	5.185470	7.621338
3.273039	4.599393	8.792878
3.092272	4.401156	4.469345
4.519511	4.600496	9.535832
3.408958	3.908636	3.705659
2.682658	4.610881	6.209285
2.657020	3.839690	5.581770
2.977981	4.552134	6.848322
2.698577	4.972325	8.200377
3.743450	3.329485	4.730629
4.677663	6.639993	7.691584
4.263631	4.797481	3.304288
4.068317	4.712947	3.355542
4.881531	5.831243	8.587302
4.466543	5.457102	3.126059
2.900627	4.472051	7.386427
3.408955	5.169685	9.191070
3.734418	4.633237	2.928888
3.489392	5.430429	5.159689
2.937476	4.672135	5.250282
3.274858	6.059561	4.015401
3.459220	4.947825	8.981114
3.798646	5.246982	3.475805
3.732065	4.732956	3.109903
3.884168	5.569909	6.145777
4.631899	5.438093	3.046574
5.324776	5.535291	7.695445
4.034601	5.948432	8.442913
4.539535	6.589393	7.007186
2.947322	2.947432	5.435730
4.171553	6.261645	3.456133
3.433845	6.026129	7.798534
3.997371	5.170720	3.094573
3.162171	5.303092	3.812261
5.292698	5.812557	5.488223
3.564214	5.163784	3.456997
3.949158	4.162412	8.430285
4.322396	5.630710	8.702836
4.365872	4.080711	8.462513
5.523434	6.548198	7.425392
4.205586	6.686205	7.112192
3.639749	3.919388	8.833323
4.496787	4.722436	8.750048
3.713282	5.473374	8.396815
3.694015	3.520299	6.923498
3.430495	5.084277	8.588038
2.970820	3.544318	6.748334
3.321031	4.594018	4.143708
3.191200	5.581202	4.271200
2.682165	3.913304	4.455813
4.826727	6.521534	6.990795
3.092626	4.732318	3.477075
4.845782	6.515623	4.491348
5.027254	7.382385	6.957077
4.210016	4.137358	8.347213
4.164493	5.468955	9.172803
4.009551	4.447620	3.696004
2.840459	4.916031	6.873697
2.874016	3.661534	7.995547
4.268265	6.024928	6.504487
4.079166	3.824669	8.287232
4.961828	4.585586	7.804016
4.837723	6.232120	6.454788
4.370378	5.182930	9.323560
2.995115	4.067749	4.381509
4.201090	4.797396	9.235381
3.116783	4.664269	4.589959
4.267220	5.589038	3.794746
5.392170	5.114722	6.456659
4.213750	4.310697	8.876995
4.289983	5.522685	3.145240
3.950142	4.002313	8.064997
3.760180	4.559202	3.480978
4.161578	4.858016	9.208306
3.955929	4.946354	2.902207
3.987618	6.381082	7.791373
4.156317	5.612409	3.102188
4.326004	5.462931	8.845791
5.242001	6.170228	6.665841
3.783150	4.521366	8.951381
3.836607	4.987545	2.489237
4.035471	4.125084	8.516051
3.925574	4.650200	3.233522
5.166964	5.310009	8.359337
3.896004	4.370797	8.859864
4.391368	5.861240	8.471454
5.189030	5.535588	7.334782
4.905493	5.210613	3.872122
4.256992	4.863629	2.806079
4.839045	6.687568	7.191851
3.359405	5.172081	8.595852
4.918763	5.507859	5.484423
4.868450	6.784887	5.745159
4.093744	3.751938	6.991803
3.147885	4.617598	8.244938
4.789894	7.014959	5.014512
4.753373	4.636647	8.040356
4.226522	5.300500	9.086581
4.060500	5.061606	9.391432
3.342602	5.205506	7.584634
3.301439	3.204353	6.375366
3.271163	4.492110	8.932533
4.265618	6.369894	4.495794
3.708965	5.033772	8.878312
4.083468	3.195789	6.150025
4.541422	4.856978	8.967393
4.249669	5.428555	2.901091
4.247890	4.274140	3.954258
4.747570	4.803753	5.635448
3.658567	4.813265	8.862304
4.181012	4.606373	3.014631
3.531380	5.149492	9.191427
4.796667	6.682601	6.064126
4.201499	4.620325	9.089476
3.966037	3.061506	4.961085
2.837804	4.203448	7.888367
3.948960	4.837942	3.393992
4.794552	6.483260	4.684640
4.895200	4.211283	4.621742
5.052333	6.001775	5.129726
5.235846	5.958371	4.209004
3.369655	3.306363	6.603381
4.029726	4.660610	3.110417
4.873620	6.148036	3.605009
5.014970	4.458708	4.781586
3.262327	3.664622	7.115774
5.058624	6.191336	3.089478
3.389386	5.259198	4.412970
5.147310	5.679587	4.692187
4.803512	5.900935	5.040716
4.653468	4.254269	5.414722
3.789702	3.433343	7.501472
3.284863	4.663350	2.798798
4.877394	5.718814	8.506620
4.511633	6.148485	8.446538
3.326132	5.560276	2.757676
4.032193	4.912158	3.158626
3.069518	3.960765	4.412891
3.915513	4.579297	2.630997
2.950265	5.192393	6.811333
5.186972	4.642119	5.434853
5.480620	5.934279	5.423372
3.189756	4.139475	8.241411
3.095650	4.097263	4.265675
4.268489	5.165597	3.078366
2.540586	4.902765	7.097231
3.213145	4.897843	3.093931
4.992692	5.032149	6.008715
3.801234	5.053048	2.820190
4.278630	4.541435	3.030869
4.865930	6.678114	5.625142
4.346834	3.561778	7.542739
4.362554	4.136730	8.310736
2.598240	4.518711	7.554843
3.605569	4.685067	3.698555
5.533384	6.266619	6.122161
4.020310	4.721932	8.695595
3.433315	6.715985	7.173273
4.147006	5.434464	3.286622
3.170380	4.014606	7.242411
3.752560	5.649034	8.325916
4.961760	4.911401	4.362426
3.623306	4.094122	3.654180
5.896861	5.863108	5.872393
3.505793	3.414812	6.414954
2.788245	3.490548	6.588384
2.911487	3.544565	4.651694
3.679274	5.760947	6.656847
3.564915	3.850344	8.961002
3.241122	3.601205	5.660401
4.068185	4.330390	8.584316
4.112296	4.635154	3.065069
3.498960	4.809904	8.708699
4.177950	4.106541	7.933099
4.276409	3.253901	8.199216
3.864788	5.149799	3.305538
3.484153	5.030237	8.801192
4.368417	4.139448	6.562234
3.263884	5.068887	3.351455
4.994976	5.753576	6.983968
3.872713	5.578379	3.698841
3.055521	2.872694	5.914249
3.173279	4.488353	7.779451
3.764690	5.356357	3.741694
4.551686	5.432458	3.177241
3.755572	3.385490	4.226594
3.761565	6.407767	8.374866
3.726079	5.966046	7.534338
5.003650	6.228571	3.868301
4.659115	4.551998	6.292442
4.976517	6.773459	4.575978
3.677918	3.368601	7.639064
3.924807	5.081063	8.934026
3.688124	4.081088	3.547192
3.911882	6.422019	7.796575
4.008556	5.393395	9.103444
3.684871	4.569863	9.134304
3.229506	5.967979	4.111630
3.549473	5.109693	3.287437
4.313602	4.435893	4.999239
3.950360	4.973186	2.978363
3.804065	5.462141	8.535589
2.747401	3.868085	5.951725
4.275354	5.876127	8.569790
4.761070	4.473442	4.290710
3.788117	4.515909	8.392687
5.184123	5.672667	3.580533
3.766987	6.172814	7.831195
4.829858	4.915772	3.334085
3.972266	5.161550	3.058827
3.805876	4.872544	9.110166
3.993615	4.905329	3.011266
4.667524	4.655035	7.281784
4.465267	6.210415	8.698144
3.767032	5.840583	8.024108
5.100430	6.549860	7.233711
3.067055	3.905626	7.257810
5.383781	5.201737	5.899917
4.337987	6.507919	5.777200
3.923743	6.402729	8.686484
3.954391	4.669645	9.004817
3.817186	5.991485	7.252390
3.852181	3.687014	4.802127
3.613610	6.224016	5.487658
4.603893	5.695187	8.724982
3.028153	5.576889	5.006352
4.088610	5.183312	8.909406
4.124791	4.020876	3.888853
4.056637	4.247307	8.678180
5.000468	5.564718	3.613555
4.641617	4.587635	5.832766
4.280195	5.782318	3.306249
2.960192	3.391068	5.835986
4.697740	6.971603	6.129674
4.142149	5.189828	3.130104
3.926238	6.714495	5.180765
3.866642	5.280620	8.996142
3.464924	5.648424	7.729043
2.977658	4.968149	5.847363
3.395655	5.214781	3.475960
3.802941	5.036029	3.127261
3.251674	4.511755	8.637315
4.511068	6.177682	3.807479
5.366085	5.713193	8.259499
3.800215	4.900830	2.652519
4.161635	4.851554	2.978693
3.447048	4.255265	8.817533
2.972092	4.574984	8.664145
4.655387	4.111774	3.720031
4.164208	4.946412	9.101702
3.935808	3.749593	3.765062
3.665260	5.945647	6.115169
5.303735	5.826637	7.330944
4.119802	5.029937	2.878628
3.795539	4.497988	2.805009
2.550400	4.271005	5.077077
3.925434	4.938652	9.144095
2.678544	4.082367	6.064886
3.334592	4.127887	6.151226
4.019464	5.108670	9.217240
5.419680	5.914128	3.684397
2.876630	4.391698	8.503764
3.121241	5.077280	8.093511
5.096155	6.567867	6.263993
3.136870	3.597040	8.192803
4.381943	4.889135	2.937797
3.130241	5.455852	5.894974
2.754079	4.428989	4.847465
4.307071	5.073121	3.145993
4.159758	4.874965	8.676357
4.264025	3.658123	4.860909
4.172332	3.646398	5.064263
4.766908	4.993510	3.546292
4.047580	4.444889	7.233022
4.508449	4.847826	9.649278
4.436324	6.392211	7.852471
4.169467	5.454634	8.550000
3.754728	5.100803	3.053032
3.005190	3.645829	4.130759
3.865806	5.766661	8.066193
3.133532	5.385353	6.143468
4.923682	6.610138	6.974029
4.088849	4.588559	8.423902
3.742075	5.061366	3.029313
2.942906	4.455289	8.593259
4.639013	6.908791	7.085123
2.647766	4.848825	4.346868
5.100193	6.010240	4.867025
4.067904	5.579205	3.047369
3.314786	3.864364	4.079890
3.886373	5.195612	9.198965
4.990645	4.276465	4.559188
4.084092	4.424813	8.982756
4.792022	5.236060	8.561692
4.443716	3.829612	4.938104
4.139116	5.971794	8.189093
3.447182	5.039256	3.371214
3.610471	5.276002	2.973104
4.517017	4.154526	6.670183
4.505034	5.560364	9.074530
5.483655	5.576503	6.503156
2.757182	4.322170	7.566766
4.026300	6.166405	7.759002
4.220903	6.258006	4.151946
3.808506	4.807971	3.301180
5.249562	5.708548	6.778139
4.218281	4.949137	8.977349
3.909552	4.549849	8.721658
3.993496	5.510657	3.163625
5.395581	6.713996	5.589422
3.646010	3.076914	6.141888
4.085988	6.570265	4.824741
3.805417	5.623582	9.255459
4.138434	5.493508	8.993903
3.331048	5.522635	7.736893
3.200829	4.065829	4.036931
3.519464	4.074452	3.711340
3.735011	4.593042	3.239048
4.170829	4.768859	8.864514
3.139031	5.366595	3.654267
3.949015	3.257324	4.989608
4.800174	5.869273	3.208726
3.616348	3.472339	8.375062
3.839832	3.484849	5.533007
4.242518	4.303013	9.276377
3.759165	5.607485	6.981238
4.746756	5.763960	4.143255
4.072141	3.393759	6.677621
4.153493	4.324048	3.888114
4.626158	4.992030	9.044089
3.969575	5.866835	3.905809
3.802496	5.205971	8.478763
3.959261	4.052197	3.290315
4.218978	5.329935	9.335166
3.826138	5.759315	4.797117
5.047808	6.248679	7.571277
4.199553	6.062545	4.181631
4.058544	5.832164	9.040763
4.695629	6.819674	6.954026
4.356408	4.227066	3.560874
3.194254	4.610265	4.159881
2.895182	5.977114	5.366263
3.468373	5.992573	4.868003
4.430210	5.210066	8.719935
4.137186	3.817598	6.166740
3.958229	5.136051	2.906071
4.062729	5.205562	2.860866
3.563723	4.494435	3.155992
4.751190	5.668430	3.959797
4.207485	4.855050	2.939659
3.585007	5.097865	8.891101
4.437752	4.383480	3.361870
4.873017	5.233969	3.834855
4.995847	5.236319	8.904186
3.770024	3.589565	7.587108
2.877830	3.696776	6.924257
4.835758	7.082752	4.338497
4.818060	5.723622	3.864765
3.099479	4.994664	7.390186
4.308264	6.181701	8.466881
4.665155	4.880668	7.555530
3.423794	6.097291	7.475397
3.100068	4.955006	3.996740
2.805383	3.715608	7.134112
3.368479	4.327771	3.275012
4.859534	6.382255	5.194370
2.703894	3.245966	5.463136
4.819558	5.827958	3.556704
3.262350	4.688506	3.642151
4.742647	5.456056	3.492063
4.827464	6.701682	4.793714
0.938120	2.583882	2.715601
1.747320	1.846834	9.773031
3.593861	3.022609	6.884271
1.143234	7.910144	8.642151
1.566033	4.902786	7.533159
5.517114	4.536911	4.936691
4.775960	6.213897	9.247809
3.982642	3.589383	4.759225
2.316141	6.351641	9.053073
4.590961	5.327547	5.445692
7.099160	1.120688	5.353616
6.933743	4.469054	5.886432
0.893343	5.700661	2.040258
1.099154	6.265983	4.723347
2.529761	7.863104	6.900545
4.312672	7.417168	7.114576
2.851144	2.795948	2.561101
2.188361	4.361965	7.726065
6.738373	7.311041	5.496077
2.423889	5.887793	8.390850
2.180351	5.218158	5.444459
2.248714	7.343595	2.779771
6.941629	5.221394	7.864288
6.671614	1.005358	4.192921
1.737025	1.156729	2.197382
3.455997	6.615059	8.043035
2.235870	3.681722	2.788186
3.215658	7.652891	9.377031
6.101283	4.790926	3.794703
1.542846	4.298823	3.498119
4.652946	3.048444	7.572707
4.005145	1.730728	7.047129
5.232552	1.373741	8.733364
6.857194	3.434381	4.601407
7.720376	6.317560	6.983377
4.453390	5.923410	4.088389
3.656881	3.069932	4.186987
5.352127	2.792293	4.278024
7.107280	6.498694	6.349252
3.238700	7.184163	8.493508
3.767768	5.202670	6.652952
0.909313	2.295773	4.652598
6.715512	3.332298	2.356712
0.633310	8.998517	7.032814
2.362618	4.402936	4.397670
6.079214	2.577291	8.015889
1.854599	2.277848	6.117704
1.916005	5.108128	6.675845
4.918626	4.192634	2.984066
4.199413	7.943670	7.352576
2.636614	5.231914	4.568537
7.557888	4.176076	2.760870
4.305599	3.458561	4.810237
3.532114	3.497882	6.720145
7.104895	2.869682	3.847117
2.977997	6.944018	6.023009
0.659780	4.927804	2.626228
0.404282	8.927392	7.196031
5.597818	2.165196	6.893859
4.189477	7.722679	5.436479
0.092194	6.450632	8.215292
2.899591	2.106260	4.600741
0.295013	5.480857	6.501726
6.324312	5.250767	4.229166
4.224930	7.065371	9.797878
2.120772	7.580747	4.551178
6.132628	4.681101	6.344725
4.191512	4.130126	3.044940
0.826860	4.007608	6.896960
7.390017	3.167626	8.255862
3.190225	1.456653	6.177358
1.283916	4.160566	4.943586
0.189964	6.945694	3.162865
1.598802	8.208936	9.431391
4.302077	6.707009	5.382763
3.721058	8.644166	7.676643
6.909189	2.217825	4.225036
4.287654	8.594413	9.745050
1.115633	6.767228	7.526984
6.060794	2.252679	9.988696
5.145697	4.129312	4.744885
2.249745	2.101007	5.674279
5.799901	8.925940	9.390047
7.046005	7.775358	9.751344
5.255573	1.656316	9.173666
3.332949	8.770026	9.504616
1.704003	2.637912	8.597447
4.894411	8.825977	2.583986
7.944492	2.098767	5.783074
0.368222	6.718739	8.303227
0.125749	2.866612	5.597566
1.984247	1.643261	5.389940
4.573937	6.539824	3.638344
2.062566	6.370437	7.634213
2.812001	6.927595	8.794348
4.602075	5.975621	3.105914
5.979668	2.111365	4.703540
1.023479	1.695753	9.646213
2.855580	4.740966	5.166388
4.386413	2.533751	5.724313
4.306178	8.063857	5.638797
1.046722	4.009161	4.966228
3.349145	6.262030	6.424210
1.979185	8.880456	2.432061
6.024100	5.027874	2.031779
6.196101	4.501403	5.445480
5.777141	2.551681	2.797243
4.380378	5.565313	9.668242
5.190044	7.126798	9.940609
2.723457	1.620024	8.577419
0.885021	1.934422	9.676008
7.000259	1.484995	2.797889
1.080110	4.047015	7.950806
6.808533	4.986113	3.492611
6.546242	2.533413	6.308584
1.106104	8.542870	5.640652
6.312664	7.274422	8.938771
6.335216	4.542889	5.979970
5.106060	7.275643	5.630467
7.536265	1.535058	8.569870
2.241212	3.105704	8.660068
3.681243	3.039058	3.848276
5.306666	2.938396	7.380004
3.856949	1.916930	2.793557
5.368130	1.642426	5.431715
7.714465	5.089417	7.003837
3.749076	1.784555	3.052141
7.933956	8.904625	7.134850
2.122232	3.647389	7.087377
3.169363	6.307908	9.607601
4.775625	2.303496	7.245167
2.926339	5.433515	9.885734
1.121156	3.747685	2.927050
4.391676	5.765085	9.867542
5.823454	3.447694	3.036799
5.737981	8.726630	9.196421
3.957289	5.649032	5.441283
2.835400	5.793003	5.958976
3.747988	2.530359	6.778056
7.596903	4.754780	4.149215
3.861598	1.877569	8.604421
1.972282	1.194837	7.776636
3.837474	5.424503	9.826740
5.200720	5.105591	9.620725
1.014209	3.337857	9.270191
0.764649	3.826086	4.599421
5.267616	2.992919	7.274927
2.891446	5.770166	3.704417
3.240907	2.288479	3.100941
4.078685	6.025282	9.726748
