4.389579	4.995955	3.235928
2.697558	4.842831	6.023336
3.754475	3.254576	3.908111
4.747327	4.801834	8.026024
5.412572	5.816743	6.664817
3.783559	5.440333	2.787520
3.574160	4.986844	2.985730
4.024324	5.300916	8.965473
3.154720	3.890964	5.247436
4.220274	5.164217	3.689033
2.850382	5.363036	6.644992
2.844897	3.446180	4.952818
3.981543	5.240437	2.765750
3.016686	3.561250	5.328127
2.949684	4.038182	3.850759
3.910632	4.962351	9.107326
3.971100	4.811768	8.909657
4.060026	4.082599	7.124796
4.309007	6.181866	7.889485
4.003325	5.114503	2.740112
3.725075	6.199064	7.071996
3.203064	3.777421	6.470425
3.786880	5.356328	8.977977
3.926478	4.141395	8.409604
4.616910	5.169029	3.856715
3.715841	4.334373	8.917791
3.865967	4.348789	3.215076
3.551122	5.159475	9.248855
3.222276	4.623877	3.479609
3.637134	4.067786	8.518400
2.999779	3.347655	5.552727
5.820450	5.801485	6.356163
4.457355	4.851854	9.153049
3.604506	5.448985	3.395899
3.123345	3.323612	5.877315
5.269062	5.936047	5.820519
4.474058	4.654519	4.526629
3.215956	3.348088	4.187108
4.137170	5.205176	9.058267
3.103117	5.076119	7.140329
3.190448	5.421822	3.616912
3.992498	4.639828	8.730208
4.240576	4.869453	2.970875
4.301623	5.603618	3.951466
3.859468	4.838387	3.240392
3.096205	3.895939	8.190985
4.260539	6.212834	7.450683
5.348804	4.901917	6.114674
2.976218	3.981779	4.573114
5.515165	5.004310	5.088712
4.532358	6.537534	4.631475
5.149090	6.129807	7.737958
3.483098	4.805737	7.871019
3.087526	4.937014	8.477077
4.225567	5.183070	2.920110
4.626815	4.930403	3.284889
3.576078	6.071404	3.935472
3.554467	4.834451	8.992039
4.539863	5.026848	9.015914
4.291779	4.795266	8.183392
3.618576	6.309012	4.529400
3.695026	4.742832	8.335997
5.444894	6.264982	6.262613
4.489465	5.319150	4.158934
3.007687	4.678987	5.614234
2.884165	5.096325	6.071578
4.446738	5.143862	3.404146
4.464034	5.019607	3.264067
4.240677	6.259350	5.073026
3.887979	3.820839	7.591703
4.594913	5.569216	8.526404
2.884330	3.943165	5.665670
4.262644	5.923849	8.819519
2.867578	3.645949	8.082235
5.420211	4.962879	6.240295
4.142960	5.839459	8.492190
4.989270	5.553834	7.064561
4.171644	4.806947	8.772811
3.909770	4.405265	3.825552
3.262543	4.566074	8.299662
4.368284	5.957980	3.641025
4.194688	6.852782	5.096499
2.967205	3.892338	6.905260
3.939360	3.528348	6.989714
5.000733	5.274668	3.911002
3.008024	5.644194	7.613749
4.740331	6.032044	3.994846
4.066167	4.682906	9.514950
3.107469	3.529387	7.769249
4.210985	5.580751	2.781374
4.545859	7.314267	6.182121
3.506066	3.664032	3.817942
3.969564	3.761870	7.902374
4.366907	6.203468	4.585299
2.760610	4.182700	6.345328
3.471321	5.478188	6.759968
3.730792	4.932728	3.009547
4.524439	6.742188	4.928491
3.884077	4.316859	3.490209
4.585873	5.502785	9.078711
2.895475	3.837022	3.910710
3.956905	6.130316	8.559689
3.982848	4.519900	2.911236
2.850317	4.245360	5.438542
4.992465	4.127404	7.070981
5.578568	6.298236	5.700436
5.061694	6.499528	5.046362
4.925045	6.334253	3.739709
3.971627	4.539944	8.686690
2.942525	6.116586	5.384348
4.227175	5.208665	3.299423
3.959083	4.880201	3.005845
4.854591	5.000567	7.712230
2.941345	3.534041	4.060807
4.679004	5.069173	2.975052
5.018030	5.898731	4.641226
3.381259	5.910921	4.159884
3.371931	4.805199	5.390297
5.576630	6.179181	5.906302
3.867571	4.430294	2.876193
4.915367	3.790271	6.683124
4.608980	5.488099	8.515489
3.631782	4.378818	3.655710
3.725466	6.114793	7.194872
2.643886	4.105686	7.506056
4.892389	5.960706	3.650387
2.924798	3.599115	6.884900
3.620520	4.720399	2.649913
4.542274	5.821687	3.612409
4.077554	6.701097	6.229082
3.667102	4.080194	8.372949
4.171293	3.533913	7.312816
4.714197	6.507420	7.348267
4.691748	6.768167	7.061292
3.372876	4.570270	8.521118
3.447044	6.524585	4.840856
4.028389	4.062986	3.862570
3.499929	3.494663	7.651286
4.175582	6.220624	6.991478
4.078819	4.413515	7.224703
3.814873	3.827482	3.789511
3.720476	6.170772	6.163434
3.470171	3.818049	7.953030
5.511981	6.506645	7.562385
4.298356	5.400790	3.052824
3.954694	3.861033	5.054681
3.922402	6.359636	7.056001
3.576798	5.483841	3.784479
3.981775	4.899434	9.409690
4.393678	5.990049	8.544585
5.089968	5.561641	6.092609
3.787424	4.558132	3.397020
3.178587	4.586024	8.471276
5.189219	5.681541	7.791168
4.774785	6.657778	4.169371
3.495423	5.162959	3.066362
3.887407	3.565935	4.798501
3.541113	5.284919	7.253051
3.807341	4.308580	9.038163
4.526105	6.471826	7.950117
5.130955	6.165516	5.202444
4.628847	5.777117	8.740489
5.587154	5.715242	8.146260
3.700503	4.659363	8.698977
2.992575	4.805763	7.424402
3.938758	5.190826	8.321481
4.549308	3.439231	4.922206
4.894658	6.246835	7.146772
4.442413	5.896396	8.790381
4.618358	3.675512	5.050140
4.724207	5.707392	7.532718
4.131209	5.162531	3.096527
4.472156	5.227490	9.077253
3.904759	5.656734	3.644829
3.948362	5.238707	8.720219
5.100797	6.048953	4.787617
3.166858	5.543103	7.817774
4.160429	4.831427	3.164028
4.756990	4.715955	8.924921
4.723799	4.458892	6.999091
4.426122	5.937239	8.732243
3.520175	4.695371	3.028687
4.234321	5.141279	8.897619
3.492558	3.880129	7.482503
3.578736	4.535526	8.948095
4.228327	5.875619	3.426987
3.994307	4.116531	3.454231
3.927436	3.532729	6.518641
3.041140	4.060144	3.582532
3.349819	5.203136	8.390873
4.710630	5.759673	7.865933
4.670472	5.795184	3.416650
4.792056	4.442329	5.479277
3.432159	5.989341	8.147903
3.444105	4.482157	8.341259
5.193339	6.068196	5.200311
4.347759	4.969400	3.396561
4.338903	4.154296	4.067481
3.563205	4.805493	2.841878
4.481184	5.758555	3.226838
4.552978	5.630346	9.355432
3.864474	4.896033	8.822899
4.320502	3.228433	6.229526
4.060273	6.484276	5.763369
4.602914	6.554080	7.264038
3.229537	4.456705	4.386445
4.291691	3.708411	5.588832
4.222812	4.537476	8.962421
3.400727	4.507468	8.671510
3.245175	3.392187	7.539996
3.756394	4.060130	8.998236
4.164561	4.523227	3.010820
3.792987	5.525794	8.863461
4.814995	5.797692	3.761891
4.487959	6.073973	3.718161
3.932409	3.661561	6.402719
3.800532	3.771465	4.858726
4.600546	4.598655	4.031175
4.851870	6.495169	7.514459
4.959864	6.733609	6.382983
4.265178	5.398731	3.043019
4.885088	4.771791	3.581424
2.413849	3.976793	5.711436
4.214381	4.830879	9.079910
4.457235	5.348208	6.968194
4.674481	4.870050	2.589681
4.059539	4.944934	3.371531
3.117957	3.817525	6.924208
2.454679	4.596093	6.123635
3.775687	3.920986	8.941467
4.413715	4.608687	3.368386
3.809736	4.912158	8.704104
4.136894	5.946388	3.758128
4.415342	4.521275	3.373864
3.843620	4.846913	2.955213
3.695373	4.253244	9.347185
5.269726	6.134416	4.728199
3.970969	5.719305	3.784229
4.239283	5.258196	8.806897
3.600829	4.830377	9.124772
4.218812	4.091079	8.448154
2.842709	2.836340	6.245074
4.164705	4.925295	8.770998
3.075861	4.192899	5.577422
3.812540	5.409435	3.117783
4.842962	4.721202	4.236522
4.347830	5.015995	8.599147
4.051393	5.220921	8.875337
4.058615	5.259567	8.680689
2.906977	3.295415	4.271203
3.042625	4.666653	4.541653
4.265069	5.174673	2.785966
3.252528	3.522441	6.480982
4.312206	5.746891	8.351498
4.365106	5.201370	4.274689
3.670391	5.260222	3.703889
3.678257	5.744982	4.128525
3.687439	3.310902	4.654123
4.625367	6.293469	4.888161
3.913346	4.895240	2.784469
4.679625	4.597266	7.193492
4.667480	6.295518	3.505905
4.495488	4.248263	3.541577
2.980068	5.666136	3.012882
3.765615	3.438983	5.319380
4.432080	5.435372	8.804632
4.682224	4.610402	8.561438
3.997722	5.629780	2.383832
2.643075	3.530052	7.289519
3.127631	4.064741	8.332835
3.724250	6.883064	6.334216
3.311541	5.902528	5.457324
5.145226	5.717029	4.597856
4.948827	5.084326	7.597901
4.810647	4.235085	8.179760
3.707125	5.477387	8.400134
4.035738	5.944053	3.823543
3.472934	5.818852	8.625026
3.887775	5.087514	3.004729
3.663906	5.215570	2.957321
3.231226	3.400740	6.950670
3.215289	4.899310	9.166175
5.089268	4.746867	4.529393
4.061521	4.537775	9.005505
4.400767	5.118126	3.756735
4.365992	4.871121	3.104904
5.122178	5.798118	5.590895
4.424633	3.846687	7.809327
5.230518	6.580975	7.000153
4.362643	5.357916	8.999288
4.152066	5.206029	9.196524
3.372376	4.360408	3.204113
4.997034	4.788384	3.814323
4.213302	4.967466	8.216142
4.708929	5.910046	8.145936
3.853129	5.151942	8.781521
5.019875	5.142970	7.929671
4.397998	4.175769	4.761021
3.931926	4.529922	8.162093
3.984002	6.821816	6.546042
3.759157	6.195284	5.729501
4.909748	6.487075	5.483566
4.136583	4.585993	8.809442
3.736564	4.042522	2.690604
3.793241	3.580978	8.412764
4.212487	7.089671	3.960386
3.877599	3.329941	7.453978
3.112840	4.479615	7.594957
4.021566	4.967846	8.891412
4.352792	6.019098	4.363909
3.448949	4.432966	4.025793
3.910458	4.932198	3.040458
3.624010	5.064725	3.268440
3.458668	4.075518	4.789205
3.450950	3.153936	5.669125
4.323661	4.808020	8.776270
3.917463	3.833081	5.174610
4.730609	5.568716	8.332997
4.304239	5.143867	3.048086
3.966427	3.835739	3.916243
3.138130	4.417462	3.976752
4.240210	5.189710	3.135224
4.638801	4.679278	5.934551
4.185985	4.699722	3.042091
4.357741	4.948877	3.341677
4.320925	5.391581	3.324163
4.170139	4.344822	8.793049
4.362498	4.429014	8.071070
2.843524	5.270120	7.955266
4.700205	6.200874	7.163706
3.928252	4.917736	2.961991
4.314312	4.186097	7.703789
4.115456	5.021510	3.248309
4.645153	6.348395	7.852873
2.992382	4.518997	8.418764
4.461672	6.146179	8.344890
4.362294	6.403425	5.798426
3.345589	4.277866	8.821821
3.683367	4.671487	3.649083
4.595330	6.106504	4.203542
2.859537	4.727921	7.330678
4.775802	4.069211	6.180042
3.313291	4.980837	2.904089
5.024209	5.608609	7.643182
2.984181	5.324344	5.520229
4.259945	4.738521	3.132433
3.093616	4.536682	3.710330
4.359388	6.614248	6.372174
3.262501	5.579765	4.796319
3.564081	4.809690	3.269832
5.097446	6.580983	7.627323
2.999354	4.531827	5.200682
3.161771	3.076463	6.098614
3.821442	2.747008	6.738614
4.352307	4.290540	2.806731
3.723322	3.349941	8.163624
4.223692	4.919289	8.656242
3.573807	5.226095	4.317619
5.099675	6.369231	6.061342
3.792848	2.826330	7.137667
4.272512	4.739252	8.893903
3.120265	4.302381	7.619153
3.093342	3.209750	5.483077
4.968287	5.935225	7.657262
4.081670	4.510764	3.098177
4.328234	4.131107	6.142284
3.602696	5.749639	4.525069
4.710865	5.020079	3.214156
4.849058	5.496737	9.438655
4.891637	4.333757	7.393593
4.437651	5.051453	9.278916
2.828481	3.110749	5.931759
4.098875	3.861300	3.331058
5.165779	5.442014	4.114816
4.856110	6.707750	5.539982
4.067245	5.483260	3.395526
4.322077	5.295485	8.792875
3.121356	5.196977	6.979965
3.902722	4.493595	4.074449
4.580296	5.529566	8.981683
4.005421	5.052962	8.539002
5.483980	5.115205	4.651639
3.672659	3.593671	5.238653
4.464627	4.631706	8.269553
4.523553	4.849950	4.144299
4.720806	5.462915	8.372928
2.908219	3.616435	5.096020
3.903420	5.665612	8.601517
3.714496	4.665409	3.201579
4.186752	4.407882	4.891849
3.212763	5.404555	3.506089
3.770405	4.537968	8.559699
4.616461	5.491014	3.628334
3.343899	4.574165	3.598814
4.971675	5.363712	7.828046
4.098495	6.837654	7.258541
3.111454	3.528086	6.792523
3.136021	4.644269	3.581143
3.291841	3.608746	4.560329
3.788793	4.127723	4.403544
3.960569	6.379030	4.875898
2.947676	3.898623	7.222315
3.859511	5.561321	9.137085
4.875275	4.373468	5.870990
4.485725	6.552918	4.533895
3.239817	5.344333	7.598628
3.547970	4.760114	3.752348
5.193862	6.872429	6.176432
5.230218	6.421822	6.991299
3.365249	5.117783	2.932893
3.064277	4.839439	5.255260
3.687597	3.997586	8.915816
4.006254	5.016260	8.866370
5.304898	6.258487	3.811558
4.003172	3.575836	8.370828
3.765366	4.846435	8.949443
3.667249	3.841848	8.113147
3.727757	5.272850	2.927963
2.391745	4.754069	6.622398
2.864653	4.559900	4.359161
3.214769	3.399667	4.501600
4.117271	4.839393	9.025586
3.619745	5.001038	4.562513
2.980544	4.776650	4.621610
3.014835	3.884254	3.724816
2.735364	5.660266	5.888412
2.709751	3.447220	6.545628
3.468676	4.597654	8.536770
4.323882	4.571485	3.052084
4.694718	5.888279	8.062557
5.064890	5.071108	4.837064
4.050860	4.400437	3.602060
3.928127	5.857305	8.463522
4.552827	5.710645	3.150786
3.401194	5.970390	7.836896
3.597170	5.024799	8.914543
4.231737	5.274657	3.078440
3.479936	3.272675	7.063414
3.667210	4.600679	8.758086
3.975275	4.737500	8.859418
4.301176	5.974222	8.261375
3.221228	3.330976	5.791145
3.233266	3.934270	7.864325
4.015974	4.932235	2.799968
4.572385	5.358888	3.256045
3.794834	5.495323	8.492977
4.245080	5.943445	2.972885
3.987610	5.213884	2.890622
5.132293	6.621204	5.764879
4.052663	4.824357	3.245664
4.952056	4.887664	4.508776
3.987261	4.874379	2.971845
4.419558	5.360124	2.963329
5.275934	5.513624	5.522152
3.317757	4.776481	3.415619
4.663477	4.013995	4.255055
3.066716	6.082335	7.123357
3.693848	4.335195	3.635351
2.324475	3.588312	7.102022
3.514220	5.365538	3.256724
4.681803	6.529424	6.984870
4.844046	6.086169	7.922881
3.928233	4.889818	3.246935
4.292689	6.300021	8.416740
3.088006	5.089478	5.234805
4.063147	5.251515	2.535744
4.284683	4.999494	8.752817
4.147613	4.484492	3.231815
5.061263	4.976105	5.159072
3.926338	5.400505	2.853779
3.342938	4.506622	3.876498
4.643509	4.958618	8.134762
4.102930	5.771802	8.951333
3.756184	3.466635	6.307232
4.127259	4.888241	3.316477
4.498710	4.050239	6.685383
3.293156	4.130743	8.645155
4.030383	4.810796	3.382281
4.314699	4.923532	3.257254
3.457663	4.440590	3.022422
4.816451	6.380552	7.298960
5.021076	6.182455	3.584141
3.815504	4.885201	9.263989
4.136054	4.674591	4.419782
4.649410	5.424455	3.428005
4.349055	5.760859	3.208692
4.743217	5.548819	8.766964
5.402645	6.351330	6.784829
4.262045	5.846318	8.763829
2.883857	4.493891	4.575915
3.000141	5.952753	6.258286
3.956333	4.377823	9.387405
3.643199	6.037034	7.637439
3.354561	4.742334	3.168890
2.912282	5.793240	5.503983
2.569501	3.785413	4.401853
5.006976	6.141966	5.243473
2.362589	4.379147	4.776444
4.595534	6.095705	4.536263
4.191481	6.407917	5.709493
0.147677	4.141974	2.010627
0.239084	8.531162	9.052713
0.066847	7.193734	5.833563
6.925439	8.862353	3.818597
4.905014	2.418908	2.486392
4.740148	6.573156	7.406561
3.612588	5.703778	4.376873
5.504966	4.158798	3.285993
0.068599	4.315910	7.640092
6.042819	7.236887	3.865105
0.975710	4.127850	2.065115
6.115132	2.390124	7.509544
0.099511	2.310891	2.614136
2.743841	6.794864	4.739498
2.124744	4.857648	4.354240
2.811864	7.949162	6.093865
6.581173	4.846025	8.496722
2.040139	4.704462	9.603822
6.485881	6.440641	5.521957
0.346118	6.246229	2.691579
2.286424	7.185572	6.549466
7.849020	7.960733	3.633552
6.224112	8.459015	4.803060
5.168355	5.870888	3.927254
4.297339	6.242295	7.630105
3.465089	1.019457	8.935608
5.986948	4.665279	6.411648
5.001857	8.826493	8.180602
4.819477	8.648575	9.184743
6.693169	6.583169	6.700730
3.649047	2.200441	3.953825
3.345969	4.998529	8.097092
2.958734	3.198026	5.853427
1.893337	2.321265	2.645224
5.635908	4.819680	4.526159
3.893034	6.827606	6.183399
3.268495	8.554715	5.881385
7.731308	5.242022	3.773890
1.263913	5.637020	3.574088
5.647684	7.044453	7.133981
7.902943	5.883526	6.727756
6.594096	4.902724	9.821351
0.528608	5.155484	5.042894
0.293922	3.413258	7.078861
4.380366	7.313022	3.071835
0.518954	1.541383	8.302679
4.998867	3.416423	6.158898
4.806135	1.986769	2.981589
4.528350	5.865757	2.792018
5.219546	6.591214	8.020031
7.655620	1.211829	3.644243
3.239964	4.931489	9.766852
6.663505	8.319682	7.917703
3.394981	2.880388	8.391453
2.364917	6.050857	2.557082
7.247616	7.583896	3.399522
1.560892	1.237168	3.542687
3.324725	6.549840	3.809898
2.164782	5.917770	6.186419
3.523791	6.270064	2.548168
3.033041	1.192814	4.945394
3.673827	7.085211	8.011170
3.102429	1.072459	7.676223
3.655725	5.109436	5.665458
3.027746	5.551334	8.997027
2.085648	6.212588	3.658279
1.947570	8.197222	2.589097
5.839764	8.812980	3.848819
6.503807	4.287180	6.816463
7.925489	4.970481	7.891466
5.757774	1.474187	6.300959
1.350257	3.175405	2.714363
6.208442	4.091153	2.416483
2.727904	8.338772	7.255049
5.569301	6.516399	9.899504
5.227510	3.825302	3.668451
2.229945	7.436368	3.138924
1.588607	2.634593	2.285258
6.761496	5.565892	5.584489
5.177558	6.846098	2.691733
1.675007	6.365260	4.128868
5.055950	8.050260	2.034471
7.185051	8.166285	5.293623
0.427887	4.053081	2.318836
6.308715	6.205154	8.056951
0.752336	8.022360	7.686031
4.613216	4.901828	2.136373
2.305616	3.857912	8.232310
3.360798	2.749647	5.477155
3.350907	6.806436	8.531748
0.081745	2.135389	6.943999
5.651048	2.481254	9.795419
4.195425	1.677462	2.286860
3.776550	2.721644	8.878710
4.428473	3.604256	5.780379
0.494212	3.738295	6.922602
3.009409	3.732902	4.885940
7.434816	7.082591	8.125157
3.755301	7.160055	4.889615
3.428408	2.808127	6.514049
5.340821	7.391849	5.590423
5.084185	7.153220	9.791003
5.764883	8.843673	7.276675
4.240503	2.134347	9.240798
3.785860	2.725537	2.259305
7.828182	5.385925	6.178330
5.443307	5.504064	7.797266
1.739615	7.421380	8.518893
4.966182	6.883369	2.242379
7.734820	5.127564	9.235289
6.933209	4.697482	2.753121
1.328230	2.296508	9.045739
2.267668	2.152254	2.334544
1.776223	1.747858	5.628522
2.692205	7.172284	6.886917
7.100041	8.843275	5.478454
7.456562	5.909043	6.097361
3.845555	3.698244	4.542339
5.011369	4.427593	7.510496
3.696228	2.560840	2.406265
1.196681	7.364274	9.282987
0.868207	8.909547	8.814994
6.040408	6.882882	3.239823
6.794115	8.834135	6.958676
1.438934	5.231658	9.349526
4.777656	7.419014	7.673369
2.514086	7.834260	5.580193
2.508799	1.559883	8.882029
1.912738	4.067013	7.336459
4.777666	4.284590	6.456712
7.152636	1.719471	2.900827
2.487059	2.491179	2.631242
3.097040	6.321708	2.036087
5.355904	6.756270	3.595031
7.650566	6.689749	6.330359
0.547520	7.661823	6.872569
5.563601	5.192791	6.233698
3.483101	5.579983	6.043569
0.081248	8.318767	3.339103
6.525264	7.173152	4.051804
3.466049	7.764968	3.631884
5.316725	8.076140	5.675383
0.285021	2.477803	2.519517
2.203333	3.209787	5.145827
1.477306	8.696429	3.688025
0.227824	8.160012	8.283869
6.650543	6.438319	6.022313
0.423176	1.986885	2.576174
5.507519	3.577204	3.196035
7.779031	4.291990	9.006991
