3.811459	4.305432	3.335946
4.490530	7.247342	4.996818
3.525024	5.743494	8.940474
5.135683	6.154856	7.090356
3.635801	4.924258	9.199481
3.803762	5.191221	8.846219
4.560894	6.381863	7.480485
3.989565	5.847959	8.749445
4.564145	5.158188	8.733555
3.718023	3.722377	4.009220
4.188037	5.019439	8.461577
5.415026	5.518171	7.242673
3.401552	5.508114	3.601263
3.838438	3.589766	8.922735
4.014340	4.580385	3.436740
3.048877	4.728599	5.084664
4.927231	6.632078	4.392123
3.132817	3.838709	6.761241
4.158998	4.953192	8.996267
4.474484	4.453123	7.462887
3.834847	4.275476	3.541176
3.726163	5.413258	3.516587
5.286768	5.629106	8.299452
4.296246	3.663892	5.640512
3.293684	6.002508	5.802787
4.246760	3.427336	7.594052
2.814113	3.467795	4.871265
4.334001	6.187479	3.622454
3.527179	4.052869	9.176483
4.565634	6.075918	3.604359
3.958536	4.396450	3.138615
3.736897	5.838841	7.416270
3.876913	4.773154	8.556115
4.080599	5.624749	8.772789
3.956203	5.367585	3.761908
3.670623	4.548580	8.585448
3.955289	5.162322	2.631865
5.526037	5.793595	3.999966
4.029926	5.980097	4.990129
3.277716	5.348126	8.124591
4.436079	6.924112	5.444367
4.552323	6.371783	7.998252
3.279369	6.460869	5.390547
3.968338	4.889489	9.265109
2.401286	4.787721	6.492238
4.039809	2.947810	6.667794
3.788501	3.489195	3.619967
4.194044	4.127731	5.218713
4.203666	6.189807	7.168406
4.400768	6.202071	4.317425
3.718591	5.915436	3.426905
4.306667	5.245955	3.073848
4.191747	5.009053	2.793289
3.560054	4.030944	3.240613
3.809831	5.411927	8.928738
2.835411	4.924456	4.176661
3.315609	3.354542	7.698430
4.051670	5.529444	3.201556
4.960251	5.691821	3.626607
5.198900	5.905027	5.994490
3.939369	5.202349	8.579762
4.372592	6.450452	6.452919
4.039990	4.575669	3.416263
4.384325	4.767493	3.410857
2.964729	4.876104	6.528038
4.077849	5.277791	3.029418
4.425765	6.129379	8.354386
4.196817	5.290883	3.121928
3.067666	4.804401	3.880156
4.007743	6.086077	8.523756
4.130351	6.318805	7.782922
3.743672	3.773241	8.362935
2.401690	3.703886	6.214222
3.902611	3.495013	7.450666
3.515260	3.385577	4.839680
3.678421	4.553068	8.583820
3.790647	4.190792	8.292984
3.965072	5.713893	3.869142
4.127956	4.959572	2.848687
4.265393	5.819876	7.739983
5.112746	6.265418	3.958763
3.490021	3.358532	7.064833
3.337641	4.382474	3.937491
3.443667	4.615361	8.685500
4.134103	5.698112	2.931712
2.821176	4.109634	8.417294
4.905499	6.500684	7.485495
2.725422	4.342747	5.520816
3.699621	3.922948	5.364798
3.909133	5.423706	8.797643
5.512381	5.755859	7.813983
4.176105	4.228072	8.658603
3.216525	5.584245	5.683029
4.569368	5.747672	8.951326
4.404665	6.068164	8.973399
3.024507	3.364544	5.812251
3.854341	4.168999	8.751706
3.350770	4.333460	5.995709
4.985808	6.398100	7.393917
4.485367	6.283964	7.368032
4.198510	3.956553	5.082230
4.676248	4.909793	7.426929
3.456031	4.864114	3.587975
4.182310	6.587713	4.241375
4.166739	5.997832	3.961938
4.719101	5.543477	3.501069
3.781664	5.794557	7.860332
4.425713	6.142376	3.220283
3.164136	3.559552	5.526613
3.911441	5.130098	9.360158
3.999617	4.831201	3.095387
3.636273	5.880627	8.169573
5.574462	6.772830	6.044151
4.216536	3.967362	5.464220
4.336587	5.050521	2.886957
3.754674	5.174129	9.390575
4.795904	5.815462	8.483976
3.527829	4.857012	2.875465
5.071905	5.204608	3.492511
3.664789	2.938611	6.856064
4.365929	5.760038	3.395363
4.717311	4.050507	4.427402
2.505630	3.249389	6.499074
4.764387	4.827495	8.672559
3.598568	5.703435	7.051056
4.821279	6.576964	6.955161
3.673671	4.968490	3.414074
4.491028	4.602970	7.674261
3.188866	3.409423	5.795880
3.892832	5.732225	3.788557
5.053518	4.811664	3.712256
5.290485	6.453733	5.024709
3.696324	5.213244	8.981723
5.222519	5.238821	4.532992
3.557311	4.673950	2.665519
5.317653	4.526962	5.928833
4.357970	6.449426	8.025867
4.280445	6.952028	6.027459
3.729515	3.364655	7.117337
4.766808	4.963701	5.209740
3.730423	6.040417	7.062527
4.585097	6.686782	6.709449
3.720180	4.451484	9.053457
3.743313	5.422677	3.005701
3.638158	4.997778	2.994511
3.683419	5.547203	9.059722
3.886904	4.984823	8.865046
4.171061	6.171241	3.707057
4.165893	4.963239	2.631125
3.773110	6.499268	6.741523
2.699400	4.306815	5.562104
4.863453	5.641762	5.976330
3.873934	5.119520	3.418728
3.764483	5.643202	3.576367
3.532335	5.072189	2.927146
4.007060	4.926961	8.507542
3.043598	5.580015	5.611096
4.490290	4.370410	3.123309
4.042705	4.640638	3.182362
3.722261	5.552545	8.203632
3.188594	4.396980	3.685460
3.440208	3.781600	7.531778
4.722549	4.114135	7.083441
4.021052	4.403215	8.506542
4.599695	3.984047	6.142191
5.322698	7.176045	7.034214
3.678804	5.567570	8.730219
4.056735	4.176211	7.916186
4.475497	6.137772	8.591269
3.978851	4.245980	8.482542
4.313315	5.395798	8.852547
2.776022	4.282443	4.433124
2.938743	3.476333	7.701471
5.261904	6.480275	5.590363
4.619411	5.676373	3.121761
4.665803	5.007464	8.727468
5.253672	6.704079	4.687536
3.594190	5.037382	2.962782
4.843021	5.872299	6.958036
4.676262	4.784260	8.395085
5.409545	5.191387	5.661038
4.660730	4.078763	4.300530
4.086935	3.921173	6.945449
3.605442	6.459196	6.433349
4.465945	5.426322	8.744733
4.306385	6.010401	3.117779
3.687674	5.771893	8.043318
3.573852	5.136771	2.801140
5.197189	5.119405	7.632017
3.839668	4.130599	3.500545
3.574140	4.322625	8.213477
5.313237	5.958989	4.564868
4.494445	5.980231	4.537600
2.871779	4.490683	7.073500
4.437250	4.868120	3.028263
5.629749	7.122885	6.490060
3.086423	3.664306	4.807176
3.454427	2.804952	5.804860
5.087657	5.805306	8.654114
3.814936	4.839076	8.956395
2.951484	4.546183	7.676378
3.761372	4.946736	2.953508
5.114409	6.321153	3.417148
3.679958	3.093153	5.784311
3.513902	4.204905	3.787453
3.252291	4.017833	7.209480
4.145888	5.102747	3.415106
4.326704	4.931457	3.112381
4.669640	5.319741	2.703081
3.860636	5.582381	8.470054
5.086927	4.814871	6.436454
3.172741	4.362473	4.175609
3.168272	5.238844	6.797045
4.435728	5.076579	3.208604
4.802962	5.965864	7.826482
4.175953	4.199473	8.457525
4.092830	5.709280	4.020744
2.822407	3.271839	4.800379
4.872672	5.668627	8.070438
3.868721	5.540770	8.796551
4.068772	5.258448	9.063268
3.381214	5.065549	3.441962
3.800448	4.355134	3.671170
3.082686	4.551850	7.807938
4.108838	6.040314	5.144766
3.917165	4.783632	9.062412
3.501306	4.996454	8.232513
2.892629	4.900168	7.078103
3.728503	4.934966	8.840699
5.274120	6.191639	6.589933
4.659099	5.866465	7.723698
2.660628	4.383034	8.369185
4.190558	4.738042	9.180471
3.778916	6.058731	6.807870
3.683887	5.633091	2.587892
4.226669	3.670779	7.379897
2.518695	4.998356	6.224215
3.469807	4.838558	3.846310
3.176534	3.784352	4.802355
4.009616	4.771384	8.850684
3.937386	4.587699	8.812065
3.395676	5.458923	6.535728
4.165812	6.486272	4.245437
4.814755	6.369026	7.822926
4.518343	6.285607	8.487864
3.055639	4.546020	6.018369
3.723892	5.607128	8.412999
3.058203	5.047470	9.100146
3.384832	4.545442	3.928701
3.185629	3.471801	6.830598
3.699571	5.726992	9.196716
4.912612	6.413683	7.582351
5.648814	6.304124	7.149365
4.733685	6.672877	6.223448
4.913672	6.775657	4.900049
3.680935	5.604772	3.417895
3.395649	3.478008	4.810249
2.950747	4.796357	4.428959
3.797038	4.040178	8.515522
3.869754	4.117679	3.336139
3.039483	5.196902	4.243503
4.033077	4.424083	3.040957
3.606703	4.753156	8.563916
4.070430	4.329345	9.598218
3.572488	3.555008	5.180991
4.648996	4.805593	3.548725
4.067430	5.240526	8.683954
4.224806	5.427839	8.829273
5.220081	4.954934	7.745191
3.750581	5.207793	7.542082
3.488864	4.345365	8.165693
3.141372	3.693116	7.736988
2.801041	3.687990	5.441571
4.045198	6.089381	4.628479
3.965243	5.238223	2.510086
4.444913	6.077127	8.901071
3.502557	3.633814	3.716724
3.856940	3.606512	6.374291
4.916224	6.050649	7.104886
3.768996	5.366879	3.075747
3.932655	6.457716	5.495989
4.755074	5.441555	3.314750
4.319163	5.833422	8.614036
2.536110	3.293225	7.185195
4.801393	4.955949	6.424843
3.015214	3.873106	4.441238
4.326577	4.871827	8.889740
2.965642	3.908703	5.469892
2.680897	4.316991	4.385802
4.585069	7.023775	5.921451
2.823579	4.109058	7.462903
2.839238	4.228236	7.057569
4.523666	5.134061	3.513801
3.835777	4.983915	9.395501
4.474132	4.769515	8.738092
4.680831	4.564465	7.266750
5.274921	5.262043	5.268202
4.144018	5.115470	8.859725
3.082021	5.419450	4.313344
3.775833	4.503585	3.872503
3.697725	5.427465	3.094378
3.523241	3.287633	7.715183
3.596629	3.486335	4.095391
4.129863	4.474835	3.196495
5.097713	4.263064	6.242126
4.275650	3.885702	4.720999
4.872888	4.627517	5.169804
4.580998	6.384328	4.070728
3.224013	5.608232	4.921050
4.343463	4.992439	8.730818
5.097195	5.034053	7.736406
3.614610	5.616990	4.704263
4.634638	4.017889	6.919882
4.624167	5.188740	8.789138
3.277637	3.796076	8.313786
3.186295	5.446942	5.217709
4.580158	5.138296	8.799269
3.893889	4.164391	3.141864
4.861994	4.641597	4.037304
4.710792	4.624936	5.419268
2.731976	4.433667	4.960326
2.798898	3.463259	6.496420
4.453398	3.749003	6.707061
4.070885	4.747754	3.381529
5.140086	4.782969	4.796421
4.968467	6.075311	3.711904
3.579228	4.471726	8.217255
3.254289	5.251540	6.971886
2.977529	4.329622	7.600803
4.184215	4.892814	3.171795
3.880259	5.547065	3.142954
4.663999	4.364492	7.511631
3.146145	3.813462	7.900241
4.007150	4.832438	9.332639
4.231849	5.202480	3.267129
3.731803	5.743593	3.593504
2.500132	4.577010	4.905864
4.465126	5.652975	8.863893
5.006190	6.902112	7.570005
3.506219	3.843544	4.142444
5.032886	4.762080	7.892040
5.280576	6.143376	5.644526
4.281160	4.761187	8.520919
4.699440	4.739819	3.336176
4.448421	5.426800	3.047295
4.287878	5.575124	2.966411
2.843696	5.049420	8.106012
3.158092	5.283063	3.692622
4.249162	6.207157	8.309286
3.073184	4.923074	3.464840
5.262103	5.176214	3.461674
3.794429	4.493314	8.886462
4.059824	3.609301	4.198141
4.115105	4.973057	8.972604
3.810126	5.155029	3.216672
4.072562	5.027788	4.218809
4.383486	3.540402	5.182241
4.131175	4.295264	3.960509
3.491517	3.340046	5.199794
4.248891	4.697328	8.553060
4.155110	3.851469	3.499000
4.070360	5.424862	8.927505
3.675633	3.440368	5.672437
3.776991	3.797065	3.248338
3.409431	4.242150	3.058700
4.199897	4.883215	9.134503
5.318836	5.606794	7.494874
3.530202	4.261518	3.328955
4.107480	4.296138	8.759084
5.036599	5.993914	6.349982
3.657900	5.130221	8.518765
3.334422	3.569531	3.617726
4.707826	5.864756	3.394639
5.260590	5.337820	7.091718
4.262505	5.688443	2.875115
3.488066	4.649877	8.472454
4.636403	5.712081	3.054902
5.039552	6.214083	4.312450
4.626244	5.223568	3.813256
4.319358	4.130672	4.496084
4.172693	3.997417	8.482920
4.555165	6.649006	4.798883
3.047689	4.188201	4.913867
3.621353	6.208345	5.608378
3.871424	5.236359	3.550257
4.186227	4.728662	2.496985
5.182196	6.448762	4.732684
4.080798	5.206679	3.280756
3.964134	3.166639	4.018116
3.964725	3.551824	4.705682
3.379253	4.301371	9.431108
4.491470	5.199389	3.418594
3.298325	5.399370	5.173431
4.084282	4.451024	8.586165
3.288537	3.696312	4.059392
3.367528	4.375849	8.624519
3.748587	5.704969	4.316801
2.925864	3.651779	3.590148
5.149923	4.547139	5.817955
3.977550	5.123714	9.212339
3.478325	3.410204	7.964507
3.953705	4.801336	3.169929
4.229079	5.061573	3.104047
5.625831	5.819729	5.143509
4.005062	4.276973	3.602792
5.100319	5.422931	7.991123
3.198303	2.842612	6.393222
3.906134	4.829162	3.257273
5.177239	5.643127	7.504832
2.558285	4.471872	6.727883
3.812937	4.695756	2.973706
3.607881	4.909262	3.195776
3.945962	5.226095	8.887836
4.326161	5.610743	8.874427
3.664015	4.085401	3.364756
2.627513	3.569732	4.201792
4.215570	3.950465	3.632410
4.148985	3.706743	4.523396
3.898644	5.920496	4.788608
4.187880	5.887265	8.340448
3.685848	4.676799	9.139803
4.630824	5.727532	8.490185
3.538572	4.956825	9.336961
3.937552	5.286728	8.614122
4.729381	5.314938	3.670173
3.775000	5.038984	8.884380
3.298675	3.746725	3.611931
4.099686	4.914251	3.208962
5.573149	6.160186	4.828391
3.961145	6.072948	4.298058
3.482653	5.718267	8.024373
4.911248	5.088109	7.177823
4.276318	4.059239	3.856469
4.014990	4.694332	3.023689
3.618026	4.736750	8.680672
4.459371	5.854958	3.563630
2.816871	3.859545	6.181917
3.527640	6.961866	7.424335
4.056461	4.980694	9.330208
4.406467	6.527027	3.836180
3.603708	3.167519	6.031994
3.935026	4.604781	2.859007
3.812806	5.822281	7.101985
2.985922	4.121416	6.103531
3.681591	4.951604	3.258594
3.683651	3.726048	8.125098
4.520598	6.537063	5.421365
5.532042	6.439877	6.012612
4.297897	4.604298	2.747753
3.329193	5.328450	4.120243
3.555164	5.641931	6.008952
2.729036	4.551684	6.680237
4.592264	4.663654	8.596233
3.433057	5.648849	6.944766
2.985622	4.298315	8.533353
3.336566	3.733253	8.193654
3.159410	5.551814	6.911380
4.699625	4.815887	7.867020
4.907245	5.776093	4.237290
4.061289	4.256648	8.591687
3.506599	3.462578	7.574370
3.596751	4.690381	8.785360
5.107945	5.697580	4.934858
3.653592	3.711158	4.583562
3.926442	5.261539	3.312224
4.552744	6.323176	3.855643
4.751684	6.655734	5.521185
4.943957	5.258518	4.501549
5.081872	6.902045	6.129841
3.933771	5.870375	3.832285
4.772244	5.815133	4.237290
3.624791	4.453127	8.935113
4.670173	5.560719	8.081999
4.943769	6.732494	5.833128
3.995234	4.669372	3.179535
4.177458	3.455265	6.819003
5.182124	5.618944	6.166619
3.585163	5.438214	3.029354
3.135876	6.057417	5.043047
3.918501	5.369767	3.506331
5.088212	5.340973	5.874764
4.543085	4.993319	3.214907
4.751962	5.028424	3.834291
3.339297	3.597814	6.727019
3.826464	5.063510	8.799770
3.900190	5.644915	3.147303
4.047842	5.772130	6.218689
3.062153	4.572877	7.665052
3.514127	4.143420	3.609803
3.127567	4.932094	3.353770
4.016632	3.646338	8.078655
4.389454	5.141672	3.506178
3.638246	3.374587	6.868210
3.796411	4.911158	2.762872
3.000841	5.483619	4.371482
3.811302	5.081300	3.119688
3.637844	4.594686	9.057505
3.961238	4.207186	9.049350
4.420551	5.138344	3.699010
3.795324	6.520076	7.300062
1.120865	5.987025	5.108352
6.863794	4.116526	5.024898
0.779630	7.386740	6.279395
7.228433	5.040202	4.247870
2.773153	5.193372	9.370397
3.306520	2.182731	6.101928
7.861968	5.089409	7.799759
7.819267	4.214023	8.773289
0.038334	8.420685	2.947452
3.366145	5.148604	8.805514
7.159790	5.346012	3.109876
0.408066	4.764412	4.826913
0.408028	6.640598	7.811991
0.769255	5.211240	2.174062
2.190665	5.046680	7.125512
5.787352	8.862664	9.583145
7.485452	7.915648	2.129908
1.826808	4.783742	5.450569
2.363009	3.370762	4.557491
0.195360	2.668289	3.157236
2.997442	1.648719	8.082845
7.211130	5.432213	7.596706
4.544519	5.478436	4.271359
2.343363	1.932438	7.847940
0.751860	7.887797	6.374829
2.299135	6.417785	5.691237
5.576597	3.704632	5.130206
2.718653	6.413389	6.916243
5.494634	7.599894	9.387725
5.140754	6.280262	3.357858
5.743254	6.870386	9.135483
3.357648	8.830134	6.507592
7.869782	3.185267	8.886751
1.920274	7.334039	9.911273
5.119528	3.122392	9.256355
6.731578	4.079576	7.620776
6.856466	1.090385	9.372933
2.476654	7.716197	4.641363
4.041142	1.658803	7.822912
3.343005	2.139287	5.796614
0.095219	4.418734	5.803935
6.448839	3.611127	2.421852
1.000175	8.865540	2.314916
5.730188	8.261058	4.508119
0.176433	5.759480	7.007649
0.464798	6.358877	3.452703
1.047861	6.476956	9.423357
4.366393	4.847730	9.375393
4.555125	5.120682	4.583173
5.577867	8.790152	6.205553
7.333666	2.558576	2.704047
3.565077	6.903264	4.253752
7.841463	3.618193	9.030479
3.814129	7.060984	6.608511
7.123009	8.160783	9.024186
1.739997	4.093102	7.937620
6.656529	4.090708	9.948789
0.425785	4.028993	2.763890
1.725658	7.604279	4.831376
6.041578	2.889153	6.256864
7.985900	5.367315	3.239619
3.247662	4.427359	6.937505
7.184167	7.914779	3.156067
0.941093	8.613239	2.706238
6.552380	4.431099	4.584596
1.815928	6.089748	4.356879
0.189801	4.528397	3.277216
1.295435	3.366601	4.378617
7.733836	1.535083	9.859054
0.127796	2.762644	3.868465
5.119549	5.341187	8.726123
7.341343	4.737121	7.178055
1.623667	8.048259	2.279847
4.238764	2.792078	2.854569
6.234125	5.705924	8.400912
2.325094	6.636423	3.974143
7.810036	2.279538	8.629575
6.215906	6.517123	3.636735
2.033374	8.647848	4.532717
4.050034	5.669435	2.599398
5.217854	2.991486	2.975113
2.966924	7.905299	8.741070
2.334775	4.615822	4.673973
0.099843	6.000518	4.309159
5.894196	3.048956	9.679882
0.801043	6.880503	6.672788
4.707580	4.609390	3.926148
6.142328	5.686316	3.146492
0.500540	4.226263	6.691849
0.995895	5.535623	8.742843
1.803792	7.434821	9.322616
4.451811	5.400411	6.316821
6.383070	7.360117	3.849786
6.515830	5.363183	6.181375
5.260670	2.199935	5.181940
2.628482	4.316951	4.825306
2.596111	5.074540	4.783726
5.104591	7.233422	8.512062
4.116805	1.632517	8.465110
4.413954	6.175388	7.835782
0.010374	7.633761	4.609840
3.669577	1.588082	8.632544
6.872287	5.408306	8.177129
7.520492	3.373898	2.922218
1.523606	5.265525	3.711579
6.364150	2.486239	3.139184
3.565438	5.637065	4.858244
3.408951	5.415630	2.515019
4.560659	8.185993	7.940356
0.249128	2.498087	4.166718
7.648279	2.840742	8.773595
2.445268	2.522240	9.713044
0.866001	7.145381	2.612166
2.145606	3.960618	4.266350
5.733261	1.087132	5.011807
2.414162	5.443288	7.228374
2.762107	7.471321	8.940219
1.747368	3.886911	5.488179
6.028941	7.310263	4.176572
4.721712	4.474944	4.127746
2.161210	7.311261	6.098738
0.617139	1.939994	8.059001
0.949560	6.184940	2.024803
2.925505	7.251284	4.515340
3.187449	6.855401	5.500535
3.286534	5.321249	6.958184
4.786083	8.592993	5.068947
0.329967	7.342177	2.049985
7.565036	3.466232	8.037298
0.173939	2.156208	8.106782
5.589330	3.690095	7.837024
6.810032	1.113609	7.265544
5.555663	4.846118	6.879133
0.749156	3.607454	8.623609
6.818144	1.052560	3.479621
4.607525	4.250746	4.388916
7.408967	4.289421	2.680684
6.253129	5.665582	3.632400
3.976780	4.500590	8.558656
3.349309	8.226158	3.515332
0.608758	7.525310	3.184419
4.051835	1.859130	8.984411
1.222150	6.360372	9.944503
4.576883	5.304528	4.308494
3.163485	2.786892	7.198140
1.886922	2.765448	2.700986
2.510701	1.580710	2.516452
5.545382	6.746056	8.541192
3.772141	8.879953	8.269435
4.515495	4.155414	5.657278
