4.216153	5.061035	3.562032
4.279170	4.135821	5.585120
3.435338	3.472329	7.701347
4.549938	5.309897	3.503939
3.322942	4.571597	8.035403
3.036321	4.201607	3.784789
3.144945	3.412321	4.597270
4.463541	4.909761	8.919170
3.617544	5.942938	5.906437
3.948140	5.842511	8.595749
4.960531	5.189353	7.655201
2.878730	5.487695	4.054102
3.355745	5.378149	3.144493
3.636455	5.239735	3.775327
3.396918	3.561403	3.833215
3.940570	3.758904	3.831679
4.904800	5.477683	3.253470
4.397442	6.734710	5.985183
4.108296	5.184619	3.076275
5.026226	6.566793	4.389527
3.902136	5.119876	8.601639
3.663879	3.368550	3.856409
2.473594	4.594047	5.306825
4.563824	5.294860	3.305487
3.779960	4.810565	2.986419
2.908341	4.370807	4.980257
4.002226	5.253897	3.347158
3.483237	4.493425	7.977646
3.823744	5.239940	2.602504
4.016592	3.391509	6.853778
4.410179	6.581051	6.215099
5.083722	5.884881	3.479748
3.965599	5.648915	3.102314
3.384129	4.127925	8.796543
3.890633	4.923258	3.102449
4.132435	6.613200	6.287176
3.396315	3.391345	6.539682
3.433151	4.715587	8.557274
4.942239	5.049381	4.008494
3.899741	6.665465	4.620525
3.088628	3.745575	8.035384
4.887899	5.304720	7.441457
3.550536	6.236443	6.843947
3.734594	4.560116	9.254736
3.998170	6.048086	3.958003
4.061417	4.236987	3.439983
2.560258	3.326280	7.720863
3.507909	5.911545	5.235985
3.140584	3.947029	8.229208
4.162644	5.022609	3.216149
5.242028	5.796429	7.141796
4.646330	3.987397	7.300662
4.059803	4.955410	3.307064
3.479756	4.723238	3.149325
3.519340	4.998214	8.741679
2.832548	3.716935	5.418732
3.376486	5.273093	8.757525
4.268040	4.624577	3.983861
3.100312	5.231894	8.507226
4.310426	5.298642	8.948636
5.320633	5.536003	5.640691
4.150662	5.392323	2.992862
4.289362	5.372841	9.161890
4.297509	6.719036	7.509290
4.606265	6.020752	4.521858
3.934295	4.451845	8.801098
4.819696	4.376135	5.738818
4.605435	4.406030	8.256459
3.757957	6.732016	4.196035
4.877037	6.313497	7.156804
4.570833	5.646609	9.271902
5.565271	6.514746	6.920453
4.055468	4.861890	3.405536
2.881800	3.849427	8.112270
4.815108	6.353239	5.151444
3.532541	3.334912	6.721431
4.645939	5.251770	8.355220
2.621960	4.336797	5.171084
4.295613	5.372796	3.151575
4.582484	6.368156	8.087214
3.102644	3.690961	3.424569
4.704020	5.763718	3.010589
4.269827	5.172453	2.708994
4.480867	5.640783	8.677713
2.825510	4.879223	4.465878
4.276910	5.502389	3.056462
3.029098	4.741836	3.424407
2.971786	5.081868	6.727887
3.348318	2.977533	7.458512
4.455057	5.390219	8.903820
3.835227	4.777125	8.917095
4.119063	5.261855	2.676794
4.962699	6.802739	8.350161
4.740836	4.413281	7.262822
4.463737	4.149772	3.669012
2.804372	3.901715	6.282301
3.956735	4.972187	8.647847
4.971303	4.331906	7.658702
4.175813	6.034625	4.329578
2.648903	4.263641	6.972155
4.463873	5.720290	3.533273
3.557022	5.086281	9.020654
4.126533	4.828762	8.779599
3.457230	4.212519	8.193319
5.582040	4.934935	5.906325
4.666796	4.106045	7.724177
3.654671	3.434318	4.663787
3.558586	6.165874	4.171505
4.765172	4.211122	5.741688
4.225364	5.237546	2.562644
4.460113	4.736864	3.078528
4.662344	5.650460	3.428273
4.196274	5.431312	8.987150
4.648778	4.764968	3.275117
4.817056	6.643714	7.681467
3.657728	4.734731	2.830991
3.811615	5.079990	3.156821
4.728022	5.662369	7.811809
4.794536	4.404717	5.923133
4.952389	6.768664	4.868599
3.642975	5.936457	5.008548
3.886677	4.524332	3.532792
3.539423	4.981874	8.794194
3.775401	5.646477	3.534140
3.984637	4.747452	9.241663
3.156399	4.804714	3.526648
3.786713	3.728617	6.994918
3.379047	4.723032	6.041629
3.745971	5.990061	6.036776
3.831329	5.422914	2.441083
4.774567	4.807898	3.799893
2.943962	3.570371	7.711048
3.334190	5.936286	7.619173
3.600009	3.698102	8.058480
3.831656	5.129535	2.905555
4.028399	4.571359	3.052588
4.167509	4.135620	4.914313
3.229855	5.150475	3.442501
5.065298	5.269347	8.339820
4.132013	3.643617	8.231478
4.101358	6.260210	4.666717
3.569711	6.454571	7.573090
5.346136	4.604905	6.955571
3.790128	3.190639	5.879165
3.032850	4.095559	7.233527
3.550763	3.180129	4.134100
4.562106	6.689008	7.528714
3.914817	4.188624	3.618334
3.860934	5.902886	3.399566
5.250097	6.592728	6.268238
5.625688	5.818299	6.162647
3.367810	6.091231	6.651983
4.170469	5.430011	8.656708
5.020916	6.193392	7.998832
4.323404	5.550426	8.270288
4.299669	6.042014	4.801532
4.047234	6.820501	6.743211
3.087030	4.043560	3.114283
4.247303	5.304688	9.049429
3.526204	4.316584	3.283017
3.844184	5.931639	3.335102
4.507458	5.345196	7.816599
3.832815	4.939474	9.083561
3.828641	5.792071	8.433585
3.330073	4.098010	3.701132
2.816936	3.530832	6.500567
4.446508	5.163327	8.865827
3.597090	5.835124	8.252420
4.333264	4.641730	3.264251
3.011681	5.343862	7.987239
4.771072	4.540584	8.194028
3.668132	4.796527	8.575792
4.374972	6.796899	7.215640
4.662394	5.525961	8.950492
3.710430	4.567205	3.020027
3.091702	5.517747	6.585376
3.715183	3.221366	5.487667
3.272835	4.781994	7.941556
4.145539	4.802454	9.227960
3.301484	4.840603	8.244731
3.819605	4.735181	9.032412
4.051648	5.227641	3.004991
4.278711	5.971750	7.591769
2.904815	4.688837	4.344981
3.025407	4.510585	7.723888
4.190543	6.315102	8.065020
3.207233	5.209920	3.633188
4.144919	5.030380	8.639532
4.115810	4.428865	9.185591
3.463664	4.464960	3.018941
3.345072	5.819838	8.779741
2.879615	4.710648	5.730657
4.504324	4.733044	9.339806
5.261744	5.857315	8.125413
4.343329	4.770365	2.730237
3.959281	5.067435	2.753276
2.274321	3.546453	7.088835
4.211676	4.247588	3.576801
4.944529	5.652457	8.644259
5.504784	5.900136	4.120144
4.537847	4.816254	8.599444
4.172610	6.313633	6.190820
2.602713	4.236104	5.179440
3.501294	4.245613	7.986094
3.037708	4.947206	3.382261
3.787133	3.763744	8.860608
4.929371	5.136182	3.018713
3.244657	4.448937	3.999156
3.719734	4.834648	2.933626
2.844606	3.877157	8.099347
5.334522	6.624253	5.869040
4.303874	5.338831	8.941897
2.798188	4.149197	6.530187
2.947618	3.832767	5.690663
4.859053	4.356302	3.995177
4.988906	6.891204	6.854692
5.208291	4.875223	5.920775
3.890904	3.974003	8.448331
3.670175	5.176978	3.019643
4.377304	4.994723	5.186372
4.327301	5.701992	8.533679
3.802815	4.747715	8.204822
3.709099	2.823409	4.697206
2.543550	3.963998	5.931622
3.663570	4.343594	8.991376
3.824278	5.289898	8.667130
4.809575	5.975406	4.490718
4.008412	5.008703	8.480730
2.969014	2.828151	6.192015
3.730825	5.023568	3.360696
4.823075	5.939591	3.686478
3.708427	4.711393	3.028659
4.551223	4.649066	7.926007
4.896720	5.917498	4.280001
3.331197	5.320814	3.576343
4.250250	5.639500	3.546822
3.864523	5.975493	6.509092
4.360578	4.910325	8.685448
4.064529	4.107573	3.636389
4.320977	4.776280	3.137254
4.279602	3.824977	5.074819
3.576612	3.315411	8.544381
3.722806	4.754077	2.989881
4.176441	6.924225	5.333437
4.333812	3.869498	3.373135
3.162708	4.821653	3.662510
3.376455	4.857636	2.633603
4.162485	5.938118	3.053348
3.532585	5.240202	8.866824
4.416067	4.618293	7.653701
4.272321	4.360992	6.675801
3.232001	5.944247	6.166678
4.576799	5.547249	7.515821
4.438372	5.386138	2.902972
4.002700	4.421413	8.673364
4.236630	5.057203	9.104771
4.442836	5.995185	8.081750
4.860278	6.362834	7.130898
4.424925	5.038002	9.007786
3.363162	4.178820	8.718222
5.572964	5.541995	5.639177
3.352388	4.379491	9.162565
4.650883	5.904604	8.430035
4.480762	3.717217	4.255212
4.697833	6.175345	8.234193
4.070934	3.407083	4.255783
5.926753	6.856663	6.237729
3.503726	5.112060	8.070350
3.938765	4.781392	8.707370
3.250772	3.345800	7.396877
4.159094	4.233073	3.601763
4.161801	4.683317	9.255458
3.854423	4.529471	8.463078
5.077036	6.969911	7.281888
4.677987	6.750146	6.592356
4.143651	4.859736	8.695309
3.553559	5.280895	2.766386
4.963125	3.875750	5.281627
4.761585	6.817435	5.753234
4.670452	5.508286	4.508727
2.927952	4.047022	8.209891
4.698735	5.433528	9.111478
4.226681	6.379033	5.977719
3.946323	3.839428	8.298662
3.623806	5.886556	3.717841
3.763589	5.552153	8.819214
4.473362	4.663433	4.711840
4.145361	4.419728	3.076940
4.955883	5.145151	3.795436
2.452434	3.809472	5.390116
4.141200	4.506710	8.421776
4.484376	4.816960	8.761969
4.634419	5.387040	8.625701
3.100192	3.049237	5.269814
4.733986	5.804187	8.539938
3.187600	3.570358	4.984049
2.769339	3.459510	5.944542
4.151386	4.750102	9.369013
4.922631	6.265210	5.573438
5.292733	6.415392	5.180707
4.877069	4.758004	3.741253
3.650289	5.241348	9.227965
4.263681	5.246689	3.080265
3.921295	5.009498	9.332911
3.751693	5.441424	3.170687
4.410481	4.636645	4.435023
4.518662	4.906857	8.763251
5.442081	5.336616	5.075173
4.464275	6.411587	5.907312
2.887773	3.924686	7.239721
5.382936	5.392636	3.926718
4.958700	4.434322	4.351550
3.644585	5.719184	4.330062
3.873007	4.476152	9.060683
5.164232	7.161968	6.222907
3.495912	4.196511	3.484328
3.619052	4.609834	8.784890
3.212590	3.936369	3.681405
5.103967	6.161882	4.897209
4.353205	5.510643	8.745981
3.775355	4.868343	3.010753
4.024760	3.709011	5.594479
4.025354	5.143209	3.242391
4.351529	5.853213	2.993050
3.125462	3.717940	3.681647
4.585267	4.740067	3.568814
3.683479	4.677643	3.332571
4.539259	5.400685	2.610553
5.183627	4.951205	6.108057
3.993903	5.736245	8.062600
4.202220	4.956557	3.108943
4.047577	5.122920	8.720526
4.055292	4.918845	2.602353
4.806227	6.914860	4.637460
3.035089	3.709228	4.584959
3.338825	3.568017	6.910846
5.040540	5.378133	4.561675
4.590185	6.300674	7.352288
4.244104	6.624447	3.418167
3.467451	4.833486	7.525355
4.834022	4.436376	6.881394
3.416306	3.511152	7.308038
3.979029	4.897576	3.126120
5.292910	4.869835	5.745787
4.330589	5.700328	3.334051
5.103886	6.185078	6.187147
4.627575	5.340636	9.213138
2.807755	3.686227	6.112200
3.960909	4.555727	8.744903
3.826800	6.482168	5.715249
4.155823	4.123755	7.733877
4.583205	7.049919	4.295062
5.459338	5.479537	7.538376
4.644747	6.402899	5.362765
3.703622	3.984989	3.125439
4.557627	6.110836	3.737392
4.977616	5.291174	3.923680
4.044736	5.619459	9.033271
5.326109	6.193370	7.621143
3.206059	5.710462	3.642510
3.798364	5.458301	3.634212
4.221187	4.630274	2.774370
4.933548	6.179949	3.579410
4.917913	5.319249	7.851336
5.104810	6.447678	6.935965
3.588518	4.503175	8.609438
2.280889	3.486225	4.202920
4.360465	4.067889	4.811403
3.990447	6.235825	6.858135
3.040337	3.540605	6.561970
3.601040	3.675051	8.512853
3.728152	5.564680	2.750846
3.477032	5.953705	7.328148
3.973518	6.488754	5.199152
2.857171	5.260528	7.744921
4.295342	5.502818	9.210345
4.611501	3.721801	6.016292
3.291793	5.704430	4.239030
4.437915	4.873006	7.674522
3.671685	4.683171	8.969905
3.433584	6.271320	5.734144
4.056004	6.012390	8.086669
3.393621	3.681407	3.955144
4.087619	3.899524	6.238534
3.960493	4.908777	8.790129
3.691699	5.639002	8.221698
4.861617	5.216079	7.745199
3.915792	3.667554	6.238985
3.896905	4.755206	3.340692
3.116838	3.843879	4.746750
4.264968	6.388126	3.915265
4.338562	4.498614	3.850174
3.039507	4.894606	5.422407
4.536288	4.203316	8.355738
3.868453	6.551848	7.729533
3.735692	4.983263	9.127006
3.027302	4.960148	7.471698
2.345037	3.350227	5.735771
3.451062	5.476196	8.132494
2.807792	3.195273	5.241938
5.267790	5.675350	6.279226
5.105939	5.042331	8.836756
4.746451	5.386191	5.383110
3.938516	4.504612	8.568686
3.874959	6.410013	4.320156
3.513790	4.049048	8.847620
4.124208	5.311162	3.216275
4.833434	4.766012	3.684273
5.156701	5.898875	4.963732
3.129988	6.075305	5.056988
3.223489	5.716320	6.416573
4.277305	3.157613	6.579325
3.385970	4.162613	3.598936
3.510546	3.567982	7.867057
3.989082	4.931767	3.283404
5.343912	5.316756	4.476341
2.950651	4.673938	6.433518
3.921792	4.955909	2.688168
3.643063	4.741380	8.676482
3.755129	5.227693	3.393895
3.189097	5.396818	8.297791
3.364256	5.212130	6.791284
3.020790	3.555528	8.356940
2.994798	3.210391	7.260538
4.600983	4.537564	8.297032
3.633124	5.138403	3.549029
4.726749	6.446947	7.021266
5.066241	5.489539	8.137709
3.443466	4.719935	3.557474
4.879366	4.344159	6.420831
4.207074	4.238653	3.215560
3.842657	5.913736	9.212277
4.045087	4.832444	3.029190
2.698799	5.178607	5.424126
4.320745	5.008928	8.728939
3.527739	5.712144	8.225249
3.779274	3.597574	4.299206
5.678532	6.826526	6.387927
4.959921	4.594332	8.230436
4.429393	5.606009	3.648621
3.229068	3.176885	5.769793
2.409492	4.324227	6.676268
3.557464	4.308851	3.010017
3.749945	5.846285	7.406901
5.674758	5.857996	5.472718
4.046290	5.820245	3.807763
3.839275	4.004946	8.711418
4.430305	5.905255	4.373349
2.811739	4.731653	4.623965
4.925014	5.622851	4.980753
4.044906	3.413686	4.079925
2.775686	3.877844	7.926088
3.493250	4.950414	3.166003
5.106536	6.224211	6.847671
2.963972	5.429282	5.144204
3.770103	4.531321	3.069721
4.371812	6.101615	7.920815
3.766342	5.240990	3.115007
4.032512	4.890251	3.253042
4.543707	5.688376	3.636261
4.028520	5.906678	8.575916
3.262800	3.807112	3.370002
4.501709	5.551495	8.868275
3.789671	6.560524	5.670795
4.646209	4.184076	6.952285
3.494192	4.006675	3.849949
3.280264	3.434209	5.216523
5.311953	5.896860	7.242826
3.757323	5.827885	8.030898
4.014249	5.091146	9.111428
3.691588	3.081371	7.192309
4.089666	5.109750	9.111198
4.322468	4.944200	2.835712
4.639540	5.850514	3.807607
3.148601	5.616735	5.593148
3.568248	5.132798	9.030784
2.945969	4.088398	4.329075
2.837012	3.458900	6.702991
3.814707	4.694506	2.758842
2.659786	4.828607	8.524614
4.107457	4.006897	5.183252
3.279830	3.602736	4.728388
3.994698	3.895609	5.378190
4.589490	5.240121	8.431106
3.491775	3.082987	5.687998
3.034686	5.119568	3.977786
3.611912	6.031297	6.643352
4.216759	4.776032	2.993678
4.835877	4.720850	5.138169
4.041639	4.750511	2.847893
4.264433	4.038172	7.202907
3.953187	5.657287	3.183194
3.297876	4.533518	3.388025
3.189447	4.315915	3.361228
5.050383	5.435588	8.054888
4.257682	4.283495	3.384503
3.435179	5.007992	3.197049
3.795732	4.568043	9.011741
4.521159	3.613234	6.088522
4.025718	4.085254	7.843855
0.295294	2.337074	4.796182
6.474929	4.656413	7.605916
0.692731	7.177050	4.608360
3.771752	1.658728	4.566562
7.700655	1.006437	7.050716
6.768215	5.254859	2.155559
5.792959	8.966874	3.349019
2.545995	5.255335	6.737825
7.584152	7.593106	9.975733
2.325297	7.991902	6.985107
5.228885	2.771779	4.766698
6.192985	2.731738	8.553769
6.705682	5.825588	9.422349
4.052270	6.414538	2.571790
4.882784	4.550276	5.458539
2.064703	7.978434	4.575857
3.152785	4.417288	6.359777
4.032867	3.123136	7.060754
3.629636	5.557343	3.890053
7.075500	8.996031	9.985965
5.125850	3.409673	6.257889
3.107921	1.529366	5.778954
3.594745	3.545182	8.893451
0.201650	6.116383	4.783645
4.044252	3.367902	4.802856
5.581638	5.092906	6.926469
6.772021	1.327636	8.340459
7.488017	5.882298	9.894033
5.770790	1.404038	6.086366
5.320364	4.047431	9.900075
4.495066	6.543110	9.181189
3.254070	8.103730	5.184767
3.544166	7.946921	7.050035
5.860009	3.607782	2.641697
1.523991	2.375760	9.108976
5.905241	5.086581	9.385065
5.029162	5.444018	4.287951
2.930169	4.023055	9.546398
4.695601	4.278621	3.939053
2.348811	1.069392	5.136624
4.332939	8.312054	4.972845
3.711527	2.951970	9.815724
0.559462	1.530859	8.170208
7.854739	5.279968	9.588001
0.422040	6.587056	8.679929
7.220792	5.634849	2.117502
1.093719	7.503661	3.794120
1.889831	5.306937	4.558472
3.725249	1.044233	5.097149
4.083966	8.648337	4.096453
0.388945	4.689712	3.029015
3.842950	3.154474	7.435675
0.267035	5.617835	8.740350
0.939302	6.947965	7.540435
1.390458	7.439997	6.617803
0.141741	4.304816	4.239391
1.278134	4.475039	6.695527
5.922078	3.336647	8.324298
0.115835	4.561989	4.392598
0.650105	5.219624	4.831871
3.822205	1.297686	4.998054
0.847896	3.255972	9.780996
7.737368	6.937908	7.043613
6.776416	6.344046	8.817212
0.706886	8.992615	6.691339
2.375992	8.838552	9.206276
1.230284	2.249807	8.238998
4.052003	8.399734	9.045758
7.155927	8.483027	4.073105
0.246183	1.072344	8.653630
2.019595	8.023282	8.545950
1.717046	1.261655	3.712856
6.861741	8.972871	6.753619
3.162202	6.760902	2.537704
1.232577	1.541637	3.425944
5.215605	7.005720	8.779731
3.848312	5.227080	6.624787
0.421660	4.673819	4.907360
6.372701	7.971857	5.718680
6.795073	4.018387	4.645692
5.148441	4.255078	2.873547
1.802088	6.320307	2.636340
1.193441	3.512077	9.306614
3.336130	8.769733	3.583632
0.280606	4.470002	5.124510
7.330406	3.289358	4.710370
6.036344	8.502571	7.777739
0.131051	7.986185	3.141951
6.943176	5.408973	2.354965
4.571683	6.630497	8.403810
6.210896	6.797199	9.586644
0.213780	1.348455	3.626766
5.056978	6.539611	6.012909
3.564635	7.975853	8.118179
1.014444	6.377802	3.761813
0.728722	4.600350	9.029472
3.550895	8.905188	4.327477
7.981156	3.371039	3.137434
1.492382	5.282482	2.673806
4.383076	8.888232	2.782691
0.489632	3.467708	6.483173
6.945979	4.988263	8.927701
6.326654	5.815851	6.584814
3.635136	8.793699	9.672505
0.586250	5.128190	3.674593
7.764937	5.436174	4.398528
4.730025	4.616610	7.075432
1.515354	4.457954	2.922983
4.817166	4.158456	5.343952
1.246131	1.914701	7.871858
1.751232	2.988958	8.597350
4.715569	3.120653	4.845430
3.501421	5.248472	8.743945
5.509698	5.184045	4.566414
4.733975	4.740857	7.284319
6.153272	8.704882	4.356614
3.050866	1.315601	7.984146
3.904671	8.011619	9.282240
5.566645	5.046143	9.625776
1.548166	6.996652	7.954501
7.627456	7.776835	9.959156
5.889904	6.639737	5.971486
5.273768	4.747552	9.750835
0.139047	5.168911	3.592485
6.854852	3.943988	2.438750
3.562733	1.093576	4.579584
2.646135	1.712757	8.122527
4.442700	1.865295	6.475346
1.670579	1.870080	9.798952
4.107549	3.607047	6.544080
5.142531	7.745070	6.935994
3.487418	4.401324	9.227654
4.957038	4.680213	4.270023
3.462858	3.039182	4.791167
1.851751	1.223710	5.309568
6.452446	2.673876	6.708388
3.036971	6.234141	9.326919
3.225879	1.897448	2.930228
2.994049	3.282774	8.582451
7.211545	6.281430	8.741560
6.651429	4.268098	9.448152
1.951857	1.968203	2.628440
5.907858	5.306248	4.280185
6.582490	3.741325	4.773241
0.951243	5.208301	3.659644
0.357499	4.203965	9.256175
6.990754	3.470777	5.075130
7.453484	8.087781	4.440342
3.972663	3.366686	7.051461
6.344751	1.154682	3.960763
