3.664070	5.922319	3.556120
4.724829	5.430955	8.272469
5.493659	6.693972	6.083939
2.970106	5.365494	8.210150
4.568344	5.028666	4.167903
3.886445	4.607327	3.298662
3.448373	5.345677	8.456683
3.291815	2.948311	6.502847
2.777750	5.206139	5.560460
3.962539	4.892213	8.751271
2.989661	3.019216	6.155166
4.908028	6.333431	8.731837
4.163563	4.990808	2.772529
4.086557	5.197736	9.393889
5.489125	5.784449	7.424489
4.568436	6.000641	8.319287
3.214758	3.629276	6.560045
4.783013	6.312782	7.447760
3.791283	5.805727	7.574235
3.693394	4.918601	8.836713
4.379044	5.444375	8.846570
3.248960	3.588816	7.573868
5.376688	6.172456	7.567690
3.535553	5.178051	3.278466
4.792958	5.244273	3.855489
4.897103	5.189224	8.251442
4.096487	4.518932	9.176334
2.967832	4.149791	3.924160
4.137056	4.888285	3.581341
4.720639	5.156811	3.891659
2.989098	3.820366	7.485163
4.225804	5.788749	6.516545
3.857578	6.070907	4.522487
2.928055	5.175975	7.089342
3.642360	4.959467	7.914569
4.617575	3.859875	4.138873
4.875896	4.291827	4.792378
5.002138	6.029869	4.857633
2.922933	4.950586	7.756543
3.959969	4.973413	8.971263
4.362762	6.053995	3.234574
2.702144	4.365449	5.138786
3.140208	5.268967	7.696596
4.821987	4.983868	7.157277
4.323603	5.449991	3.286630
4.537147	6.299073	4.102627
4.967563	5.038173	3.928326
3.521085	3.603068	3.635101
3.507783	4.564971	3.249905
3.632470	6.111299	8.029603
4.187699	3.894052	8.333540
3.023640	4.355525	7.296449
4.189853	5.198325	3.388033
3.896174	5.269424	8.589587
3.632639	3.650452	3.391013
3.932443	5.857918	3.936016
3.946185	5.431452	3.258549
3.584815	3.890949	7.827052
3.772446	5.505964	3.753086
4.362483	5.983584	8.673525
4.141105	5.728251	3.246320
4.862185	6.082985	3.973818
3.773071	4.239914	8.630080
3.230499	3.393917	7.893326
3.826493	5.494399	2.966993
4.629104	5.835178	8.857866
4.833458	4.641063	4.444185
4.461038	5.874430	3.630949
3.935863	3.515435	6.619139
4.483401	4.067134	4.589959
3.093780	5.139423	6.198517
3.366901	5.625269	4.424058
5.437971	5.916367	4.729675
3.664903	4.370273	3.486082
4.631416	4.572873	2.753526
5.178241	6.116748	6.276260
4.180080	6.732966	4.892110
3.538725	6.056846	7.373312
5.200375	6.110951	4.207740
3.638363	5.371913	3.435095
2.880111	4.101600	6.999997
4.407105	4.970332	8.718113
4.576287	5.418117	8.913971
4.115872	4.713876	8.596409
3.994036	4.262001	8.748410
4.832553	6.662926	4.434682
4.692410	4.822254	3.591273
3.614052	3.615814	4.910898
4.384642	4.290451	3.209313
4.900410	5.622530	8.079307
2.384933	4.220419	5.615967
4.809276	5.707213	3.738934
4.231317	4.923843	2.887198
3.285964	4.633783	8.585131
5.017587	5.751568	8.525431
5.010855	6.674244	7.193616
4.642619	6.731787	7.289507
4.899639	4.547282	5.505878
4.776963	5.919490	8.665016
5.524640	5.266219	6.895482
3.892111	5.145345	3.421856
3.609218	6.075084	7.586130
4.755399	5.133129	3.409871
3.661526	5.434791	5.726872
2.813178	4.099981	4.716250
4.733827	4.860097	8.195844
5.090717	6.924296	5.752340
4.213041	4.884280	3.103519
3.761468	3.548372	3.639446
4.185215	4.293213	7.304358
2.847923	3.485448	6.318032
4.020688	4.214491	3.532177
3.189883	4.954919	8.713384
4.276015	5.063051	8.959141
2.959131	3.966440	8.080057
3.558799	4.538196	3.203921
4.556664	6.331264	8.285962
4.760896	5.810123	8.242101
3.898729	5.190999	3.001904
4.360143	4.852264	8.429914
4.747247	6.456907	6.218545
5.416301	6.231906	8.057424
3.587724	5.347077	8.798283
4.242364	6.158706	7.114711
3.521443	5.912932	5.702942
4.282857	5.575353	3.182465
4.183122	4.285525	7.312116
3.111410	2.969370	6.918612
3.784713	3.433145	5.924300
4.228888	4.678536	2.981468
3.438766	3.288195	5.218623
3.228069	5.200880	5.714549
3.866013	5.207258	2.963269
2.777849	4.970364	5.875600
4.977309	5.137996	7.303805
3.611279	6.284377	6.283040
3.693843	3.972794	8.061394
4.257005	5.352489	3.291096
3.031423	4.522216	8.043451
4.441235	4.912270	9.259602
2.873394	3.315230	7.110409
4.290891	5.346511	2.647750
3.362732	6.487829	5.123256
3.424808	4.649617	4.195372
3.738818	4.768852	8.720282
4.625628	4.205613	4.592946
4.721098	6.469446	7.805883
3.920326	3.497816	6.251133
4.055154	4.608598	3.976741
3.390119	4.258049	8.361218
5.118555	5.129816	6.467322
3.905066	5.923140	9.053440
4.151019	6.355963	4.759456
3.838602	6.014010	2.837029
4.188821	6.246301	8.828586
3.216799	3.545973	7.366011
5.361072	4.896105	6.278153
3.021518	4.441920	4.645440
3.925928	4.995169	8.876645
3.619238	6.374064	5.194900
3.753831	4.508124	3.171877
4.648835	5.815745	3.792140
2.986434	4.178839	4.365230
3.690617	4.667537	3.170889
3.344505	4.889339	9.347689
5.319891	6.614828	4.997022
3.983925	3.757512	4.295312
3.620203	4.736504	9.084937
4.698181	5.188560	8.435378
4.462355	6.182887	3.156220
3.553378	5.760734	4.366589
4.133547	4.692217	8.748659
4.368305	6.791543	6.120972
2.983492	3.620533	4.858916
4.802898	5.470076	3.904624
4.501882	5.208199	5.988898
4.536894	6.993590	6.721995
5.624660	5.288584	4.665308
4.326177	5.701617	4.467577
3.375123	4.910379	8.000154
4.153547	3.988412	8.209254
4.070201	3.829692	4.793276
3.823372	4.465019	9.280239
4.591097	3.950391	8.382150
4.102549	4.982033	9.008197
4.353413	5.129746	3.164620
2.945210	4.256558	8.267319
3.554890	4.408480	8.506220
4.458180	3.712379	6.682658
4.403550	5.239584	8.991126
3.823110	5.143233	9.331565
3.806760	3.702117	4.501718
4.193763	6.538087	3.948050
3.240427	4.901131	3.714442
3.457931	5.862044	6.866081
3.981445	6.493417	7.836339
4.930484	5.197704	4.756273
4.685532	6.944221	5.113102
3.652437	4.670141	9.168574
4.709927	5.198774	5.364087
3.619298	6.812085	6.071650
3.506865	3.886915	7.406029
4.018183	4.529948	8.693124
3.750385	4.786299	3.096608
3.146274	3.595866	3.868461
3.705699	5.147012	3.742595
4.273818	5.459470	8.476951
3.900229	5.393782	3.197255
4.291424	5.641724	8.606117
2.527745	3.317624	5.675136
3.424907	3.790853	8.260777
4.057088	3.863630	4.066730
4.204459	3.693332	6.967273
2.574614	4.052850	6.525686
4.810811	4.865214	8.835609
4.462348	4.772353	8.553910
2.691324	5.611729	4.087424
3.433174	4.788159	3.491084
5.224870	6.028548	4.268074
3.926143	3.942596	8.375189
2.456639	3.403953	5.153880
4.977271	5.915511	7.984654
4.187263	5.680188	8.899416
2.929367	5.269783	5.021439
2.893428	5.260887	6.580720
4.204615	4.008704	8.567820
3.114710	4.416580	8.813457
2.674289	3.991343	4.871658
3.185654	3.194384	4.452735
4.061294	4.469811	3.098624
4.426007	5.355267	8.797896
2.654434	3.609248	4.708651
3.633700	5.808966	3.168301
4.569738	6.720378	6.738406
5.149091	5.988252	6.727146
4.677622	5.392020	3.324417
3.351951	4.628761	9.009073
3.913448	4.755813	8.694726
4.284188	5.004356	2.905802
4.357476	5.193522	3.286515
4.439747	5.181300	3.977327
4.233652	5.236434	3.061279
4.903520	5.705041	9.121902
2.150810	3.424733	5.939811
4.314602	5.172396	2.840996
3.309141	3.637206	8.008055
3.620515	4.993310	2.899001
3.385120	4.167791	3.607862
4.181965	4.300420	8.961096
3.007304	4.120221	2.967332
3.303439	4.768385	7.187784
3.981407	4.592974	2.841663
5.233446	6.330405	6.989686
3.289018	4.144020	8.100562
2.885633	4.860901	5.259509
4.419628	6.503105	7.941919
3.299059	3.769865	5.917546
4.163104	5.755044	3.121191
3.400352	5.554886	8.363928
4.505674	5.089215	3.149947
2.523762	4.488289	7.341517
3.856920	5.090961	2.940057
4.021695	3.721262	4.018419
4.486162	4.760276	3.975090
4.564601	4.348616	7.053022
3.969294	4.612336	3.731046
5.155640	4.725284	6.348623
3.594746	6.102131	7.135183
4.104530	5.147005	8.553327
3.452837	3.345499	6.953604
4.432566	5.187343	8.746372
4.966634	6.502467	7.477627
3.638812	4.230267	8.915724
5.069923	5.884107	6.838514
4.223707	3.892518	7.430278
5.236656	6.375386	5.578704
5.254763	6.286626	5.892431
4.179734	5.509302	9.079718
2.936149	5.273318	7.322863
3.434558	5.354902	8.178037
3.766227	4.382661	3.085250
3.068019	5.648553	6.705453
3.476334	4.536424	3.876123
4.976516	4.239561	7.118577
5.040973	5.407866	2.968747
3.917946	4.793980	9.000046
3.572490	5.188110	8.627116
3.668898	5.027469	3.353379
4.557765	4.222544	6.783293
4.851671	6.701722	5.888548
4.999466	4.764916	5.057213
4.538974	6.678280	4.532286
4.954356	6.736204	5.262106
4.356291	4.325701	8.579958
4.124109	4.599996	8.393598
3.168774	4.681639	2.986551
4.113551	5.039000	3.683784
4.436974	4.460594	8.091680
3.409013	3.433329	4.175235
2.871384	3.389640	5.348567
4.454847	6.523536	6.620189
4.504679	5.184193	3.346104
4.259049	5.230402	9.044942
3.704630	4.811487	2.811029
2.570403	4.339981	7.723677
3.609807	4.124741	4.056050
4.906670	6.427854	7.254451
4.778457	6.029085	7.716220
4.841953	5.641222	8.900163
5.082878	4.677853	4.430306
3.938322	5.430424	8.764735
3.615349	5.327061	3.003734
3.886383	3.906071	3.790721
4.875946	5.633020	3.368755
4.997626	5.587451	3.767430
3.613304	5.235369	3.062620
4.360059	3.635754	8.430168
3.882769	4.452780	9.102735
4.036225	3.898047	7.610954
2.487893	4.215648	4.170510
5.121902	3.915311	6.141750
3.916418	5.415720	9.017530
4.136199	4.873882	8.571306
4.248879	5.327243	3.122745
3.044269	5.072183	8.178588
4.370260	5.804468	3.248666
3.653229	4.452171	3.760003
3.600894	5.017281	3.455401
4.284410	5.767333	9.301596
3.197587	5.677863	5.149295
3.627887	5.374610	8.524773
4.771852	6.846112	6.125584
3.700981	3.520985	8.352281
5.334742	6.012815	5.045739
3.498688	4.740603	8.534235
3.879261	6.349353	6.874528
3.538077	5.277778	8.459649
3.422255	4.188162	8.388206
3.471831	2.965123	6.534284
4.104689	6.593203	5.391191
3.453490	4.965535	3.695793
4.930307	4.954947	3.361407
4.062160	4.618722	8.819384
4.658269	5.692264	3.274433
4.305129	6.441769	6.719853
4.069729	6.010065	6.395618
3.747300	3.297837	7.309623
3.295114	4.111483	7.579610
4.778114	6.438546	8.588082
3.220842	3.927868	3.372669
4.447019	4.757745	3.817960
3.944408	5.518218	2.959460
4.239544	3.997244	7.885341
4.053027	4.912851	3.047268
3.009538	4.441913	8.003447
4.044714	5.226483	3.400659
4.640778	6.382149	3.611454
4.066686	4.621904	8.905239
3.574605	3.408045	6.122632
3.884746	5.121493	2.700140
4.408870	5.856659	8.776547
3.397832	4.826379	4.667607
2.925906	5.410859	5.291745
3.481280	5.043234	3.962154
3.962230	6.028242	4.673679
4.286381	4.942199	8.634584
3.318771	5.412346	8.430258
4.301052	4.496765	3.613571
3.015880	2.584744	5.385328
4.037417	5.520966	3.037673
3.248934	4.641929	3.097305
4.403467	5.329652	2.958278
4.002356	4.778172	3.035499
4.061865	6.817797	4.631880
3.479451	5.037396	3.625326
3.633792	5.186407	9.209109
3.915315	2.948035	4.949910
3.988657	5.064537	9.090523
4.048577	4.866539	3.040656
4.311319	4.135400	3.068570
4.258607	6.478773	4.519781
3.086153	4.387639	3.855441
4.275359	4.505559	8.383826
4.664746	4.624001	3.911682
4.157089	5.245253	9.113947
3.932745	5.673337	8.480028
4.553074	6.088607	8.430862
4.552423	6.555656	3.417993
4.050877	5.886157	7.053364
4.606614	4.757784	8.680560
4.282608	6.460833	6.454788
3.673585	4.504013	3.094926
2.866294	4.239577	6.076564
4.269385	5.348944	2.807726
5.632395	5.078834	6.292576
4.521498	4.214211	8.012100
3.449761	3.266476	4.453970
3.025880	4.104302	4.407851
3.751797	4.004174	3.574436
4.418050	6.623875	7.863381
3.311649	4.807978	3.200802
5.332260	5.967096	4.140979
4.812838	5.189419	8.362389
5.269728	6.855397	4.551650
4.251521	4.007072	6.074978
3.796082	4.449432	8.724696
4.162367	4.967148	8.640955
4.097163	4.967676	3.100199
3.697700	5.263343	3.124744
3.050398	4.088002	8.285726
4.068381	3.506661	4.527289
3.638425	4.123558	3.604691
4.442904	4.923877	8.745545
3.257447	5.299581	3.827340
4.031784	5.531354	8.587867
3.972335	4.109466	8.314076
3.186613	5.069781	3.402818
4.001778	4.361954	3.541374
3.789611	5.269530	8.654802
4.995312	6.329587	4.564334
4.314642	4.108621	5.645585
4.955704	5.651038	8.129533
3.176359	5.250408	3.553431
3.997302	3.493066	4.555164
4.818073	6.498320	3.707612
4.170525	5.270492	2.970644
3.505793	4.737576	9.009100
5.013408	6.028069	4.584558
3.293480	5.497889	3.264976
5.144071	5.975974	4.218701
4.956611	4.803503	7.473023
4.762182	4.134930	5.725892
3.427440	5.105257	2.606840
3.958781	4.914040	8.910053
3.668179	5.581551	3.117088
5.385432	6.504418	6.303551
3.766990	4.999003	2.812924
4.110634	3.829688	3.405991
4.911349	6.116976	5.106543
2.590389	4.238296	5.761172
3.658496	4.781101	2.771046
3.505939	3.294225	5.293855
4.281422	6.794439	5.546841
4.306604	6.764870	5.604740
4.347290	4.893492	8.824414
4.236998	4.185116	7.740240
4.076541	3.489259	5.561928
3.304088	3.845206	6.848870
4.499809	5.125083	9.330716
2.875659	4.558567	6.103736
3.535952	6.507178	4.844343
2.929875	3.746930	7.074553
5.310355	4.407332	6.215610
4.265617	4.997142	8.705173
5.222419	6.428782	6.437867
4.112243	5.357492	8.831604
2.663267	4.980515	6.659477
3.074336	4.163508	5.403264
2.888128	4.148708	5.401564
4.573565	6.791847	7.231043
4.192232	4.735817	3.419682
3.584167	4.499194	3.148242
4.035904	4.956313	9.176678
2.622921	4.709302	4.062670
3.807868	4.717702	9.122049
4.353072	3.604610	4.881980
5.049609	5.356511	5.349804
3.986714	5.829044	8.088814
4.884368	6.273173	3.880830
4.404916	5.244301	3.451027
5.315161	6.070939	5.185421
4.659129	6.620856	5.065532
3.081225	4.331672	4.410447
3.557716	3.430048	6.810301
3.936659	5.516737	3.851833
2.758364	3.898829	7.082025
4.668160	4.375741	5.993670
4.181976	5.742197	7.782694
4.078410	4.920682	3.017161
3.797253	4.868778	9.036044
3.294859	4.773204	8.319967
3.927722	6.553336	6.733254
3.733349	4.999194	2.950392
4.788445	4.931932	6.904985
4.728292	6.023880	5.421055
4.241366	5.009857	3.156362
3.472117	3.444816	4.642721
4.793229	5.999173	3.854643
3.515979	3.628266	4.434742
3.321764	5.340246	5.861150
3.509711	6.077874	3.280240
3.220425	4.153230	7.573890
4.780974	3.806811	5.646065
3.519975	4.648792	2.922135
2.587905	4.613283	6.614724
3.994316	4.084672	3.379289
4.228782	5.028143	2.992492
4.077293	5.038053	9.140949
4.021241	4.698605	8.607624
3.394593	6.044056	8.162630
4.814435	7.104399	8.679079
5.503364	7.871466	8.248916
7.318515	7.407717	6.245853
1.098545	8.354931	8.215691
1.282267	1.546813	9.986611
4.268854	7.870907	2.396010
4.957877	5.213988	7.532184
6.123412	7.381409	7.210559
7.795613	5.892707	6.213611
7.767605	3.382538	3.891378
3.066236	7.371221	9.917093
3.837555	2.652946	3.408355
2.843696	8.536883	3.956108
3.790334	2.196746	4.204432
3.347579	5.325574	9.529076
7.635918	5.503591	6.957940
6.649381	4.105428	9.687635
6.087666	3.152745	6.215831
7.610402	8.540589	8.960806
4.285665	4.832779	6.537574
2.684189	1.170412	9.970172
3.701424	1.649665	7.457129
5.163784	6.324780	2.976186
4.507585	4.190000	5.790502
0.211545	5.694921	4.183034
1.135388	4.379710	5.774584
6.956710	4.434115	9.250155
6.844587	7.118632	6.190625
6.647069	4.521525	2.789594
6.453458	8.848490	5.004256
1.853938	1.901821	9.657751
5.711448	8.923164	4.133887
5.928365	5.167422	6.834502
5.673402	6.520970	5.070209
2.454743	7.443516	5.716714
4.390471	8.087171	8.236432
1.049557	4.924761	8.484774
3.153049	2.185405	4.218772
1.337652	6.413333	7.218497
6.864126	6.150314	7.930249
1.059550	2.536861	2.365619
5.789018	8.354835	9.005161
4.400993	7.548611	9.969346
4.692304	4.815587	5.117795
7.061440	4.255728	4.087070
0.512463	8.143495	3.511134
7.172425	7.426762	4.603834
5.335887	1.804676	8.619050
2.129840	5.859998	4.265622
4.635801	8.602437	3.225708
5.622776	7.358546	7.872160
7.266766	7.463503	5.209251
3.227898	5.134072	8.084282
3.249314	5.363647	9.543149
4.454427	1.970033	7.100584
4.826279	4.334876	9.801293
3.216195	2.285023	6.871686
0.286850	6.115604	6.487783
6.203697	3.305184	2.815677
3.240744	1.866557	4.520922
3.592935	2.398285	7.384867
6.510107	2.810776	9.054166
1.927987	1.592070	6.556606
6.477518	7.549302	9.302160
4.771013	5.976355	5.964798
4.066021	3.413758	8.475596
1.765152	4.604908	6.459672
1.575499	5.568555	8.843734
6.647533	1.066595	3.205829
5.651984	5.173445	5.746385
4.831906	6.867760	2.972203
5.596941	7.934799	2.746993
4.460260	3.019173	7.257334
2.666215	8.923221	7.145451
2.791195	4.795955	3.452749
3.286985	4.577000	4.948197
5.135464	7.872089	9.882568
4.055310	4.501346	3.430686
5.997264	6.165048	7.629536
2.956074	5.705198	5.134194
1.865274	4.349115	4.645342
7.001589	3.072387	5.881586
5.945116	2.632997	4.398884
7.001366	2.571137	3.136714
2.622760	3.841719	2.011639
7.080337	8.511242	5.226437
7.969103	7.457316	9.230855
6.580002	2.278667	7.780372
1.995727	1.019229	2.706301
7.495770	1.112122	9.457307
7.959009	3.253338	3.834473
1.267728	5.229684	9.232502
7.277160	3.582167	5.476970
1.709962	8.216506	5.535303
4.744853	2.487236	3.977240
1.765899	7.094595	4.823708
0.358947	4.948166	2.588234
1.006671	7.449914	4.754851
7.562291	2.251463	9.082974
2.102156	7.374517	6.569772
5.301557	6.776494	4.565317
2.047368	4.724809	7.062159
6.193357	4.742214	4.250679
1.509799	8.037970	4.572150
7.225937	3.602428	7.150541
1.548253	2.235611	7.157669
3.823539	7.237051	5.539863
4.241186	8.116813	3.128957
1.432331	1.063505	8.453077
4.339861	7.572076	8.206528
4.936721	5.604969	8.548314
5.296917	7.471354	9.688457
1.583263	6.143327	7.157725
4.219000	7.815244	6.922888
4.483665	7.922759	9.345803
4.593684	7.061473	5.749929
2.748555	7.491141	4.666613
3.780345	3.706195	7.149738
1.109449	4.587916	6.950492
2.952875	5.064147	7.021820
5.597835	4.055665	5.122529
4.765179	1.556931	4.289219
0.444829	5.405310	7.390905
5.000596	4.106434	7.382775
5.502885	2.509200	4.379097
6.847277	8.875913	6.691013
4.857157	8.196403	9.968750
0.897374	5.501623	4.379520
2.463527	3.046227	6.126080
4.162040	7.239472	2.986072
3.792412	3.886116	7.292399
6.597131	6.150369	2.131043
3.946356	2.789751	9.939777
6.277731	6.601716	2.204713
5.742151	3.792262	3.855928
6.223025	3.979851	6.767523
1.228950	8.764984	4.047691
6.878936	8.964192	7.663481
4.147107	4.703462	5.957287
2.697200	4.239726	6.010071
5.289826	7.051115	3.565682
2.805108	2.924316	2.306556
2.775462	6.540430	9.056083
1.899366	1.101671	8.883358
0.178101	3.663177	7.502438
6.870523	8.496265	3.778225
3.109921	3.271736	2.709980
2.852113	8.098056	9.999508
7.958438	7.813251	2.587812
0.595056	6.354510	5.161137
1.581931	3.359243	6.765634
7.460834	5.810350	5.121497
6.404929	7.636438	2.513107
0.539380	8.051013	7.376098
0.732879	7.771131	7.194044
5.127031	2.028110	8.134825
4.477342	6.855428	3.136157
1.135031	1.095087	7.575707
1.913668	2.052146	7.447932
4.488379	2.509362	9.565660
2.202921	2.682272	8.155295
7.158397	7.955591	2.615324
3.689165	5.295768	9.158708
3.275740	1.668499	9.796441
3.805697	3.202334	5.391904
4.022947	5.777044	7.625904
2.550480	5.738976	2.197481
5.548358	7.006349	5.519879
6.672306	1.955976	4.127230
2.924138	2.872489	4.278704
7.028976	8.017791	4.120572
0.842916	1.926536	9.958151
3.881594	6.146052	8.495542
3.217619	2.933924	8.117056
6.526825	8.235805	4.731187
