3.717361	3.302198	6.121413
4.288309	6.649182	4.397390
5.257479	7.062570	6.165788
3.877074	5.049919	3.228530
2.532602	3.862725	4.284698
3.764600	6.139730	7.376246
3.950618	5.033418	9.542356
2.811865	4.061008	4.753415
2.869332	3.204289	6.380851
4.530402	4.573109	8.210468
2.810466	4.851660	7.956156
3.455902	5.339955	8.254408
4.401350	4.737052	4.344748
4.197510	4.890707	9.045543
4.686347	5.285384	8.100300
3.793248	4.112769	8.834207
3.796514	4.703347	2.836321
3.855216	5.084089	3.243070
4.141649	6.529833	6.423134
2.870882	5.131781	5.495315
4.509089	4.679876	3.005692
4.959674	4.457556	4.572556
4.382275	5.281501	8.721685
4.686536	6.521464	8.226890
4.121337	5.357441	8.327549
3.172463	3.333430	5.378386
3.976126	4.762219	3.923393
3.471536	3.330790	5.337526
3.565211	3.917222	8.754963
5.329148	6.941942	6.411909
4.572750	6.384465	4.479277
5.201659	4.841867	5.690355
3.416019	5.718203	8.228229
5.213323	5.212709	8.486150
3.300191	5.552957	5.465778
4.245719	6.675629	4.597938
2.743992	5.033338	7.137159
3.740992	4.376425	8.756402
4.139288	5.185003	3.021598
4.001618	5.119399	3.957256
3.573426	3.329930	6.183227
3.275234	5.002227	4.695884
3.287455	4.359389	6.851191
4.500193	6.278302	8.701788
4.183265	5.305896	9.041104
4.183835	4.946402	2.874022
4.365550	4.696808	3.729890
4.261830	5.915977	3.436339
3.444116	4.472174	2.778673
5.183297	5.242152	7.847045
3.730332	4.094467	3.250288
3.565237	5.000550	3.587249
3.761110	5.140980	2.838833
4.369436	5.797228	8.448169
2.701859	5.616072	5.707832
3.525628	5.894416	5.459222
3.300766	4.010949	6.364650
4.773147	4.365118	6.692558
3.042900	6.455642	4.183413
3.882598	4.437174	3.404483
5.292335	6.239461	5.704470
3.705823	5.474976	7.910349
4.057039	6.613127	6.793146
2.959702	3.873133	6.301247
5.244813	6.771633	6.049080
3.603601	3.397441	8.594156
3.309133	3.291546	4.192613
3.244614	4.216826	7.751818
4.186930	6.238791	5.699683
4.315244	4.001198	7.686754
3.949098	6.295984	3.429313
5.154566	6.500715	5.962832
3.400717	3.429557	7.141744
5.028739	3.866211	6.159255
4.234690	5.582237	3.380943
4.518778	6.026543	4.318045
3.908419	5.312699	3.148283
3.722623	5.771321	3.172425
3.633889	5.229590	9.525544
4.977207	6.737467	6.768148
4.251023	4.205546	3.599415
5.097735	5.859717	8.995930
3.493591	5.581993	4.477557
5.120375	5.009616	6.622869
3.117730	5.611474	6.632206
5.798484	6.291551	5.137414
5.124830	5.829902	4.124752
3.807222	5.071441	8.763676
3.470229	6.572249	7.239045
2.757153	4.442882	3.865083
3.396580	4.712825	9.148819
3.569445	6.658227	6.348750
3.604486	4.566521	8.590833
5.371238	5.940518	6.863116
4.389261	4.641452	4.057247
4.829163	5.118248	9.183201
5.065992	5.495917	6.635825
4.072852	4.641879	9.290955
4.329495	5.370687	8.831056
3.241804	3.729841	3.947570
4.150010	4.187399	7.563723
4.817435	6.330109	5.246945
3.239811	4.077728	8.013788
4.806145	4.759762	8.687811
4.076061	5.067204	3.422136
3.035894	4.292832	6.427197
3.320191	5.463336	8.820406
3.990545	5.346680	3.157348
3.559178	5.284241	3.196924
3.463824	4.124283	8.365673
4.224472	3.418266	6.521504
4.220662	3.657346	7.480525
2.972259	4.724527	7.998705
2.750786	4.032407	4.570508
4.152805	3.665007	4.389219
4.632246	5.367280	3.484553
3.551882	5.690811	8.773938
4.349125	5.110482	3.124524
2.573563	3.819568	7.689141
3.829238	5.997163	8.909993
4.058327	6.143896	8.274300
4.166184	5.735696	2.874814
3.693760	4.395799	3.484104
3.562479	5.181074	3.236797
3.080969	4.890279	3.606228
2.787969	4.326961	3.722121
4.044274	4.839094	3.407548
2.880453	4.494625	6.873576
5.138589	6.858225	5.952809
4.071042	5.411125	3.262364
4.090056	6.081255	4.444134
5.414847	5.135579	5.291511
3.337635	4.134364	4.248916
3.515886	5.206833	8.624258
4.386726	5.091517	8.982470
4.138475	4.778581	9.132868
4.212718	5.067924	8.798463
4.030958	6.697339	4.372890
5.077932	6.967478	7.551863
3.363628	3.662619	7.784868
4.510519	6.629631	3.303849
3.154125	3.637790	7.961411
5.379534	6.255895	6.261439
4.106468	4.845543	3.184083
3.132075	5.465796	6.463680
4.368638	6.695659	5.626432
3.147187	5.499343	4.099692
4.855687	4.495462	8.024393
4.167402	4.280226	3.238641
3.462219	3.499223	4.886965
3.044353	5.108602	3.275013
3.389304	4.837476	8.412630
4.189134	5.930330	6.120449
3.500928	3.405360	7.903358
3.606018	3.362462	6.630730
4.151900	6.824530	6.912892
4.141214	5.590918	8.874907
2.982171	4.944074	4.463342
3.948545	5.167453	9.117020
2.542719	4.316413	5.817456
3.605536	5.015331	9.150407
4.953267	6.647164	5.025543
3.608954	4.691239	7.844643
3.432181	4.181773	9.065816
3.553804	5.121608	3.618697
4.402806	4.560777	8.411544
4.340618	5.951277	4.421747
3.315906	4.298247	7.899722
5.131559	6.413330	5.549274
4.458909	6.427479	4.066188
3.194594	5.189864	4.882582
4.834680	4.910306	3.369972
3.149794	5.396016	7.908934
4.352194	5.017656	2.538062
3.439269	5.670365	7.978755
3.503182	5.030707	3.954436
4.907748	5.453616	8.119990
4.971793	5.739979	7.624217
5.112460	5.725627	7.899862
3.121120	4.532020	5.061710
4.099191	4.323881	8.541057
4.669858	5.248063	4.003043
4.187608	5.269750	3.104884
2.527838	4.477206	4.648650
2.766925	4.503391	5.581172
3.888710	4.930110	3.066078
4.696245	4.586231	9.105312
4.118422	4.093115	3.210756
4.738782	5.824115	2.838081
4.129059	3.857003	7.782925
3.618312	4.980757	9.028918
4.997051	5.905262	3.364875
4.661160	5.375970	8.998363
4.872810	4.497327	5.318902
4.864394	5.199952	4.868118
3.828608	3.041268	4.429298
4.666788	4.055954	8.118224
4.063866	6.419481	5.579435
3.311138	3.590231	4.101694
3.107141	5.566028	6.922219
4.261809	4.606763	8.837573
3.820070	4.392351	4.270060
4.500734	5.676247	8.044144
3.972034	6.579072	7.396490
3.735109	5.664420	8.571977
3.540447	4.418321	7.936601
2.513286	4.568441	5.097015
4.271818	3.907538	4.749551
4.151974	7.154794	5.765160
2.551031	4.648612	5.743517
3.349861	6.043887	5.194320
4.599133	5.626442	3.492583
4.210403	5.621849	3.159511
3.541714	3.584083	5.035953
2.472901	4.629025	7.165613
4.600475	5.751806	3.151854
5.413359	5.570594	5.357139
2.916835	5.558529	4.912410
3.537311	4.454704	2.753612
4.705560	5.772030	8.688610
4.213596	5.983962	3.083606
2.802420	3.698584	4.727358
3.563389	4.860854	3.266312
3.213690	4.272744	3.882580
4.277108	3.905237	8.248897
2.692870	5.100363	4.960626
3.841883	5.411955	3.437760
4.377431	4.466918	3.219118
2.672421	4.536349	5.246847
4.767599	5.410686	4.388151
4.907907	6.330352	5.191219
4.875281	4.570202	6.138970
3.381360	5.596979	6.939675
3.579026	5.506300	3.558209
3.560057	5.139780	8.810373
3.830773	4.622756	8.429036
5.312092	5.871731	5.889190
5.049605	6.234605	3.266394
4.476038	4.791036	4.357513
3.232834	3.833674	7.138700
2.864463	3.101773	7.795622
5.007924	5.868509	5.457174
3.838976	4.617684	2.687715
4.565881	4.547449	3.583119
3.572631	4.668354	8.934780
3.247549	3.472877	4.241996
3.758765	3.438769	7.300133
4.458358	4.523617	7.431465
4.051190	5.169516	3.294794
3.245094	3.437359	7.130673
5.046212	5.130082	6.880397
4.785741	4.911871	4.783223
3.380339	4.852277	8.821553
4.543103	6.363103	4.254706
3.727388	4.652626	2.910052
4.442332	4.281904	8.947851
3.520946	2.725273	5.438567
4.440521	5.636785	4.333936
3.847616	5.062084	3.382611
4.148567	5.165957	8.545561
3.276636	4.632775	3.567580
3.725002	5.503396	3.127042
3.829379	4.020553	4.709328
4.398937	6.121052	4.188280
4.659492	5.644016	3.258485
2.723918	5.290317	6.096745
4.259687	5.826551	3.396274
3.476366	5.227593	8.991821
3.925783	5.525204	8.863229
3.115453	6.357914	5.477788
4.501046	4.438184	7.392037
2.970335	3.113356	5.849332
4.811827	6.099067	8.181286
4.488850	4.301654	5.240770
4.565107	5.408656	9.183968
4.472262	6.489347	7.206556
2.497277	4.304059	5.947632
4.940697	5.000305	5.380178
5.066576	6.613318	6.820091
4.990955	3.949576	5.106901
3.414061	4.548220	8.758457
3.374278	5.480570	7.705696
4.734394	4.784729	8.400607
4.231115	4.636239	9.031038
4.464921	5.413928	3.592830
5.119436	5.200287	8.254027
4.220203	4.797310	8.869900
4.215845	5.057640	2.748803
3.956845	5.509900	2.877985
4.997411	5.471958	4.159950
4.299136	3.553741	5.339075
4.978597	4.365087	6.398998
3.994134	3.868401	6.997299
2.639023	4.661282	6.080697
4.025050	5.420393	8.973375
4.723436	6.518711	7.904119
4.171368	4.167623	3.621274
4.678462	6.491067	7.898971
4.131125	4.855344	9.295932
2.323753	3.403283	6.212797
2.932006	2.923994	5.915142
3.047496	4.258115	3.346099
4.061282	5.126896	3.525156
4.352510	3.821744	4.546607
4.091693	4.660416	9.050013
3.813827	5.273501	3.597489
4.052555	4.998437	2.891071
3.119097	4.223567	7.065383
2.846788	4.154236	6.892648
5.510630	6.085319	6.181071
3.468913	5.772708	3.392987
3.495674	4.633746	2.950737
3.674220	4.459526	8.296901
3.988465	3.796225	6.251600
4.447477	4.832398	9.129680
3.656712	5.747199	3.197795
3.456664	5.274827	8.514745
3.895020	4.501684	8.942815
3.683508	5.693418	4.206433
4.220200	5.096976	3.196159
4.504730	6.036855	3.953462
3.607204	6.586208	7.009067
4.226686	6.712290	7.277867
3.831556	3.453336	7.565563
3.459621	3.866377	3.899689
4.763208	5.495468	7.712362
4.458431	4.016200	7.033675
3.780461	4.578382	3.340914
4.537962	6.165788	8.387023
4.163393	4.653436	3.271787
3.821747	5.323852	8.762382
3.057362	5.324076	7.121923
2.929105	4.781678	3.323109
3.528410	3.496001	5.052996
4.620337	6.780851	6.300898
3.196065	4.271504	3.452257
4.330760	4.448349	3.056323
3.103125	3.331500	5.098633
3.588323	5.988007	3.831796
4.391684	6.387462	3.616478
4.717153	5.918372	3.610384
4.018207	5.156940	2.958478
4.413626	5.900933	7.780043
3.674137	4.267601	3.285108
5.468500	5.577678	4.435187
4.168395	5.301749	3.389123
3.915589	4.911850	8.673201
4.181153	3.397497	5.718881
4.197037	4.395327	3.066281
3.525940	3.176687	8.056492
4.374661	5.736072	8.744811
3.965256	4.187387	4.268387
4.468712	6.651975	7.468867
4.302340	3.643808	5.909913
3.514453	4.922988	8.933437
3.934342	5.034729	3.211496
2.899006	3.875525	7.661303
2.395787	4.344019	8.268346
4.163255	3.880972	3.621912
4.048248	4.964225	8.974152
4.509669	4.666783	8.965120
4.378598	4.352827	8.726833
3.716225	5.152731	9.082807
3.001188	3.816656	3.577229
3.585365	4.782708	8.825182
4.705232	6.815848	6.079413
3.070242	4.141364	3.586026
4.963867	6.835607	6.218657
4.039758	4.331041	8.737196
4.207723	4.628704	3.050228
5.215577	5.820197	8.503607
4.391017	4.420998	7.898178
4.750281	5.303089	7.106096
2.446844	3.346767	5.454630
3.686870	4.991157	8.753476
4.623400	3.699565	6.801672
4.167595	4.682150	2.719199
3.959787	3.670231	4.003722
3.713595	4.106635	8.452534
4.121772	5.099002	9.079143
5.000353	5.943256	8.468698
3.554162	4.630915	2.964585
2.978723	4.741150	4.165419
2.663017	5.965294	6.110065
4.671741	5.336895	3.294472
4.467013	4.928635	4.312647
4.743267	5.390836	4.229491
5.260790	6.485416	3.861858
3.860403	4.226384	8.668776
5.375274	6.532380	4.248645
3.792093	4.933967	3.306509
3.989395	4.516723	8.746640
3.386725	5.500134	2.880880
4.655847	5.987161	8.367186
4.149967	5.503353	8.754408
3.570780	3.830622	3.488631
4.164186	4.996748	3.173918
5.167497	6.015275	7.439504
3.618049	4.647333	3.002721
3.339469	4.496725	3.353681
4.991441	6.623795	7.394717
3.272339	3.794274	7.489812
4.027390	4.825455	8.111359
4.197286	5.962939	7.206939
4.117200	5.065451	2.977398
3.416719	3.762237	3.510841
2.414741	4.423939	6.288884
3.889027	4.415655	8.831505
4.401668	4.292546	6.150386
4.520150	5.333510	3.712994
3.834958	4.769785	2.789294
4.407915	3.483654	5.328379
3.456721	5.548658	4.560308
3.338963	4.412212	8.682647
3.962211	4.779458	8.716611
4.104354	5.857635	8.258988
4.111875	4.457709	3.130012
4.278255	6.779784	4.675529
2.885358	2.918948	7.088238
4.762651	6.700727	5.402357
3.233763	5.030972	3.895364
5.357567	6.788023	5.754694
4.066589	5.149189	8.765653
5.035163	6.226913	7.358241
3.593251	4.941310	3.006610
4.649075	6.518611	4.771494
5.152686	5.570055	4.559112
3.203221	3.628738	4.347826
4.141157	5.527906	8.809019
4.232073	5.519999	2.957265
3.948613	4.960685	8.863256
5.567984	5.613720	6.450922
4.270865	5.244495	8.993697
3.911158	5.601034	8.419413
4.998531	5.145336	3.574246
4.492352	6.004161	8.575365
3.132890	3.075036	5.624126
3.778350	4.849771	8.861557
4.942809	5.705336	5.514921
4.971709	3.838739	6.466981
4.270636	5.029823	8.848675
3.710781	4.843045	8.940289
4.312956	5.915696	3.401581
3.869209	5.183315	2.938934
4.033270	5.866645	8.883245
4.237170	6.307642	5.359336
4.157435	5.319961	8.926928
4.554643	6.771622	7.045096
4.859108	5.939356	4.272649
4.267958	5.791972	3.057658
3.443892	4.150395	4.003198
4.378453	5.164201	8.488309
3.915691	5.093225	2.874917
4.290102	5.237261	8.831734
3.854540	4.278076	8.697233
4.004424	6.051286	4.567294
3.617663	3.917292	3.840648
5.448927	4.857144	6.999130
2.786688	3.365576	4.440995
3.663175	4.606613	9.054899
4.990560	5.754833	4.914130
5.212951	6.325822	5.143648
3.562261	4.900951	8.687921
2.737008	3.306052	6.802778
3.716171	3.403311	6.417850
4.037607	3.854626	4.737069
4.542328	5.362054	3.470297
3.208831	4.268912	3.338069
3.681359	3.817267	4.139007
3.615267	5.852887	3.916927
3.569509	6.235315	5.439132
5.189705	5.580518	3.453426
3.569215	4.691832	2.786588
4.056379	5.829864	8.707916
2.946225	4.771893	8.181859
4.355719	6.093713	8.128894
3.876694	3.509795	5.804704
3.817755	4.357367	8.893983
3.951001	5.941103	8.520335
4.120256	5.828341	3.686289
3.774552	2.903197	6.185038
3.560130	4.636775	8.285136
4.325533	5.274159	9.532010
3.987893	6.716667	4.807380
3.796325	5.007941	2.317982
3.414048	3.183187	5.018151
4.786302	4.667126	8.012099
3.440357	3.899918	8.625260
3.458627	3.872365	8.839970
3.944309	5.579152	8.550480
5.094267	5.749947	7.114119
3.701926	5.523303	3.649945
4.129558	5.134217	3.626652
2.808726	4.939152	6.724435
5.334476	6.143823	6.813082
3.665246	4.395758	3.004427
3.439845	4.814323	3.310717
4.334266	4.450478	8.767461
3.804762	3.901775	9.068917
3.151547	4.183394	7.289529
1.073153	5.364002	3.998893
5.679312	5.508715	4.516869
6.956064	8.946033	4.987882
5.533142	6.620882	5.229713
0.016842	3.191801	8.627202
2.319926	2.193034	8.754011
4.873092	3.385792	6.273381
4.715288	3.738808	7.107097
3.487573	5.969004	6.901085
6.783053	6.800374	3.642036
4.475412	5.350145	7.001639
6.642600	4.107129	3.343936
6.587061	3.447300	5.616344
0.277405	6.759581	9.868971
3.135067	2.189700	9.129333
7.498184	4.927827	4.078189
4.585115	7.972969	6.587321
3.009816	8.290112	9.302184
6.798305	3.481579	3.308361
7.213602	8.915024	4.447059
2.729754	5.447265	9.315620
4.968082	1.742886	7.027019
6.665592	3.473001	6.173298
5.310977	1.306777	3.737216
2.459715	5.586682	8.281676
4.781161	5.544889	6.208526
6.728658	8.082146	7.665506
4.962725	1.389538	6.802388
3.760818	4.680297	3.914679
4.473899	2.820031	9.257620
2.856893	4.649593	3.490063
0.025939	8.814673	5.383679
0.113111	4.640602	6.237728
5.502265	5.544345	8.917471
1.189460	7.283147	2.633063
2.403732	8.466536	8.672329
3.893751	8.839436	3.655244
7.096849	2.431293	6.724698
5.123779	1.020863	2.762464
5.737105	1.097825	6.239190
0.037376	1.939667	6.412354
0.188011	7.319063	5.816291
1.020605	8.641523	8.116883
1.109431	2.157535	7.661491
1.694048	1.640985	7.978660
7.986103	3.958408	3.517768
1.457191	1.555718	8.677627
3.931613	2.076076	3.664075
1.100194	7.696140	6.081010
0.098626	6.796041	5.188295
0.212021	2.485845	6.088249
5.016326	1.332225	9.529877
1.382013	2.189438	2.858198
0.710286	1.933040	4.776045
1.290497	6.298601	9.788247
6.307300	6.657414	6.560878
2.198272	8.199273	5.228960
7.091253	2.623937	7.415600
2.751709	6.645298	6.703672
1.507209	8.352794	4.985136
2.007939	6.758522	8.669448
4.465419	5.938353	2.627019
5.536035	2.542184	3.288492
4.818979	1.602601	2.513240
2.951204	1.136966	9.074202
2.821007	2.312304	7.256590
7.589263	8.711375	7.392882
1.281953	5.217867	5.462880
2.760714	8.708818	2.367269
1.742314	2.098918	9.678997
4.827701	8.772018	6.897517
3.553167	7.142024	5.069631
0.076770	4.663349	3.653121
4.553981	3.720538	4.878309
0.277809	2.986586	6.473237
2.294983	2.190669	7.441833
2.221644	4.125260	4.044351
1.379159	5.860635	8.949949
7.547506	3.969718	4.278552
1.529752	5.168203	2.904556
6.266200	7.866696	8.332308
3.793240	6.143897	4.248994
1.302250	8.396820	7.250151
3.176332	5.104784	8.525823
3.664945	7.607030	9.226963
0.775169	4.360251	9.184041
1.507105	3.966369	6.694673
1.807663	6.543064	8.953439
1.416984	1.258274	2.675002
3.821440	1.084076	2.258858
0.266833	7.267372	3.888832
7.791941	4.598895	3.204183
0.572630	4.119535	2.097379
6.856729	3.055265	6.409459
1.705544	5.438606	7.504543
5.696174	3.817209	3.855433
2.393207	3.384461	6.469015
6.696137	5.966530	3.845758
0.617516	6.822292	7.207165
4.381044	1.816456	8.265256
2.237996	7.844756	7.784146
3.730458	5.539066	2.342398
0.236624	1.657027	3.207872
0.062149	7.836412	4.494648
6.298155	1.317738	8.347443
4.704835	6.376936	7.472054
6.473282	2.498686	8.069073
5.790422	8.465536	6.522456
2.124343	3.619241	3.605933
2.421783	4.259291	9.208296
0.118457	7.977433	6.881436
3.181159	8.423650	8.684468
5.406632	2.441622	9.554610
5.950708	3.836483	4.647698
4.357724	6.070524	8.424073
5.586883	1.740725	4.113251
4.011648	2.224124	9.213374
7.633469	6.239704	3.328471
7.051360	5.949608	2.581719
2.900196	3.603366	4.449456
4.765189	3.472288	6.063984
7.511311	1.826106	7.790981
7.812638	6.800952	8.553162
4.378424	7.709054	2.806641
2.011202	1.932279	4.511510
2.534275	1.225929	9.118973
6.797633	4.238144	3.532292
1.017658	8.264454	7.804214
1.723899	2.393627	6.202256
4.710729	4.293871	8.035794
4.755975	6.930268	3.509546
1.141390	4.797009	8.220844
3.972554	4.169507	5.872969
3.217766	2.659997	2.411617
0.978938	4.213974	3.963293
0.291236	3.824635	4.361559
3.255248	3.141000	4.536420
2.821564	4.289416	6.499667
1.650833	1.989698	5.443667
4.374697	2.357362	9.289023
5.977590	5.460949	8.144416
2.678944	8.530193	7.243215
3.249093	4.459451	2.414948
7.793266	1.238475	4.216658
4.909183	3.570487	9.085847
2.930577	5.222655	5.845484
0.448732	8.158918	3.998747
6.219534	7.982841	3.837695
3.563861	6.609175	6.557689
6.358314	5.369626	9.685585
0.200780	8.104887	2.841158
6.175056	4.824882	8.041418
3.872327	6.588479	3.532136
3.374323	1.047765	6.141906
3.893822	2.221785	8.852750
4.000323	6.921360	3.569863
1.930453	3.955077	7.480714
4.446324	4.624967	5.840316
0.364620	6.515294	7.698580
2.126165	6.971988	9.362063
0.329940	7.562156	2.106159
1.552717	2.872439	6.464940
6.095773	5.102573	3.922664
4.056560	7.386833	3.759949
4.864476	7.577730	6.619324
4.439188	6.979534	9.514510
3.890269	6.379706	9.490911
1.243631	5.400664	7.380801
0.413864	6.725460	4.819713
1.364299	3.143712	6.017655
4.224757	7.076467	7.828896
0.475925	5.421339	3.248804
7.031953	5.083389	8.851923
2.053772	2.960697	9.269778
4.114152	1.847894	7.068137
