3.773344	5.180272	8.766065
3.996599	4.376811	2.832538
3.212990	4.712198	8.261966
3.157268	4.864289	3.105498
4.457430	4.945156	3.095867
3.910337	4.539920	8.841981
2.771544	3.912404	7.579864
4.344735	3.924570	4.740162
3.440747	3.592283	3.425112
3.047743	4.225543	8.574733
3.092677	5.205573	4.145010
3.963342	5.090242	8.917151
4.849978	4.865692	5.547802
2.930586	4.510811	5.452113
3.526894	3.458726	6.004214
3.962364	6.214608	7.559048
4.478092	6.666275	5.282932
3.129628	5.219513	4.771363
2.903255	4.483093	4.121783
3.816864	4.577298	3.074738
4.501248	5.130539	3.781820
4.025442	5.971867	3.221625
3.808077	5.293320	9.114436
5.485507	5.680709	8.366180
4.362977	5.103340	3.174342
3.111542	4.947975	5.990287
4.061228	5.083023	3.034615
3.802898	4.527955	2.417801
3.817235	4.576480	9.204870
2.867425	3.356563	4.925392
3.651912	5.354138	3.119798
2.274671	4.362870	7.645488
5.098721	5.839009	3.691224
4.007767	4.353148	7.882729
4.611941	4.666409	7.749734
4.038745	4.314179	8.942338
5.279757	6.099678	5.312032
4.368461	6.211177	7.885512
4.470852	5.040739	8.774099
3.359622	4.786279	8.418562
4.476023	6.586590	7.754607
4.025365	6.102870	3.374704
3.950883	4.412808	3.166209
4.378880	3.740024	7.661930
3.188715	3.721607	3.642085
5.427105	6.412158	6.238653
2.814281	4.766055	5.331668
4.030067	5.920035	8.846505
3.800595	4.969109	3.105331
4.197962	4.250390	3.223950
4.855624	6.375223	7.095361
4.250906	5.632963	9.242539
3.854261	5.209678	3.037844
4.031043	4.733606	9.033575
4.053984	5.100059	9.092991
3.023324	3.695106	4.678946
3.679413	5.443158	3.875568
4.855926	5.161299	3.992282
2.743844	4.198003	5.116671
3.683248	4.147418	8.838910
4.917335	4.510935	7.283307
3.445238	5.497973	7.131381
3.580465	3.099189	4.286818
4.353618	6.885875	4.342257
4.988509	4.788984	8.757868
3.133805	5.668092	7.111689
5.188465	5.085198	7.279863
4.044664	4.607019	9.159309
4.123508	3.400097	6.450074
4.110467	5.267733	2.342576
3.947194	4.799976	3.609658
4.694600	3.480147	4.166546
3.182734	5.161186	3.286166
5.360065	5.665207	7.877415
5.676651	5.320789	5.740862
3.705802	4.755652	9.426824
3.715580	4.050818	8.782763
4.030021	4.536841	3.749504
3.445765	5.845364	4.931951
3.251727	3.446739	4.101100
5.039235	4.510164	7.419473
4.220296	6.189237	8.498553
4.141507	6.632160	4.776363
4.848482	6.285102	5.233477
5.085088	4.811095	4.344023
4.895343	4.408187	8.068518
4.774604	5.948973	3.865936
3.307721	5.296202	4.859422
2.797352	4.421630	5.784402
4.214372	6.637837	6.250814
3.281334	4.683019	3.866872
4.575477	6.294919	7.592517
3.642124	5.236568	3.278567
2.904489	3.623633	6.474064
3.979901	4.935126	3.342897
3.902448	3.461494	6.495345
3.798807	4.605253	8.888943
4.555089	3.812042	6.402880
3.042843	3.698666	5.825361
3.384376	5.291804	3.375278
2.913111	5.026817	4.446247
4.687102	4.591477	7.694385
4.170356	2.910184	6.409641
4.019889	4.186748	5.497104
5.112588	5.162764	5.726231
4.323321	5.575532	2.850475
4.804277	6.579407	5.769413
3.888190	4.061677	7.340677
3.058180	5.130126	8.078446
4.966786	5.984512	3.367270
4.074504	6.331661	4.101993
3.797785	4.917149	8.911899
3.067501	4.675901	3.751979
4.305395	4.622456	3.178959
3.589496	4.643298	3.181145
4.099022	5.127544	3.300691
4.444513	4.831652	3.558851
4.685756	5.464222	8.373890
4.879468	4.583957	4.450383
4.951080	5.049519	4.574222
4.259206	5.321767	9.183164
4.697794	6.081597	7.891915
4.310478	4.863835	3.907532
3.721542	5.824799	9.076958
4.941312	5.863674	8.171523
3.466063	4.540440	8.412888
2.956355	3.376808	5.176373
4.173940	4.390751	8.046902
3.448351	4.991026	3.256650
5.531365	5.654887	6.164277
4.111400	6.461963	6.237392
3.910231	3.770698	4.009763
5.107148	5.254321	7.171770
4.463419	5.384295	8.958717
3.118407	5.286510	6.675907
4.142711	6.604158	5.615905
3.955295	4.786964	9.012914
3.662508	6.119859	3.458117
4.015136	4.848596	8.834621
4.375607	6.160961	7.857376
4.360960	5.753191	8.766650
5.677057	6.130487	4.633368
4.688233	3.892944	4.591619
3.928225	3.467636	4.745189
3.394541	3.775463	3.457652
3.697593	5.518885	8.204048
3.384863	4.943339	9.037392
4.072838	4.117136	8.500990
5.195196	5.472557	7.075065
4.806569	5.354677	8.035353
3.800262	3.921881	3.461318
3.788840	3.062128	7.245054
4.963084	6.000985	5.169957
2.901958	4.001040	6.940099
3.204186	5.469976	5.583266
4.238695	4.634864	8.909140
4.009192	5.079333	2.731973
2.833054	4.715659	7.436108
3.919526	4.599513	9.068111
4.412231	4.848106	9.017974
3.673508	5.350043	9.071913
3.924944	4.638732	2.913133
3.988966	5.886379	3.734405
3.992272	4.780742	2.833534
3.069304	4.782079	7.491536
4.074079	5.785667	3.996123
3.249045	4.683714	3.459509
4.275323	6.407221	6.987849
3.830485	5.560166	8.883186
2.308174	4.658754	5.400428
3.859529	3.741141	7.257467
3.800930	4.807442	9.409446
4.975558	5.476066	6.633825
3.973857	4.886673	8.936757
2.731919	3.390171	7.855589
3.317017	5.787726	5.340175
3.847120	5.378540	3.167801
3.464126	5.789645	8.237321
3.754531	5.630141	7.443084
3.162518	4.018766	7.477602
4.829868	6.677903	5.020588
3.986181	5.299976	8.630266
4.104305	4.909142	3.537033
5.006791	6.190051	4.006681
5.071249	6.106848	7.143106
3.860654	5.903346	8.475399
3.805937	3.335185	4.697270
2.976058	4.543130	4.319218
4.584487	4.038665	4.009813
3.857140	4.691633	3.363919
4.231300	5.467409	3.031934
4.895479	6.501740	7.088207
2.550616	4.358597	7.325828
4.161261	4.752208	2.939442
3.306989	3.573480	7.611092
4.356038	4.528894	8.501166
3.889715	5.724221	9.208700
2.765051	3.171189	6.985613
3.768252	6.263015	5.250530
2.571042	3.297391	6.172630
4.198085	5.100887	8.904825
5.104235	6.541062	5.981286
3.868191	3.409284	8.416740
4.241269	6.515833	4.266739
4.772016	5.410836	3.478633
3.794217	3.669110	4.239428
4.772018	5.414176	8.295620
3.933635	4.210439	8.909074
3.329902	5.663501	6.112704
4.037001	5.127823	2.921417
4.199279	4.777588	8.961829
3.755365	3.864681	7.972294
4.724304	6.096078	8.509938
4.426236	6.276024	5.103407
5.146913	6.613588	5.637217
4.655427	3.968667	6.584571
4.932179	4.085565	5.942646
3.560486	5.288332	3.499177
4.524064	6.801559	5.644992
3.627210	5.510808	9.028053
4.331407	3.699085	7.631675
3.519258	5.330688	8.126469
2.952162	3.563084	3.862690
2.500852	4.178035	5.658162
3.470025	5.782166	5.085270
3.168617	5.843429	7.487541
3.109684	3.563599	6.632566
3.437290	3.396888	6.692844
3.919872	5.317220	2.783361
3.565935	5.579150	4.396112
3.586214	4.879705	3.099199
4.446240	5.251895	8.437456
4.703276	6.435949	4.308471
2.921435	4.568288	5.427623
3.921798	6.721574	5.646361
4.908108	4.482438	8.064832
3.014064	3.439328	7.883272
2.918291	3.002308	5.160503
3.215886	5.004501	8.737946
3.863166	5.301558	2.958601
5.364548	5.185762	6.286511
4.234678	4.832696	8.717255
4.382453	5.027145	9.148802
3.923304	6.577989	6.587236
4.432423	3.206236	5.183805
4.595862	5.319426	9.087865
3.570915	4.794393	8.834884
4.098238	4.653605	9.237994
5.146114	5.700447	8.045917
4.105286	4.757996	9.015140
3.150549	3.682658	6.492776
3.141380	4.358565	4.139614
4.193133	4.355142	2.688742
4.242517	5.787759	9.012239
5.224996	5.347030	3.985382
4.991384	5.086893	3.772132
5.208945	5.140717	5.046554
4.385499	5.079162	9.017228
3.957728	5.514251	3.426766
3.277745	5.056380	3.460252
3.857080	4.766456	3.398562
4.169561	5.335012	8.597503
3.107313	4.313163	8.320110
3.561551	4.105162	3.391122
4.032589	4.877171	3.005490
4.463603	3.778522	7.352532
4.069782	4.917908	9.204460
3.969107	5.415844	2.815048
3.999542	4.421480	3.299291
3.687333	5.060674	8.739207
4.530414	4.050482	5.203860
3.794659	5.849079	3.268104
4.163733	5.740718	2.873426
4.085376	5.363510	3.252262
4.524237	5.024853	8.831942
4.175210	5.894993	8.729266
3.201436	4.465091	7.763555
4.747321	5.816686	3.453285
3.285801	5.503369	5.772813
2.611484	4.300081	5.473229
3.712852	5.979870	7.115996
4.244519	5.070266	3.435541
4.652337	5.682683	8.781195
4.626261	6.173399	3.170483
3.613761	3.927441	8.239222
2.478971	4.397355	3.875619
5.104161	5.257349	4.379510
3.631762	4.208058	8.225786
3.214916	5.661350	6.525847
4.241647	5.074395	3.217968
5.391160	5.751541	6.908164
4.093002	6.697957	7.443479
4.136056	6.628874	6.867621
5.150323	6.338160	5.411049
5.044809	4.284521	5.689772
4.815992	5.900867	7.907353
3.689195	4.700517	8.570859
3.244247	5.982033	4.056912
3.869601	5.528017	3.224681
4.398478	6.130364	8.405269
4.573740	6.144082	7.868054
3.973232	4.315527	8.839752
4.868248	5.588419	9.015486
4.320273	3.944339	3.689089
3.206820	4.469402	8.183548
3.147401	5.213629	6.084219
3.014928	4.700556	3.742143
4.290017	5.643183	3.222592
3.637441	3.387426	7.840533
3.457238	4.442679	8.238903
3.725946	5.629028	8.506494
4.985629	6.377731	7.951570
4.896769	4.197414	3.642943
4.053245	5.104920	9.058256
4.232637	5.116917	3.195931
4.725479	4.277237	4.673125
4.059888	5.107217	9.173738
4.360641	5.168676	3.259687
4.930888	5.357102	3.855626
3.575453	3.098712	5.085126
4.331987	4.843669	2.997562
3.845883	5.739338	4.199540
4.208766	5.077865	3.079785
4.563701	5.977665	3.880402
4.680614	4.822758	3.475011
4.562993	5.929050	8.414291
5.213052	6.381478	4.811749
3.616218	4.698119	9.458190
3.181859	4.501603	8.783301
4.169565	5.350467	3.083720
3.589667	4.256954	8.390778
4.387326	5.061512	3.446242
3.206785	5.109753	4.248422
4.904187	6.476709	7.213066
2.828477	5.501530	7.216520
3.751540	4.547461	2.836644
4.878957	6.154867	4.681555
5.023620	6.502148	6.385332
3.894749	3.786980	3.200517
3.142178	4.812769	4.263737
3.680949	5.471328	6.090637
4.624520	6.742578	6.049175
3.625498	3.330191	8.063482
4.248414	6.378899	6.525910
4.458158	6.285998	4.587136
3.649810	5.026842	3.375858
3.712659	4.308865	8.254895
5.019400	6.223862	4.030077
3.151597	3.444766	6.074120
3.565076	6.176869	4.827374
4.703900	5.734603	3.187594
3.719019	3.823363	3.671159
3.134947	5.710985	4.648675
4.066091	3.572239	5.690741
5.664461	5.984290	5.767821
2.663757	4.291604	6.890424
3.755289	4.202402	8.533639
4.217412	6.119629	3.487581
4.368408	6.126797	7.560174
4.116696	3.767001	5.309632
3.956197	5.373286	2.962681
4.623781	5.052567	4.280763
4.302549	4.817001	8.575008
3.740453	5.519358	3.056082
4.159259	5.733910	8.009845
3.347237	3.954987	2.865999
4.918490	4.571546	7.742468
2.585697	4.221526	5.083043
4.676630	6.821192	4.502446
5.079662	4.244802	5.330218
4.055187	5.792639	3.453927
4.541101	5.584470	3.197108
5.020279	6.897005	7.161009
3.542772	4.002868	3.480379
4.070009	4.862411	9.138901
4.449930	5.427588	2.808733
3.695586	4.369125	3.210507
3.147863	3.604768	6.044343
3.037908	5.299839	3.725448
4.238758	3.410612	5.575191
4.760495	6.675837	6.295220
4.820371	6.318815	6.080972
5.368241	6.735023	4.856021
3.726319	5.180846	2.932589
3.632636	5.546299	8.564114
4.371266	5.754615	7.972905
5.301021	4.938822	4.966676
3.880025	4.308607	3.015307
3.938210	5.631160	8.734844
3.937700	4.960924	8.928643
3.571835	5.465493	7.957282
4.326811	4.880396	3.445496
3.663434	6.151538	8.215460
3.754230	4.120960	8.656166
4.453122	6.128528	7.679245
3.764887	4.545906	3.185759
5.125914	6.228572	7.085231
4.509484	5.549957	3.691259
3.120361	4.973243	8.325759
5.516613	5.593344	5.245360
3.449736	3.841386	7.456061
4.448263	6.393922	3.693130
4.456113	5.915355	3.382880
3.259878	3.903022	8.455358
4.004382	4.653657	8.931106
3.596059	5.323269	7.727996
4.813637	6.835478	6.760301
3.264338	4.286048	4.198706
4.043686	4.735750	2.941489
3.095589	3.760033	7.980026
4.090091	6.251286	5.479478
3.112054	4.116684	4.087915
3.469213	3.246764	5.191663
5.046939	6.537087	5.176467
2.314230	3.287931	5.545278
3.967405	4.356040	7.720263
3.549336	3.685855	4.550252
3.303947	4.200664	3.513325
4.182024	5.852344	8.591489
3.297961	3.944538	8.066403
4.285045	4.469361	2.973442
3.415888	5.272537	7.557686
4.762391	5.638762	6.176302
3.205655	3.846570	3.019685
3.961910	5.690901	6.761470
3.666742	3.806577	6.893854
3.186119	3.409913	4.391410
3.537371	4.685181	8.764044
3.169147	4.963403	7.777361
4.064610	4.878050	2.378413
5.795553	5.175040	5.569983
4.335572	4.771137	2.953650
3.932698	3.701230	4.818051
4.986038	4.590857	4.717675
5.170858	6.398451	5.331112
3.674571	4.808102	8.964078
4.476789	4.373419	6.790048
3.618820	5.077478	8.514017
3.991149	4.697189	8.618653
4.447275	6.515351	4.154689
2.734054	3.710464	6.142823
3.272611	4.014348	7.456701
5.249207	6.419701	6.637900
4.496278	4.811660	8.787362
3.627029	5.367874	8.874298
4.597008	6.162597	8.056272
3.219481	4.808146	4.279443
4.496626	6.115544	3.658054
4.455265	5.576203	2.774109
4.399396	5.418307	8.565065
4.826264	4.478948	6.374806
3.060642	4.314563	7.817474
3.012266	4.565481	8.510441
3.821409	5.225828	3.017660
4.387755	5.203623	2.922691
4.629319	5.146069	3.055836
3.077496	5.960614	4.396868
4.181538	5.016946	2.749889
3.881635	5.135912	9.088497
4.839366	6.438181	8.024427
4.856820	4.908121	8.508783
4.096458	4.870561	2.749856
3.777504	5.809664	9.285993
2.820668	3.773448	7.183961
3.551415	3.418767	6.899737
3.905399	5.730163	8.906391
3.692801	4.662299	8.754185
3.069642	4.058848	4.261815
3.245693	5.955021	7.156236
3.383302	4.910353	3.153459
3.976983	5.124781	9.109335
4.606559	4.305086	4.700271
4.399963	5.066607	2.876049
3.524823	4.117895	4.199992
3.126713	3.044175	6.245444
2.733650	5.010202	6.961128
4.099364	4.184492	3.730153
2.677351	3.666211	6.052235
4.128281	5.021678	9.684419
4.719503	5.441751	7.283820
2.948427	5.418726	6.901838
3.312254	3.648474	5.563090
3.757403	4.570966	2.931498
3.901293	4.927280	2.932107
4.570528	4.483355	7.029528
4.261474	5.434490	3.488534
3.448848	4.717525	7.996265
3.684132	4.511358	3.207917
4.280984	4.518265	8.975481
4.150250	4.987492	2.736339
2.684106	3.663889	5.240958
3.815638	3.920986	8.633515
3.254211	3.325183	5.023842
2.916253	4.671933	6.477462
3.710443	4.244390	4.305867
4.241119	6.240509	4.382858
4.210196	4.454403	9.010807
4.949725	4.912230	6.293457
3.853803	3.910623	2.901533
3.706389	4.522331	3.243995
1.379306	1.386571	7.472703
1.331936	5.062974	8.861424
4.498932	2.172617	3.979003
0.336608	5.943968	5.711967
2.822809	5.899491	3.620646
5.577056	8.998374	9.680205
5.228528	4.759135	7.901960
0.341366	4.185293	8.370883
5.866504	1.142533	8.497901
0.887975	8.649849	4.204446
4.457088	6.642966	5.139927
1.121449	3.360583	2.338724
6.086350	8.153015	9.628149
4.904047	3.595025	5.212249
2.738110	7.886944	7.015526
5.724926	6.574273	5.676061
3.884160	5.279809	9.847600
6.144878	8.571905	4.174415
6.768742	3.734865	9.688268
0.133748	5.878233	6.741413
4.958084	8.291976	6.423853
4.462099	6.118346	9.497603
3.924736	7.214252	4.763426
7.842489	8.860767	3.888364
2.922422	4.129694	9.057761
4.922788	2.136685	3.851422
1.377360	7.834133	6.600356
2.710916	8.743013	9.981944
5.100213	3.570493	5.383272
2.539939	5.581133	2.049196
6.528159	2.511445	5.244589
1.274084	3.409316	8.522402
5.035117	4.484502	2.844522
1.384728	4.557955	9.388281
2.062021	6.998906	4.468587
5.296767	3.358803	9.096959
5.087617	8.598013	4.773065
0.395313	2.964299	3.440577
1.536079	4.748922	9.243276
1.929037	6.167872	8.687006
1.247635	1.253117	3.794550
3.665807	5.828647	5.940151
7.720131	3.894373	4.185935
0.532952	3.508575	5.998144
7.433020	8.398297	7.905856
5.459924	6.382337	2.089668
4.360455	8.222113	6.149408
3.502635	4.405903	8.089366
2.325416	4.962640	8.674478
6.602208	1.406428	4.517326
5.599915	7.736849	5.491058
5.304485	4.555166	6.868942
3.464370	5.090979	4.066630
1.578680	2.209756	9.943023
6.076063	3.445402	3.939061
6.108005	2.288789	5.125066
4.937802	4.727049	2.271764
4.474380	4.342878	7.002404
3.223873	2.434455	4.532171
6.813953	2.040891	6.686093
1.867658	4.844705	6.051579
4.865868	5.537139	5.755227
3.807846	3.014181	7.564097
2.937238	5.686331	3.638563
7.536752	7.177502	7.105010
1.856355	6.416590	3.341599
3.337348	8.256272	5.061645
1.687095	6.948994	7.444526
7.452226	4.747763	5.346593
3.520517	3.721797	8.128413
6.469552	6.622768	8.923750
6.221358	2.499667	3.422635
5.233228	6.334765	8.562171
2.111414	1.304186	2.212398
4.924069	6.669844	4.232410
1.389406	1.196497	7.899726
5.675338	3.601759	5.582550
2.918086	1.613010	7.524250
1.465351	8.266182	6.897307
5.004628	6.957738	6.042981
7.335958	3.962532	8.714056
6.989936	3.263671	5.015093
5.810950	5.456594	9.815690
1.213099	6.666082	8.493771
2.684217	1.384854	6.477635
3.058261	6.870173	5.171069
6.876083	8.969116	7.746812
6.318545	2.321880	6.367238
4.197166	4.848856	9.889114
7.580495	7.050266	2.355218
0.450882	5.643387	4.228542
1.554617	4.937896	5.454584
0.797398	1.809602	9.728734
1.891465	7.984543	4.112642
5.980421	7.678382	6.477798
7.392199	5.008939	6.891116
3.637592	1.421911	6.657342
3.326812	3.557808	8.433413
6.252739	2.031690	7.754298
4.511335	7.428465	3.512499
6.705023	6.829503	6.583602
0.531541	8.523833	9.097212
5.029672	3.589243	9.821062
3.819408	4.083636	2.239358
1.240643	4.276321	3.177603
2.154791	8.840611	2.850172
7.542011	6.707757	5.462287
0.664122	7.260271	5.445461
3.836032	7.233027	5.214560
5.863070	2.940000	6.547204
3.847123	5.111845	9.913260
0.683377	3.186453	3.255775
7.376615	4.928886	2.267799
5.621118	4.750175	3.453712
6.649114	1.693468	4.987368
3.603060	8.349140	7.232978
1.007961	4.225991	8.851156
5.025420	5.668241	6.720150
1.295016	5.870818	9.890496
1.157522	4.104142	7.368217
1.486241	8.560645	8.045387
6.587499	7.917471	5.583716
2.062009	6.098425	2.885646
5.637816	4.408236	5.017440
4.883530	1.600035	4.548241
1.365621	2.018179	8.337858
7.057426	6.265308	6.434779
7.410150	2.445694	8.331191
2.709736	6.751951	8.617289
7.997004	7.988409	7.870313
6.034032	5.484889	6.359570
2.249853	3.992855	9.266320
0.924988	3.398196	4.284442
2.690921	3.662476	5.610770
2.789389	8.655157	4.742007
1.830662	3.019654	6.125954
0.930130	3.669765	8.793368
4.922564	8.271660	2.020015
0.327868	4.801993	2.835942
0.738165	4.465715	9.020224
4.119905	2.467199	4.658985
6.884196	5.645141	5.707386
7.357165	5.697114	8.535858
6.448103	3.789060	3.364364
1.470796	2.344614	8.919883
0.249635	3.004365	9.034881
6.423512	4.359221	4.546827
0.348677	5.430891	6.366682
1.659546	1.308881	8.455958
5.748724	4.969387	2.884338
2.174309	8.097839	5.273595
1.861648	3.854349	8.075402
6.679119	8.305146	9.309041
4.256542	8.352091	4.793925
1.771257	8.874719	8.763975
7.074780	6.750138	8.063558
3.457469	8.771783	6.834709
6.156913	4.854142	8.054773
6.314928	6.250297	7.407637
7.478937	6.484372	5.651812
6.634371	2.442794	2.231566
7.699037	4.221076	8.250072
5.013888	4.606789	8.948638
4.477794	7.356791	4.621748
2.686862	7.274835	9.247935
3.473995	6.465040	2.397805
4.012486	8.577316	7.710061
3.957627	6.222440	2.079964
5.174086	8.302295	6.761725
6.216075	8.788376	6.758120
1.710071	8.495134	4.783207
4.659868	3.694254	6.598400
6.245770	7.209265	2.060698
7.880998	5.194286	4.889939
4.256373	1.876358	8.737086
