3.038180	5.651029	6.540514
5.111912	6.394408	4.191628
4.147654	5.577727	8.491916
4.067000	4.961097	2.776419
3.838912	4.070066	3.447191
4.779934	5.807893	3.493783
4.895847	6.565220	6.804273
3.751947	3.771883	8.314590
3.775498	4.998934	3.469560
3.163939	4.604074	7.310231
4.117051	4.745032	8.554453
5.005447	6.663948	5.427799
4.520598	3.889287	6.982238
3.225861	4.949550	6.712749
3.419301	3.945211	8.409214
2.935927	5.619349	7.327742
4.049895	5.745246	8.793332
4.718986	6.679312	4.864549
3.567218	5.202356	2.649344
3.777134	4.983684	3.321824
4.353254	5.134605	2.977653
4.356867	5.095865	9.034570
5.038015	6.304515	6.771285
3.076837	3.277838	6.243450
5.258852	7.186690	7.149771
3.038284	5.007681	3.762450
4.535052	5.835676	3.730163
5.081676	5.075724	4.918369
3.916661	6.216696	4.662236
3.836696	5.214989	2.560798
3.609371	4.664488	8.798149
5.337400	6.966447	6.077387
4.349686	6.266800	8.415694
3.990416	6.130163	3.684222
4.854305	5.132893	7.720719
3.247688	4.186254	7.063587
4.250690	4.803895	3.186284
3.510085	5.652958	4.368507
5.202232	6.308384	4.192535
4.634396	5.065746	3.220045
4.115579	6.329244	5.715629
3.680555	2.983592	4.815396
4.368602	4.285838	6.783490
4.522031	7.102644	6.871437
4.597291	4.978213	3.448534
5.369435	4.939862	5.202737
4.813155	6.077201	8.160707
4.174418	5.457652	9.218118
4.698972	6.345079	8.172884
4.228106	4.842220	3.348643
5.192089	6.438399	4.725804
3.762985	5.762700	7.806280
2.688005	3.961428	6.443558
3.966866	5.351000	8.469730
3.637799	4.766825	2.734551
4.686115	4.636322	6.817668
3.263801	4.115029	3.357791
4.334435	5.685911	8.684612
3.851503	5.613595	3.544353
2.689052	4.139703	7.259421
3.863498	5.350431	8.863710
3.721610	4.103100	3.432025
4.415918	4.212030	7.968218
5.462865	6.284285	6.982321
4.086053	4.392064	3.037705
3.048557	4.769321	5.779862
3.570828	3.517792	5.767852
4.076752	4.632706	3.079767
4.564855	6.646048	5.026384
4.745942	5.921889	3.711303
4.398490	4.147098	3.375994
3.911623	4.812278	2.823630
4.416316	5.420939	8.545105
3.846602	4.897381	3.051104
4.199010	6.078741	3.331848
4.041635	5.087873	3.348807
3.672519	5.025388	3.483357
4.947488	5.364682	5.515867
3.789382	4.870584	8.418153
4.026737	4.775247	3.092913
3.159245	3.813453	4.153215
4.343473	6.217282	4.219705
3.838311	4.453088	9.071376
3.482350	4.308362	3.211493
3.412670	3.605171	7.037843
3.911573	4.690729	8.893050
5.121201	5.566028	3.275642
4.396757	5.928942	8.176105
3.562118	4.085410	8.466479
3.630796	3.725115	6.444218
2.841589	4.977014	9.056921
2.625425	5.006942	4.799618
3.804319	4.758822	3.155161
2.927470	4.540170	4.097124
3.247102	4.978824	8.900515
3.758509	5.117462	9.177909
4.475881	5.940069	8.706160
4.107775	6.685044	5.851652
4.663193	6.041155	5.280648
4.905203	4.665935	8.613319
3.479252	5.367441	3.820363
3.515438	3.703851	7.873279
4.611942	6.055613	4.102483
3.217359	3.372836	8.080887
2.781582	4.909854	4.390528
2.971595	3.509455	7.808067
4.824437	4.611984	6.474305
3.608028	3.483843	6.169877
4.350130	5.720417	7.779656
3.040902	3.986453	4.607825
4.746890	6.458485	5.544002
3.490445	4.078524	8.466380
3.153921	4.912021	3.403830
4.882183	6.443442	6.049009
3.088545	4.823724	4.217006
3.964864	4.855795	9.123599
4.913574	4.373324	4.911315
4.111154	5.090656	8.648078
4.905314	5.761265	8.251570
3.849386	5.169842	2.619531
3.676325	4.889309	8.955476
2.894996	4.114839	4.055092
5.126139	5.818094	7.871243
4.631620	5.647492	9.451511
3.262100	4.366508	3.456175
4.450158	4.228957	3.048434
2.658659	4.662524	7.123519
4.680041	4.030914	4.762191
4.257208	6.831248	6.878402
4.179628	3.315416	5.347584
2.402817	4.977571	5.613680
4.331732	5.443715	2.860401
4.462770	6.669984	4.796692
3.701997	4.390976	2.978345
3.679991	3.366176	6.613048
3.357553	4.463982	3.269983
5.315972	6.660446	6.381411
3.215519	4.593755	8.339038
5.044399	6.004760	3.995802
4.624251	5.575284	3.747360
4.261411	4.640652	9.279291
4.430190	5.048057	9.662390
4.094308	4.340286	7.316450
3.666884	3.331163	4.259041
4.087662	6.397395	6.984503
4.328624	4.780338	7.691890
3.371801	3.294844	6.541587
3.891004	4.347270	9.058050
3.881307	5.516490	3.242121
5.271508	5.928200	8.060189
4.201968	6.697025	4.335737
4.023891	5.003685	3.113878
4.924621	5.079253	3.501910
3.896670	5.323389	8.863397
3.615641	5.505319	3.086267
5.842292	5.234669	6.962198
4.922006	6.524740	4.507672
4.281571	4.947901	8.990873
3.257977	4.270158	8.087698
4.607480	6.884469	6.363148
5.165515	5.821299	6.705113
3.356715	3.811961	7.759778
3.558810	5.411170	9.258958
5.462296	6.198077	7.236198
3.826495	4.716773	3.294871
5.083847	5.895706	8.376448
3.063111	4.940677	5.364988
3.946952	5.752635	3.559498
4.179653	5.677767	3.654230
3.170222	4.328630	8.236630
3.235650	3.340159	4.444801
3.730455	6.337558	6.283542
4.425371	4.715104	3.631558
3.821174	6.391730	5.877153
4.195378	4.814908	2.703455
3.397894	5.041543	6.785818
3.816056	3.313481	6.789966
3.983301	6.256385	3.819764
3.768902	6.438316	5.142697
3.884121	4.888361	8.840069
3.673130	4.821754	2.944569
3.898704	4.383092	2.992322
4.791989	6.206315	3.501163
2.928180	3.534738	7.685626
5.256532	4.389769	4.513736
3.184271	5.805720	6.737392
3.331035	4.599872	7.881495
4.774823	5.755207	3.253067
5.428796	5.743188	3.901019
4.452957	5.189273	8.754479
4.998597	4.484979	6.763485
3.554381	4.643912	3.770532
5.093621	5.106158	8.447320
4.257622	6.200205	7.903416
4.496582	4.213111	8.737457
4.696445	4.864754	3.036144
3.413497	5.045344	8.459246
2.761810	3.515621	5.910069
4.865591	6.074481	3.996331
5.291285	6.444342	5.443431
3.949704	5.475226	8.821822
4.914839	6.234208	7.468653
3.726463	4.884610	3.274250
3.198688	4.857349	3.664142
3.410580	3.374305	6.803934
4.011773	5.442877	3.221389
2.968404	4.688595	8.283177
3.484287	3.346321	6.994652
4.272797	3.566474	4.212550
4.186266	4.904024	8.267498
4.631637	4.948951	4.428905
4.831450	5.647726	4.802651
4.111263	3.818878	4.584579
4.866519	4.909871	5.474409
3.576759	6.028014	6.003242
3.297599	4.112538	7.323804
3.913589	6.139949	7.383290
5.031334	6.231537	5.980326
3.711244	4.787709	2.785142
4.998768	5.110384	8.629354
3.115685	4.707908	4.828550
4.285716	4.790286	8.670273
4.428257	4.779958	8.713795
4.535070	4.141264	3.338169
3.617985	5.891496	3.721796
3.994849	4.936132	3.074953
3.714906	4.938454	2.966142
4.271638	5.415510	9.183702
3.964627	4.723449	2.902192
2.672172	4.044236	5.209526
4.909231	6.039168	8.227989
4.510262	5.782163	8.901490
3.706094	4.342417	9.190803
3.803722	5.142570	2.880274
2.576838	4.463802	5.803668
3.714855	5.605947	4.719275
5.715293	4.989038	5.962109
5.015905	5.130307	7.812502
4.545310	4.499668	4.161067
3.146579	3.227160	5.404615
3.357158	5.998710	4.089269
3.890520	4.777095	2.952401
3.337866	3.966406	5.726643
2.564759	4.481841	7.538103
4.483688	3.593708	6.913427
3.281428	3.173873	6.004258
3.285620	3.163119	7.545267
4.207406	3.905961	7.249767
2.781773	3.467217	6.801705
3.924683	5.224548	2.551625
3.941836	5.301038	2.678457
4.265345	4.864563	9.191500
5.267617	5.969203	3.616747
4.142889	4.359022	3.557372
4.522540	5.389876	8.671355
5.073910	6.851229	7.594387
3.099500	4.398805	8.837572
3.131860	3.969501	4.277962
4.684870	4.833678	3.613540
3.286901	6.010220	8.388675
3.989457	5.925474	3.145314
2.718417	3.985809	6.578244
4.427471	4.223593	4.552793
4.569562	6.310184	7.515801
4.521391	5.399459	9.084592
4.205498	5.159756	3.133732
3.503094	4.924100	3.570176
4.453744	6.496785	4.387707
3.391833	4.998661	7.749274
4.277022	5.527787	3.840597
4.563490	5.040116	3.250074
4.415999	5.048877	9.063004
4.664155	5.919715	3.685393
3.118985	3.827528	4.550218
3.331762	4.089673	3.178697
3.775565	4.813063	3.346042
4.126678	5.518990	2.915377
4.056591	4.784418	2.514447
4.531367	5.821019	3.991167
3.709690	4.459208	9.313239
3.886614	5.187389	2.827608
5.116057	6.693281	5.985186
4.452847	6.485075	7.096457
4.206089	4.554887	8.732479
4.454362	6.049210	3.283557
4.942285	6.333210	4.253759
3.379928	3.378785	3.684563
5.013680	6.549140	6.021902
4.303971	5.854274	3.608158
4.473935	4.147367	6.053918
5.188373	5.666903	4.555512
4.047089	6.263061	4.756686
4.026226	4.441309	8.453433
4.743228	6.097554	6.500525
3.615212	4.462029	9.335747
5.303356	4.989826	6.741001
4.267314	6.459769	5.719759
4.976699	6.454968	7.871005
2.597242	4.337523	6.996606
4.066755	5.142662	3.141375
3.911987	5.136740	9.234964
3.781367	5.064723	3.080953
3.551918	5.123944	8.627764
3.614020	4.204454	3.549799
4.393485	4.447054	3.930447
5.240307	5.665552	8.163847
2.963911	5.421910	5.876601
4.003072	4.933535	3.450861
3.813021	4.923400	3.211615
4.496848	4.748886	8.057525
3.495002	3.541436	6.416434
4.179696	5.243812	8.787435
4.239650	6.583366	8.070077
3.358320	5.500476	8.001373
3.841551	3.845080	7.846194
4.403370	4.655029	7.859662
2.672367	4.108945	3.556654
3.596360	5.724488	5.109108
4.361208	5.380519	8.793879
2.989223	3.466358	5.111862
4.915550	5.201108	6.493450
4.442073	4.615478	9.231244
4.198555	5.267919	3.447872
3.169946	3.226886	6.896010
4.820079	4.416800	7.819850
3.665920	5.053874	9.138282
4.605371	5.143419	2.811908
3.416663	5.335259	4.996964
3.192472	4.345005	8.271005
3.052561	3.525969	6.041875
4.756729	5.335306	3.094089
4.511128	4.145989	4.368785
3.598733	3.476349	5.857399
4.818348	6.752764	4.906725
3.585770	3.335063	4.746181
3.648868	4.316236	3.667859
4.131883	4.606182	8.655958
4.060643	3.785775	5.704373
4.598652	6.879058	5.980240
4.014607	3.912373	7.982880
3.979718	4.980508	9.000416
3.798427	6.323742	6.370661
3.884718	4.992122	8.861738
3.894668	4.369624	8.427501
4.321411	5.347333	2.911941
4.422261	5.838647	8.277998
2.863992	3.556653	7.478582
3.468485	4.994302	8.432221
3.714502	5.994954	3.880287
3.475548	6.044339	5.599802
4.480542	5.017729	3.096564
4.535648	6.630236	5.973134
4.428098	5.265586	8.781940
3.701065	5.897801	7.813104
5.164404	5.284790	7.489143
3.408709	5.617994	8.212234
3.417773	6.003888	7.693318
3.995509	4.634558	8.364548
5.704339	6.376265	5.612109
3.952430	6.469257	4.944433
4.409930	5.807779	3.094457
3.563262	4.899954	9.396540
4.295031	5.459288	8.910373
3.580459	4.921974	8.931601
3.791938	3.949163	7.198813
5.133801	4.878818	6.457827
3.158366	3.997711	8.352037
2.854287	5.426795	5.397559
5.296328	5.345974	4.200321
2.740024	4.633254	6.084397
4.247799	5.314012	8.810535
4.359057	3.806120	4.232333
3.216067	2.974757	4.316686
3.140062	5.111542	4.404982
3.983909	3.515758	7.865875
4.581883	4.856017	4.292657
4.162384	4.729332	2.885271
2.745605	3.180566	4.971920
4.081415	5.170185	9.120446
3.711035	3.785956	4.000244
2.855851	3.433089	5.281304
3.546519	5.146638	2.718023
3.746816	2.928316	5.548521
3.824870	4.766930	9.102058
3.693290	5.897761	7.305311
3.167672	3.715201	8.179544
2.701821	4.729837	7.554223
2.847407	4.103542	5.851103
3.036894	5.476520	7.662632
2.891753	3.391571	5.177794
4.309391	6.370831	8.343833
2.970800	3.216095	7.177865
3.908641	4.125578	3.641072
4.970005	6.227526	7.138726
4.039230	3.534704	4.195616
3.963942	3.718131	4.730941
3.403311	4.599758	7.541728
4.317456	5.044713	2.963729
4.022714	6.212978	4.261909
2.921147	5.008398	6.024250
3.951412	4.156510	5.567407
4.207217	5.028663	3.055282
3.740843	5.984248	4.146074
4.342535	6.913710	6.669885
5.798190	5.504536	6.128540
4.022045	5.393233	8.499433
2.567293	4.447026	6.194802
3.310934	4.538338	8.008087
3.890853	5.325011	8.758495
3.760206	3.376420	5.095269
4.471900	6.450365	7.624799
4.172484	5.576968	8.643748
4.210860	5.221322	9.052254
4.003844	5.109285	8.592445
4.879646	5.162475	8.541647
4.259193	5.307119	2.942067
4.766169	4.497222	3.489403
3.883224	5.021042	9.149906
3.807615	5.196557	8.935056
4.091161	5.085105	3.011525
3.158074	3.310731	6.325142
4.062608	5.832825	3.530867
5.131998	5.610364	3.769342
3.796223	6.303987	6.687657
3.429859	3.198803	4.707055
3.028859	5.336410	4.180482
4.106673	5.182996	3.357976
2.573622	3.358691	3.669787
3.474529	4.261609	8.807361
3.794588	3.908995	3.171551
3.336307	4.579724	3.607990
3.956854	5.908531	8.271454
4.403754	5.056026	2.690297
4.691191	5.615609	3.617143
3.555632	4.568740	8.453396
2.635541	3.645210	6.128244
4.463791	5.697563	3.324236
4.974406	4.478227	7.422659
4.194547	4.550235	3.606072
4.534254	5.526371	8.574326
3.842768	5.517363	8.553387
3.460541	5.120199	8.907726
3.096894	4.330043	9.084805
4.448294	5.709763	8.871060
3.205585	5.271521	3.067185
2.873872	3.903240	5.945255
3.174421	5.489974	7.548197
4.332634	5.783931	8.334031
2.814622	3.607984	4.832553
3.206046	6.063754	4.604883
4.087548	4.507066	3.187382
4.218069	4.244847	5.802383
4.525724	4.317522	3.093916
4.572728	4.695388	3.376369
3.157410	5.593333	4.706076
3.891449	3.645057	7.575829
5.139602	4.292386	7.727219
5.506455	5.964042	5.889697
3.591004	3.444848	3.399440
5.230453	6.056532	8.114563
4.682073	4.092604	6.958376
3.213657	3.442546	6.696209
4.058097	3.888153	3.990287
3.458094	3.636988	9.044517
3.754622	3.764935	3.785122
3.829189	4.552034	8.552823
4.368812	5.380039	8.431427
4.347367	3.804978	6.257432
5.565327	5.951719	6.072541
3.182023	5.253061	6.719032
4.199824	4.042556	4.917124
4.218216	5.065256	8.298904
4.121105	5.438197	9.042731
3.811439	3.811928	3.775682
3.749174	4.360479	3.586315
2.876642	4.100508	5.545731
4.330208	5.118353	4.460893
5.174348	6.189964	4.623289
4.489073	4.391920	8.449511
4.236735	6.746530	7.671381
2.818376	4.775484	4.571502
4.664108	4.746386	7.692341
3.353083	3.654613	4.471016
2.789472	4.442723	7.824492
3.839064	4.686997	3.266804
4.537597	5.924636	8.299788
4.248192	3.517272	3.634373
3.535409	5.551981	7.843797
4.520959	6.649116	4.251920
3.468116	4.645144	8.809824
3.616551	4.876654	8.600815
4.164705	4.882815	9.080730
3.305688	5.346937	8.406265
3.501903	4.803170	3.026994
3.797774	6.899054	5.238453
4.170769	5.246876	3.216267
3.868359	4.786603	8.971344
3.976616	4.677757	8.749938
4.009132	4.540823	2.954759
5.333880	6.661215	5.991101
7.384271	3.875955	3.288936
3.395560	3.243615	6.846762
5.816758	8.327743	4.623870
5.365952	6.680103	8.007927
4.900653	2.309076	3.305044
6.433105	5.322303	4.394680
0.563376	2.538060	9.923984
5.896479	1.036682	2.335346
4.607038	1.434904	9.697652
3.500499	4.572677	4.401883
3.162793	3.254067	3.413509
3.987964	4.289908	3.133811
5.563110	3.131126	9.146997
1.676854	6.183749	8.811502
0.680695	3.371125	9.769015
6.707487	4.280573	4.440371
4.344444	1.079006	2.430748
6.539296	8.801597	8.080129
0.148106	1.152224	5.017001
4.001124	2.273288	6.353026
7.991975	2.051323	3.140779
3.092343	4.817069	2.984364
6.818217	8.320074	4.764272
2.664439	1.134790	3.058631
2.182442	1.166504	4.504517
1.677186	3.182213	6.002624
5.354101	7.768323	7.107011
0.452618	3.494234	8.030576
1.915270	2.196070	7.104788
5.783034	6.736585	2.661258
0.424722	6.744199	4.431927
3.023717	1.519239	2.844702
4.329034	4.127196	9.484602
1.532988	6.528181	7.828998
5.736096	1.721894	9.493141
6.867694	5.430091	9.350389
3.772773	3.090183	7.037102
3.200176	8.100370	5.870576
3.747784	6.197574	9.598179
1.009104	5.295514	6.395865
0.909861	1.838314	5.268217
7.158752	6.159066	2.601215
7.252623	1.938286	2.292610
0.477809	5.689333	4.851880
5.510585	5.228137	8.418546
6.764758	1.652674	4.441244
5.577674	1.085868	6.915873
2.972496	6.924363	8.004143
4.172434	2.903295	5.605293
3.003242	3.619472	5.604897
7.596461	4.325618	6.370863
7.403480	2.902251	6.755505
4.139248	8.639191	9.270830
3.677104	1.673773	5.135214
1.796486	3.023414	9.616924
1.842974	5.410213	3.818377
2.829038	6.809061	8.051783
4.031316	3.215231	4.329887
1.167834	3.226169	9.489569
4.431949	3.691055	6.513330
4.671248	4.293076	9.393339
5.905186	2.292077	4.330233
0.711659	5.348179	7.132667
4.663985	3.567678	5.622673
4.179680	3.466289	2.587203
6.559982	7.286109	6.609222
2.382539	8.543695	4.116203
7.559528	6.400711	9.417944
0.017872	4.774214	4.153975
6.210221	6.673530	3.632170
6.261327	6.295874	2.477234
6.757585	6.315937	3.650926
5.744926	3.571095	3.947606
5.681566	1.841343	4.313255
5.414814	5.505803	3.376744
0.293721	7.222357	4.287107
4.779934	3.858261	5.037943
6.146454	8.951426	7.863433
2.305757	3.956038	2.939442
6.357023	1.744244	2.538209
5.691690	4.598432	4.128100
2.756105	5.988565	7.436500
0.000787	1.281617	2.236963
5.921303	7.720828	7.573376
1.687054	6.010693	8.289996
5.275190	5.434049	3.162976
5.704892	4.491704	4.377352
0.044392	6.416907	5.063003
4.145724	8.877006	6.027138
6.188383	4.266831	4.817910
4.963940	8.941699	8.446179
0.957268	6.690468	2.562470
3.444170	4.916366	5.517976
2.999297	6.350963	5.881136
4.376703	4.569204	7.665928
1.165455	4.863528	7.346670
3.698436	6.777942	8.843356
4.785970	5.558835	5.468656
2.999437	2.039809	8.127285
3.457172	5.111825	6.054943
7.726393	3.747105	3.123744
6.858177	6.771757	3.546427
2.273074	4.743816	3.705549
7.826211	3.205240	5.108562
7.569123	2.458142	2.173303
0.081845	3.522297	8.177532
2.348203	7.111985	2.601600
2.929544	1.103101	8.401172
4.773422	8.547480	3.958339
0.742776	3.254143	2.320410
0.467085	5.495559	2.005169
0.236899	4.889023	2.722360
3.036432	4.052927	2.923732
6.848455	4.448832	2.424026
5.289605	3.498327	6.810543
1.269293	4.370235	2.676550
3.102494	8.502807	2.237682
7.966226	7.303491	2.596773
0.876761	1.151457	4.727206
3.691280	4.376682	5.936092
4.888587	8.270054	6.128238
6.253976	4.726565	3.007446
1.706660	7.102009	9.546351
0.553868	5.685277	7.681882
1.215115	5.307121	4.812519
6.976486	6.028757	6.651928
5.219161	2.845040	2.384434
1.924364	4.995979	3.226193
5.459644	6.494945	9.924038
5.909581	2.818994	8.952092
6.314299	3.964959	2.890849
7.600309	6.405009	7.808761
0.931955	7.223889	7.492661
1.764047	6.295711	5.318779
4.391447	2.258518	4.112922
0.605395	2.412705	2.236862
5.545282	8.250343	3.692403
0.891965	3.224921	7.101647
0.415165	3.340692	7.523517
4.720634	4.908772	3.010287
5.109571	5.435408	4.694685
7.041722	5.187677	6.986181
6.462751	7.104920	6.752903
4.655522	5.833954	9.188828
0.103199	5.162829	8.766881
2.477639	7.954478	7.883162
1.755484	3.951005	9.158637
5.276172	4.913906	6.637207
2.612304	1.117589	5.604241
3.196841	2.342297	8.135267
2.478973	3.132156	2.344805
0.383918	8.202566	3.031788
5.822380	6.976874	4.888051
1.389642	6.501816	8.176767
7.278277	5.898612	2.606612
0.006570	3.524293	4.931436
3.368051	1.687461	5.948858
6.000665	4.667848	9.786075
7.353918	5.169887	6.940968
3.285447	4.142473	9.613857
1.959799	7.592667	6.450213
3.482005	1.310693	4.081684
0.458395	8.529839	3.159196
3.365249	3.405438	8.510708
1.209742	3.910094	8.453406
6.084750	5.405405	7.023407
3.383376	1.682457	4.125345
2.242315	5.051467	4.126411
0.911901	3.664055	3.182216
7.568429	1.024748	9.163105
7.828797	7.360599	6.731520
7.011435	4.095129	5.105192
4.500181	5.430219	3.863792
5.429681	3.583574	5.679707
7.518789	8.941835	4.752864
