4.549498	5.953608	3.701608
4.665933	4.612160	8.211867
3.517665	3.512690	8.009588
3.952448	4.230537	8.687423
5.170323	4.352078	7.018093
3.282723	3.652637	7.733949
4.099298	5.391824	3.118496
5.106024	5.212031	3.020930
3.055660	3.164011	4.341603
4.943162	5.196077	6.429889
3.883107	5.218324	8.585438
4.371756	6.378862	5.147114
3.375658	6.038071	6.840771
3.584832	5.282245	3.508687
2.829202	3.414838	5.457976
4.966159	4.463849	7.866141
4.190284	3.885067	3.760976
4.098920	3.454233	6.343353
3.544584	5.523282	8.303727
4.586661	4.400682	8.784946
4.430335	6.198276	4.424895
4.136778	5.218111	2.802716
4.491789	6.025460	3.799241
4.957655	5.439431	6.223551
5.353517	6.761572	5.918009
3.234331	4.167691	3.508821
4.169117	5.275610	8.474467
3.747572	5.044113	8.810234
2.710916	3.877883	4.629899
2.399876	4.133061	5.873528
3.610863	4.598852	8.281406
3.296191	4.286838	3.782728
3.332842	4.230103	3.987811
3.672607	2.825494	6.081812
3.274559	4.943133	9.013365
3.192807	3.271969	6.739066
4.067085	6.337812	5.973783
4.197677	6.247930	5.151257
5.186759	6.666901	5.502247
3.454352	4.610990	9.113892
3.941517	5.018689	9.213070
3.322414	3.358799	5.893207
4.142622	5.048247	8.785307
5.229780	5.651753	3.830094
4.070228	4.606715	2.871964
3.821274	5.407795	8.884383
4.191362	5.113443	3.354839
4.376336	5.626424	8.283341
2.988556	4.754557	6.156999
3.591527	4.831284	3.073176
3.309020	3.606898	7.646024
4.450435	6.574392	7.477260
3.379585	2.948754	6.278210
4.720050	4.525378	6.438481
3.307672	5.520928	8.181243
4.411052	6.552714	4.552044
3.809728	5.976019	6.748661
4.601094	3.910539	6.601641
4.601312	5.693308	8.727705
3.325928	5.104581	3.616484
5.253286	5.371881	6.875589
4.564427	6.337467	7.477805
2.780650	3.581615	7.365085
3.172708	3.718627	6.646678
2.726787	3.359101	4.712427
4.416559	5.467531	8.672092
4.351558	5.090242	3.255178
4.624534	5.114249	8.149053
3.105903	3.754526	9.017074
4.995515	5.977344	3.129205
3.699406	3.960462	3.920011
2.684266	4.270206	7.300395
3.526638	4.924865	8.812813
5.032683	6.590134	6.955413
4.744782	6.082422	3.225319
4.445894	5.521030	8.356722
3.884720	5.203109	8.943076
4.763357	6.184510	3.808970
4.533840	4.982468	3.744368
3.770832	4.949802	8.826852
3.290284	4.466583	8.537382
4.421189	4.571922	8.550058
3.902685	4.768635	2.678901
4.034430	4.902513	2.625333
3.824257	4.029077	3.488370
4.323562	5.375411	3.194832
4.274054	5.021432	8.888518
5.385269	4.983393	5.937202
4.629901	4.357312	3.971478
3.930919	4.950158	8.466536
3.551597	4.503438	3.294427
3.514411	5.734478	4.515235
4.876547	4.430316	7.213205
4.531965	5.892917	7.931142
4.829738	6.178955	5.198154
4.308848	6.054999	8.324960
3.717581	5.896283	3.975780
4.922758	4.285237	6.492101
3.573878	4.813332	2.778209
4.034632	4.875823	8.989865
3.612145	5.984272	5.194390
3.885390	6.270828	7.969304
3.801663	4.981857	8.898328
4.212300	4.957119	3.186109
4.203909	3.912618	3.815826
3.838533	4.994747	8.958700
4.265224	5.829813	8.724777
3.030952	5.648916	4.979622
4.320905	4.394174	9.261616
3.962227	5.201777	8.597238
3.409954	4.951220	5.706987
5.196618	5.604676	5.200448
3.599791	4.821782	8.695396
3.757677	5.842062	8.311202
4.228339	4.371787	8.993069
4.270510	5.894258	3.521345
3.302491	5.216577	3.124643
2.947710	3.750103	3.882275
4.364111	5.269731	3.014040
3.889970	5.253648	3.160882
3.991930	6.079693	7.899234
3.873946	4.944604	2.786009
3.583076	4.767772	3.768937
4.505799	5.309996	3.347745
2.736172	4.235286	4.182825
3.657340	5.499322	8.259932
4.457498	7.109118	7.073799
4.069421	6.029985	4.012782
3.432531	4.711632	9.063035
3.814149	4.390757	3.112251
5.103205	6.208206	5.952080
5.071480	6.016346	9.003197
3.794904	5.036842	2.966481
3.536806	5.091774	8.409861
4.901706	5.210364	6.782402
3.990397	6.875081	7.820381
3.958457	4.986663	8.915761
3.407800	3.976761	8.352834
4.846727	5.742082	8.035752
4.764915	4.189022	6.798784
3.719930	4.608987	9.251056
2.885827	3.073424	5.630500
3.234424	5.168489	6.526519
4.373638	6.581383	4.121480
5.056213	5.672246	7.284778
4.722669	5.289404	8.475186
4.162276	5.624093	3.451526
3.001492	5.419801	4.612977
5.133979	5.483935	7.220953
3.733792	5.011720	3.448635
3.608742	3.392219	4.585437
3.637697	5.188497	9.046333
2.969927	3.734591	5.693978
3.229148	4.053480	8.347381
3.690912	3.747802	7.278758
3.815326	6.068853	8.447851
4.083266	5.192807	9.198933
3.910629	4.654658	8.906198
5.220749	4.985585	4.845688
4.125030	6.835760	4.854198
4.066965	4.998470	8.867194
4.881460	4.993604	3.908888
3.583312	4.913214	8.506259
3.935691	4.877164	9.434445
3.871425	4.943911	2.854015
3.652357	4.379455	9.049745
4.756577	5.161752	7.319987
4.777115	3.882777	4.189820
3.984981	5.266624	3.065523
4.958974	5.906669	4.022794
2.673112	3.432558	5.610078
3.966751	6.170581	6.405862
4.000996	5.103155	8.562867
5.270385	5.918360	5.326473
4.307905	5.631900	9.068245
4.792924	6.072453	8.495908
4.273321	6.105594	9.141450
4.437570	3.776404	6.049441
3.769824	4.702868	9.147116
4.783404	5.660064	3.359725
3.638989	6.252697	7.966284
2.807611	3.069877	4.433333
4.126404	4.367907	2.984946
5.267211	5.099663	5.409575
5.222182	6.273841	6.332333
4.715420	6.262669	8.397469
4.069565	5.065779	8.609845
3.820495	4.998517	8.344601
4.561937	5.242703	8.360071
4.095835	5.178371	2.961488
5.179851	5.281719	6.173058
3.524461	4.090082	8.212509
4.460653	4.887927	9.423192
3.263712	3.669832	7.138602
4.324699	4.073633	8.243897
3.465401	4.755483	3.786759
2.978819	5.231822	7.147178
2.934027	4.902668	7.892632
4.182638	4.326613	9.193754
4.005676	4.476059	2.738855
2.578801	4.140113	5.962232
3.529165	4.477525	8.870290
3.365951	5.266610	4.493377
3.728572	4.245545	3.710903
3.927817	4.993270	8.275001
5.541659	6.132522	6.718374
3.195929	2.602229	6.405886
3.924385	5.734378	3.589068
5.451622	5.852887	5.159953
2.920237	4.687144	7.693144
3.177945	4.100905	8.195735
3.080155	4.604420	3.306688
3.345011	6.024302	4.011444
3.169587	5.079057	8.065469
4.039778	4.932505	3.628918
3.577053	4.604933	3.100204
2.504741	4.736594	5.454758
3.835178	5.109904	3.321127
4.880587	4.837957	3.236089
5.126207	6.375748	6.801935
4.966672	6.416313	7.132515
4.128669	5.337583	2.953403
5.189088	6.204663	4.397706
4.499124	5.714638	3.315490
2.884679	2.833662	5.940718
3.428373	4.051212	4.424813
2.510561	4.273461	6.856633
3.936639	5.303683	8.898204
4.367679	5.557450	9.158187
4.315159	6.562723	4.317032
4.057536	5.643588	2.771087
3.951989	4.837728	2.980786
4.562218	6.386927	7.440048
3.944746	5.793342	8.380272
4.189930	4.115197	4.071126
4.157689	4.508949	3.104882
2.819933	3.290886	7.328748
4.750564	5.132477	7.735921
4.394864	4.634155	2.811620
4.244168	5.424880	9.049702
5.359345	5.814716	7.262929
4.068746	6.509594	6.058620
4.469536	6.519177	7.198813
3.887901	5.385561	8.771843
4.338951	5.315991	2.754140
3.056986	3.460333	5.420128
3.359587	4.513466	3.372023
4.674747	5.664081	8.442869
4.271462	4.786437	3.034453
4.956961	5.008743	7.296887
2.727390	4.756410	6.928643
4.412440	4.867755	2.949872
4.627711	6.645381	4.745605
2.680658	3.627926	5.757997
4.274013	3.735565	7.554896
4.603601	6.422304	4.449124
4.590967	5.023008	3.465796
5.147110	6.617316	5.811990
3.967350	4.787854	2.410973
4.095703	4.992379	8.843994
4.452097	5.130230	9.200762
4.486052	5.097942	3.502915
3.474452	4.927005	3.060088
5.245782	5.493352	4.918388
4.011472	4.414677	3.172879
3.346209	3.315596	4.123500
4.109466	4.405698	3.105505
4.401345	6.567682	5.258773
4.037496	5.069097	9.154317
3.951131	6.464058	7.160456
5.462535	6.410079	4.678067
4.010397	5.918003	7.541882
4.996749	6.350641	4.497562
4.957192	5.030733	7.939122
3.640118	5.633909	3.651943
3.356136	6.150991	6.204995
4.736080	5.857292	4.357132
3.353904	4.760174	4.741800
4.696304	7.090108	5.315067
3.056921	3.711732	7.945360
3.176121	4.243067	3.422109
4.236919	4.604949	7.533180
3.016001	4.195569	8.904512
4.115725	4.381263	8.840242
3.094789	5.558201	7.862638
5.103948	6.092074	7.472759
2.730279	4.331445	8.176723
4.518597	6.369762	8.114448
3.200707	5.408393	7.887047
3.652248	6.077322	3.833447
4.308843	5.588343	3.655095
4.451585	4.591160	2.948194
4.182949	4.789305	8.907922
4.600443	6.708524	6.477662
4.295766	5.000405	9.111387
3.729531	6.195836	6.089326
3.825283	5.037282	2.924458
4.090552	4.932994	9.067015
5.189933	5.665970	8.372923
3.912820	3.483526	5.929862
4.572825	6.924268	3.786464
4.244188	4.846379	3.333811
3.447522	5.333416	3.852015
3.576469	3.126756	5.502800
3.513243	3.186562	5.385824
2.682810	4.650108	6.999376
4.040306	5.170760	9.087509
4.501064	5.316297	3.413485
4.506193	5.118563	8.586151
3.235010	3.645346	6.981789
3.335563	3.935228	7.315767
4.940664	6.115896	8.255784
3.669936	3.218315	7.105936
4.216140	4.807918	8.883606
3.189618	6.040078	4.616117
3.149108	3.972035	2.964501
3.519383	5.372955	3.586319
3.463493	4.710698	3.229934
5.226277	5.885388	5.183088
3.789945	4.232124	8.875040
3.155633	5.115504	3.434174
4.447729	5.571836	9.309224
4.213938	3.431856	4.528815
4.277919	4.719281	3.412100
3.354349	4.362898	4.890384
3.031836	5.634774	7.117951
4.219636	5.210508	3.430285
4.451365	4.707616	8.280517
3.847586	5.669914	5.916161
3.899228	4.924260	3.248850
2.651208	4.880999	6.902843
3.085918	5.865428	8.481845
4.585607	5.261862	2.898519
3.363966	5.693776	7.480318
2.899355	3.812717	7.937046
3.148662	4.379462	3.381841
4.607032	5.485258	3.087830
3.954734	6.766754	7.280205
4.665912	4.921291	8.900378
3.229003	3.344458	8.484897
3.064378	3.911026	3.658682
4.033132	5.029566	2.838534
4.515265	6.184861	3.510431
5.044439	5.433953	3.477778
4.151357	3.995054	4.659026
4.032838	5.170732	3.127978
5.270877	5.932563	5.535921
3.957250	5.010282	9.096088
5.097234	5.710015	8.034717
3.943774	5.382770	3.419101
3.074377	6.018982	6.753994
3.638376	4.360815	3.559724
3.054313	3.386774	4.608853
4.563774	3.980877	8.586814
4.364416	6.810970	5.562645
3.435643	4.002742	3.366450
4.449674	5.933873	4.512935
3.978476	5.198561	3.226832
3.447250	4.400838	8.862520
3.041772	5.129568	3.782145
4.017900	4.965916	8.809000
4.465242	3.893903	6.178535
5.273306	6.268421	6.596529
4.538468	5.534677	3.215079
3.316173	4.777277	8.534964
3.223633	4.563583	3.407121
4.112790	4.478576	3.378614
3.150905	5.160435	6.004472
5.011060	6.429931	7.616217
3.421792	3.638167	3.744977
3.589693	3.752784	3.723226
4.500236	4.641901	4.856634
2.543227	3.772047	6.152803
4.191899	5.333346	2.619666
4.523466	4.863349	3.982052
4.894610	4.027353	5.296786
4.439375	5.812307	3.286206
3.294373	4.578447	8.800274
3.295700	3.984282	8.820999
3.875101	5.030725	3.022725
4.113282	4.960972	2.969082
3.859042	3.828361	8.171061
3.862812	4.807748	8.718968
4.341384	4.791891	9.097690
3.055400	3.268002	5.186240
5.340246	6.881268	5.816521
4.004773	5.193532	3.264990
3.351963	3.307011	4.523929
3.979637	5.092353	3.173888
4.202953	3.928939	3.968688
5.236232	5.093708	4.607038
3.915108	4.782168	3.298302
3.462678	5.539208	3.822294
4.190237	4.364190	3.326269
4.182492	4.074149	4.901473
3.747280	5.931976	4.080375
2.695579	3.909201	6.492102
3.367888	5.766262	6.017576
3.186382	5.343176	4.691084
3.415715	3.928817	8.095148
3.346718	3.496661	5.434009
3.680436	4.565197	8.343148
3.329690	3.425867	7.495394
4.119072	5.151832	8.906311
5.081953	6.324423	6.157329
4.430591	5.839210	8.771986
4.603405	5.611857	2.717672
2.655020	3.712668	4.878175
3.483554	3.024750	5.505955
4.661871	6.089111	4.379389
5.803922	5.312861	6.033215
2.996397	3.721222	6.851253
3.681502	5.169657	8.842501
4.210145	5.669275	9.289872
4.743289	4.708803	5.182700
3.150600	4.286052	4.540530
4.994375	6.074197	6.866319
4.168123	4.554910	7.673791
3.394819	4.563810	7.870001
3.172267	5.001704	9.042905
4.252742	4.442693	8.311446
5.037048	4.121763	4.628690
3.399802	3.357036	5.260168
3.407505	5.041955	3.935511
2.763951	4.251770	6.840961
2.588797	5.621892	6.929072
3.372860	4.495236	8.137443
2.914235	4.522524	7.490479
4.161086	3.557915	6.239636
4.555424	6.607336	6.407115
4.932583	6.437779	3.846620
4.604262	4.428503	3.761717
4.258758	4.330121	3.553417
4.058238	6.654752	4.805978
3.639987	5.699193	8.552359
3.139058	5.508767	4.150652
4.627210	6.668908	8.359065
4.989421	5.767348	8.701791
4.754682	4.714236	7.458029
4.110241	6.071308	3.264306
4.283620	3.749598	4.926451
3.178632	4.829216	5.265592
4.481401	6.181840	7.829936
4.633625	5.986021	7.989810
3.054539	4.099333	3.807312
3.573041	3.102198	6.800233
3.692308	5.630856	7.803210
3.500111	3.596951	4.497597
4.130007	5.140985	8.517289
4.901882	5.248257	4.234789
4.272627	6.698214	5.629164
4.385176	5.002854	2.955320
5.056824	4.713444	6.098126
5.209472	6.815006	4.735814
3.025918	5.370379	4.507446
3.899030	6.288718	5.769877
4.083908	6.579523	6.788821
3.813940	5.580436	8.717825
4.180638	4.386609	3.437470
3.830378	3.740704	8.557112
4.798477	5.301912	3.548747
4.468196	6.939482	6.887187
3.815053	4.062053	3.401338
2.879269	3.144619	6.350399
5.289275	5.396020	4.374947
3.804089	4.863706	2.995997
3.959590	4.685618	3.319243
4.158080	4.201635	7.080184
4.702627	6.288535	3.779057
3.555616	5.205667	8.562542
3.997303	3.733462	4.789663
3.861989	5.719720	8.626363
3.573652	5.745222	5.508835
2.211838	3.680609	5.853357
4.867800	4.895864	4.115814
4.054167	3.698050	5.017079
3.636801	5.165948	8.803278
4.284648	4.446712	2.707415
4.781228	4.334494	7.034955
4.022599	3.151051	6.959876
3.947953	4.764437	9.349124
4.723889	5.144961	8.447523
4.748292	5.214155	8.170006
4.259560	5.080107	3.200701
3.700246	5.193318	3.215357
3.471320	6.168062	5.247010
4.338583	5.753781	3.333547
3.793569	5.625077	3.368061
4.529035	6.209887	2.870350
3.796540	4.779238	3.011682
4.283599	3.984947	8.399636
4.024650	3.994728	8.462931
3.627941	5.262649	3.256292
3.495041	5.441116	3.997488
5.130830	6.605293	5.012730
4.864874	5.303327	3.484273
2.587421	5.361837	4.419736
4.930331	6.083863	7.487001
2.928841	4.892598	5.297719
4.132763	4.246179	8.420940
5.585631	7.078236	8.540139
7.520256	3.140628	5.688116
6.458107	6.786609	4.044434
4.806240	5.998690	8.497935
5.911886	3.148904	8.969312
6.091387	2.535978	7.296065
6.498256	2.428251	9.350077
7.091111	2.012664	4.824635
6.720270	5.095043	7.780819
5.349844	1.599560	2.321073
5.981716	1.863868	2.475231
7.487783	8.830930	8.145208
1.232969	2.836727	9.369459
0.386386	7.643627	7.294603
3.666864	5.771244	7.359096
5.536776	2.820980	9.940312
5.745858	6.985980	2.494348
5.677917	7.399867	2.655134
7.248406	5.649128	2.089737
4.381607	7.731880	7.175845
1.375583	3.805506	3.207580
7.352160	3.866741	6.602359
3.935233	5.020601	4.303216
7.900152	6.965787	8.641652
3.991907	5.799325	4.556619
2.579247	1.175211	6.922801
7.203290	3.367662	7.108300
7.180974	1.571923	4.377368
2.379805	3.335835	6.941093
2.300761	5.864822	7.771999
6.944445	1.200442	9.448280
2.977384	1.480516	7.258137
7.453622	6.480510	3.222214
7.439842	3.707585	7.860516
3.614059	3.142695	2.587747
0.087837	6.487263	3.619662
7.305417	8.952806	7.800938
0.645317	5.044149	5.936691
2.395167	4.856347	8.890186
1.208354	8.767600	6.747881
6.235492	2.327612	5.432867
0.934575	3.810031	5.363425
5.538822	2.537260	2.848158
5.440192	2.579623	9.481530
6.395374	5.740467	3.254622
7.790608	3.258675	6.385327
2.258069	3.325250	2.614584
2.479863	7.103594	6.448331
0.677906	8.573341	6.468890
4.521500	4.862399	8.691334
7.367236	2.190499	4.256909
4.087880	1.649023	9.692963
1.261990	1.984526	2.954359
6.838104	1.844592	5.177729
3.591005	6.624544	2.880410
3.470293	1.030710	2.230101
6.681814	1.886850	6.525850
7.933681	6.128783	5.182083
6.833240	4.609405	9.268957
4.729988	8.350214	4.251950
5.761249	5.488215	8.899480
0.340359	6.424678	6.618980
1.212739	2.016978	7.671908
1.807813	8.838380	2.065290
3.423553	7.700273	6.111648
0.049644	4.921759	3.335265
1.626513	2.096286	9.832553
0.946548	1.540909	8.586059
5.681441	3.149064	6.215890
4.105752	3.929153	4.467363
1.999989	4.618573	4.033143
2.632402	5.341991	3.582470
6.311638	8.086819	8.942478
1.594342	4.384994	9.501204
4.591852	6.221323	3.917986
3.679633	3.123265	9.616676
4.204358	4.078786	4.493313
7.985346	4.422740	3.166502
5.262062	6.057383	5.931153
4.751299	3.532493	3.869697
5.092912	2.653387	4.180149
7.855638	2.388054	6.258197
6.676846	1.527780	9.251004
6.481304	6.671168	8.223497
4.925755	2.208887	9.733783
2.645302	4.986018	3.659447
4.202477	3.541598	5.381147
7.076761	8.933870	2.723345
6.153745	2.547589	8.270924
6.651527	6.010141	6.861087
4.783859	6.969502	5.118970
2.709855	5.654381	7.726124
1.549224	4.341520	5.946533
2.993820	8.148613	8.565391
1.746980	6.949407	7.586652
7.102905	5.260080	4.615463
3.414036	3.923651	7.772492
5.998651	7.718688	4.974397
0.242512	4.995269	2.838995
3.964469	4.287291	9.500807
2.942037	2.974934	2.061980
5.815673	8.864436	4.060822
7.714110	3.011700	9.775987
0.592166	8.638122	6.951828
2.872356	2.452137	7.785898
6.526667	7.693917	9.318209
1.091940	3.302445	6.765686
6.561303	3.543826	2.414431
6.755603	8.376870	6.864361
6.202314	2.340168	3.375546
2.162136	4.226127	6.191603
1.472963	6.185661	4.955046
6.608998	8.465419	8.191595
3.000551	8.587693	3.014448
0.775650	8.244363	4.107564
4.892899	6.584976	9.486903
3.200284	4.121784	5.706311
7.922793	6.028189	5.210434
5.021162	6.923187	3.617385
0.787285	2.190626	2.432009
0.002284	6.425539	3.927843
6.868485	4.305995	6.213227
5.604964	7.208709	2.627160
2.302481	6.975164	9.661665
6.040216	2.836553	7.869047
2.515994	4.206810	5.653245
0.247829	7.141334	2.903685
2.318207	7.382432	5.345972
7.249066	2.271465	4.209116
4.783724	5.535130	6.865783
7.821818	2.912345	9.578946
1.137410	1.169276	6.575960
2.329362	3.156345	8.997744
4.785015	7.414780	3.283950
5.891644	5.188127	7.415172
2.378065	5.915070	8.403658
7.952053	4.290222	3.083811
1.805130	8.883757	5.744985
4.750414	7.262364	5.154779
2.748514	7.284710	4.580548
5.421941	6.389839	4.284948
0.139108	6.296498	8.751308
2.426148	1.856310	8.250531
6.935013	2.726913	6.561192
2.354962	8.859751	3.824064
1.308058	5.860109	4.599084
1.796822	1.710333	3.016806
7.302921	3.446643	6.239694
0.549307	8.918517	5.945361
5.995941	5.757230	5.845970
3.758311	4.031083	2.445502
4.356940	4.899606	8.128208
6.387101	8.240022	6.238778
1.092847	7.253190	5.980138
2.685509	1.673209	5.716097
6.733514	6.203848	3.821461
2.972201	7.604376	8.976761
0.557750	7.500277	6.015991
2.593960	7.509353	7.556765
1.934442	7.205234	7.208995
1.904602	3.613017	9.760105
6.717044	1.570475	7.040051
3.687664	4.761290	9.655589
0.774500	6.143643	8.581926
7.493028	8.343855	5.846883
3.898616	3.690307	6.419928
1.768727	7.047057	9.262070
7.898886	2.439142	4.104839
0.633812	5.332446	3.136897
5.597207	6.966209	7.025207
3.289213	3.475293	9.016004
6.426920	5.752522	6.678835
0.398005	5.610132	5.309436
3.893541	4.864250	7.397342
3.397281	2.359306	9.042898
