4.069053	6.284305	4.248012
4.001377	5.235456	3.406484
4.676625	4.483648	7.610571
3.816593	4.690539	9.120676
4.964141	6.223229	8.456063
3.348819	3.409938	5.233568
4.643955	5.642730	8.943612
3.496988	4.306670	3.442699
3.944451	5.338140	2.987604
4.658724	5.342220	8.421989
3.070506	3.894008	7.791649
3.259649	3.943311	3.424747
3.917055	3.776392	4.770436
4.811247	4.116472	4.356015
3.802997	4.949792	3.038488
3.506622	3.772925	6.619636
2.702877	4.160895	3.720796
5.110302	6.745277	4.418817
3.954952	4.677857	3.441960
3.843005	3.601471	8.299024
5.499507	6.173272	5.811271
3.352671	3.577345	7.089375
3.937462	4.651544	2.634936
4.289710	4.803271	3.338981
3.212099	3.699660	4.347885
3.760851	5.802043	7.761110
4.134263	4.842463	2.982930
2.920710	2.954157	5.162744
4.059760	4.756967	8.427820
3.031590	4.461685	7.874105
3.489733	6.134192	8.527835
3.137398	6.217015	6.063078
4.458031	4.601497	8.534988
2.825360	3.995626	7.607399
4.500035	6.337917	3.680139
5.273259	5.693752	7.922773
4.506171	5.147942	8.285816
2.702110	3.865615	7.531341
3.609778	3.735427	4.471724
4.118072	6.379709	4.138350
5.238298	6.484767	5.558594
4.302421	3.623147	6.384348
4.861203	4.658907	4.776225
3.533366	5.337900	8.239688
5.133865	5.628774	4.302277
2.930802	4.193440	7.312078
3.625786	4.612403	3.070475
4.340823	5.067531	8.774029
4.130663	5.658813	2.974075
3.365653	3.980831	7.537007
3.298433	5.400618	5.375509
3.963680	5.165916	3.112325
4.341971	4.917018	9.151059
3.715529	6.596363	6.117238
3.971852	6.907781	6.004915
4.300396	5.262016	3.069696
2.627134	3.988879	6.087512
4.127821	6.169669	3.457748
2.772049	5.244960	6.782678
5.454039	5.765376	7.253242
3.458564	3.688125	7.701505
3.356782	4.946146	8.730750
3.393409	5.673275	4.325881
2.918690	3.610383	6.834094
4.213546	5.132653	2.914528
3.787281	4.534084	8.874422
2.994404	3.104096	5.019738
4.797250	7.481555	7.301861
4.873908	4.406259	7.223974
4.457393	5.057059	3.688148
4.286839	5.222554	8.889123
3.143106	6.032719	5.747718
5.011185	5.251722	4.202240
4.809455	4.158133	4.885252
3.330838	4.609677	7.277706
4.335103	6.656811	5.687009
3.663491	5.046269	3.178667
3.023603	5.253004	6.065171
5.367358	6.122365	6.940322
3.550213	5.921169	7.974028
3.731329	5.050822	3.011138
2.860268	4.131259	8.108571
3.429811	4.721015	3.228905
3.784097	5.582774	3.288277
2.869937	4.931848	7.221730
4.079427	5.319610	8.408311
3.258902	5.582049	4.399998
3.814186	5.627498	9.056190
2.858517	3.378169	6.507172
4.045244	5.600472	8.645909
2.998205	4.871095	8.870983
3.656031	4.787631	3.213336
4.764710	4.606224	7.072906
3.810409	6.573768	5.986073
3.524987	4.351504	8.879017
4.157392	4.459520	2.821198
4.281739	4.493802	4.195391
3.911766	6.106746	8.174256
4.163936	3.582841	5.874506
4.630026	5.643701	8.503200
4.150164	4.600339	3.133565
4.494847	4.391683	3.459887
4.597279	6.387213	6.913576
4.823814	6.614174	6.963017
3.635790	5.721721	4.000106
3.998124	4.810152	9.359728
5.329661	5.723405	7.358412
3.800803	4.386344	3.380325
4.176524	5.490178	3.527973
5.172799	4.393343	5.657650
3.816182	4.427249	3.368348
3.693229	5.059789	3.235912
3.568003	4.730148	9.401134
3.961448	3.766001	3.583743
3.568835	4.914453	3.256836
3.971726	6.565246	6.122523
3.258993	6.129729	8.246236
2.862374	4.029898	6.554577
4.646400	5.470031	8.653873
4.991633	6.253238	8.403350
3.918026	5.144088	8.867735
3.496093	3.572872	3.856545
5.398435	6.771242	4.868493
4.212021	5.171223	2.777852
3.830075	5.210569	2.944407
3.668278	3.492067	6.156477
3.249783	5.750033	7.980808
2.729686	4.089817	4.094758
4.165175	5.534687	8.822748
2.961738	4.884993	8.070103
3.700228	5.226010	3.066149
3.409261	4.400846	3.528481
4.251876	5.763063	3.122644
3.973791	3.857841	7.696344
4.357652	5.532891	8.635865
4.096844	3.595419	4.242030
3.887822	6.106560	3.426752
4.231208	4.840888	8.728690
3.535583	3.499237	5.354833
3.506507	3.684843	4.716167
4.284511	4.145302	7.821770
3.040909	5.257834	4.495899
3.263847	4.530737	3.293667
5.079093	5.338111	4.276452
3.046289	4.019836	3.459392
3.216699	5.424343	6.768472
2.823498	5.200017	5.197006
3.835395	6.070882	3.913786
4.514929	4.983284	8.820617
4.114866	5.026380	3.176618
4.051127	5.215290	2.810767
4.127039	5.010257	3.505489
4.277572	6.264959	3.878478
2.877966	3.814580	8.013980
3.575078	3.919301	8.280917
4.209710	4.841668	9.100177
4.714847	4.933250	3.688489
5.780925	5.175519	5.888893
4.290606	4.164847	8.418157
2.780231	4.805216	6.532114
4.720190	4.816924	8.857212
3.776617	4.769414	8.770440
2.878612	4.051913	8.651821
3.548411	3.414368	7.370816
3.005229	3.788248	4.495096
3.436052	3.499108	5.814616
4.442065	5.562759	2.817122
4.450259	4.079890	6.872629
4.528715	5.415743	2.989234
5.310112	5.291796	7.939435
4.053820	3.805380	8.321114
3.185175	4.288311	3.699708
4.245499	4.338118	8.835991
3.738200	5.377965	2.981174
3.938417	5.797669	4.014427
3.763485	4.941207	2.500135
3.961545	5.158118	9.118782
3.524828	4.139876	8.945857
3.262530	6.079792	6.629124
3.771801	4.580573	8.567203
3.889787	4.421927	3.241428
4.597414	5.863679	3.211689
5.145342	5.109228	8.604741
4.224136	5.171385	3.102545
3.688809	5.246712	3.814913
3.250937	5.073395	3.655169
4.699609	6.227855	4.097574
3.759254	4.870680	8.927869
3.530570	4.235609	8.244951
4.350315	3.611778	3.862568
3.819262	4.333691	3.377668
4.221292	6.332896	7.103958
4.838055	6.280811	3.382417
3.500053	5.191799	8.271582
3.985036	3.508045	6.554347
3.115435	5.268514	6.166951
4.052551	6.358615	7.007677
4.183712	4.597869	3.068362
3.564709	5.139163	8.787408
4.194329	5.436891	3.400063
4.654939	5.267429	3.884025
3.370946	4.568694	3.824333
3.654841	5.355351	3.936910
3.350547	4.209426	8.267454
4.617025	4.380680	5.715067
3.382959	4.004395	3.696579
4.624072	4.766208	4.330319
5.203895	5.988732	7.482578
4.176952	3.956520	8.061629
5.169525	5.736702	5.821487
4.343744	6.063242	8.622994
4.621965	5.114250	8.822351
3.946810	5.090087	8.973389
3.351087	6.120845	5.633553
3.011596	4.876310	7.786609
4.286468	6.336733	4.097749
3.750272	4.978067	2.882072
3.578858	5.057367	2.995977
2.364270	4.298280	5.077900
3.916655	4.348993	9.326272
2.626045	4.283930	6.343480
4.117904	5.222730	9.079751
4.856974	5.604233	7.720732
4.267946	4.564466	3.532574
3.171195	4.187977	4.638059
2.827621	3.985066	4.357830
5.049693	6.612574	7.067937
5.233385	6.756750	6.486594
4.163427	3.093379	6.232434
2.125234	4.007190	6.440317
4.192309	5.372102	3.170851
4.020379	3.854908	3.917503
3.493654	5.350298	4.007257
5.317420	6.571850	4.665602
4.104865	5.178572	8.930139
4.407670	5.380397	9.145229
4.838843	4.621022	5.102555
3.188545	5.193766	7.222342
3.399230	4.005995	3.378102
3.713284	3.920133	7.385138
3.506005	6.360777	6.460843
5.151325	5.546255	7.501962
4.128209	6.585108	4.667249
4.718159	4.526747	5.619165
4.762649	4.288658	7.254674
4.447386	5.360085	2.619163
5.065147	4.832466	7.690955
2.785021	3.975202	5.716211
3.888216	6.024137	4.158750
4.784249	4.272186	4.673792
3.600135	4.187955	3.475319
4.941915	6.052991	7.820263
4.917086	4.786604	8.574741
3.554918	2.721853	6.186632
3.555678	4.808946	3.040286
3.844410	4.772581	3.167251
4.042009	3.645000	6.918266
3.976827	6.170630	4.359921
3.663961	3.678344	6.827658
5.150701	5.194414	8.428347
4.674350	5.862781	3.324265
4.201992	6.223462	3.637401
4.495265	5.211400	8.769208
4.888710	5.373792	3.137203
4.496903	4.445334	3.592739
4.360340	4.338965	4.771511
4.162547	4.685982	3.150974
3.999765	5.868503	7.917844
4.917515	6.162389	7.418005
4.604274	4.087940	8.286580
3.319492	2.590315	5.207499
2.990340	4.532331	6.612420
4.566375	4.218318	6.041283
5.330424	5.751647	5.558756
4.469776	4.854949	8.966328
3.660354	3.546005	3.718661
4.788484	4.996540	5.069594
4.269506	4.603972	9.370470
3.792980	4.353511	2.991143
4.190193	5.347599	3.364169
4.659664	5.959725	3.408017
4.645471	5.630879	7.701990
3.443684	3.461360	4.480660
2.647720	3.234798	5.440763
4.395954	6.595677	7.952871
3.582143	4.361744	2.976507
3.128325	4.342014	4.401815
4.652181	3.753579	4.403682
5.130836	5.623433	4.287189
5.063705	5.194523	6.870563
4.976611	5.440462	4.481528
4.905821	4.721930	7.760669
2.365715	4.008809	6.088022
4.479766	5.206835	9.133212
5.379201	6.013468	5.073991
2.445946	4.367811	4.720637
5.146201	6.876805	6.040970
3.173152	4.446458	8.269342
3.599702	4.840066	8.821514
4.529851	6.212094	8.570121
3.156867	4.890298	9.015063
3.207528	3.531370	8.249390
4.253992	5.495103	8.401904
2.824727	4.927579	7.171809
5.436966	5.557425	4.836809
4.024986	5.149836	3.037668
2.983928	4.022367	8.832767
4.506326	5.208697	8.225237
4.863648	6.654214	5.290360
4.403221	3.461520	5.771412
3.849680	4.703603	8.958998
4.687445	4.317438	7.821149
3.720048	6.252715	8.600107
3.118967	4.414131	3.597119
4.794168	6.707941	6.464975
3.675522	5.174802	8.675746
4.233027	4.743970	7.728458
4.618008	5.546081	3.573696
3.930028	6.275418	5.280054
4.262415	5.448056	3.455297
3.331841	5.909637	6.328015
4.136069	5.336346	3.102862
4.305488	6.634861	4.535107
3.451700	4.765561	3.621610
4.546466	4.626447	3.221078
4.907927	5.702799	7.763716
3.772424	5.430951	8.477135
4.684122	4.798322	8.732687
3.376958	4.472280	8.968763
3.894147	5.235534	2.687707
4.880060	6.299081	3.732204
5.413744	6.683755	5.200606
4.706941	5.458364	3.796032
2.603271	4.650913	3.598373
3.645966	5.055450	8.846819
4.592033	5.683260	9.078090
3.031830	5.043308	5.492827
4.021313	4.440114	2.824584
3.647596	5.104723	2.981846
3.451416	3.634205	7.733840
4.094158	5.810323	2.722644
3.742288	5.294268	3.296619
3.644304	2.998655	4.427109
3.545261	5.583584	3.362731
3.918156	5.649873	8.526802
4.440573	5.063283	8.591718
4.370527	5.046296	3.407606
4.274806	4.506936	9.176723
4.610940	6.466849	5.242021
4.468169	5.434938	8.820928
5.100965	5.424063	7.878278
2.918166	3.686619	8.037771
4.116645	5.356612	8.921923
4.256697	6.432239	5.540408
3.870503	4.814556	2.938934
3.270941	3.136455	5.815993
3.173151	4.991117	8.515128
4.634975	5.540833	3.134095
4.701252	6.819954	6.423417
4.010858	6.537879	7.135942
4.299380	4.752051	2.834968
2.976166	4.340512	8.928799
3.741808	5.158957	2.941487
3.810002	5.371699	8.746448
3.601235	4.003845	8.692580
4.721878	6.218872	6.826091
3.670176	4.941238	3.209615
4.260107	3.609909	6.716771
3.927580	4.923107	9.079588
4.726481	6.969366	7.842533
3.022046	3.626234	5.769196
4.952129	6.462769	5.402224
4.435799	4.068656	6.114396
4.600988	6.514366	7.790692
3.717141	4.987669	9.127411
3.405177	3.767032	7.354303
4.510807	6.050116	3.903513
5.400163	5.216727	5.855246
3.827815	5.841064	5.185258
3.529031	5.484199	4.805493
5.620859	6.025893	6.512538
3.056315	4.404923	5.258829
3.402716	4.979909	4.162861
2.659324	4.791985	6.696306
4.633269	5.598525	8.295844
3.991824	4.914925	8.946434
3.626538	4.595337	8.397766
3.228298	5.693076	4.624203
3.691652	4.321202	9.129238
4.451294	4.790055	3.139564
5.115030	6.567123	5.731472
4.976838	4.909115	4.196719
5.274511	6.540006	6.533254
4.114883	3.433298	4.966153
4.740165	5.049002	8.506958
4.575349	4.552841	7.415365
4.168423	6.304103	7.866286
4.053781	5.355778	2.812474
5.127021	4.983579	7.606826
3.618739	4.967750	2.992605
4.284876	6.887825	4.637976
4.074742	4.647402	9.136114
3.774163	5.419513	9.012423
4.172584	4.318220	3.703048
5.044432	4.834403	6.414550
4.353649	6.386033	5.597882
4.148172	3.940703	5.017068
5.227020	5.861917	5.374410
4.196386	5.390076	2.659242
4.528417	5.291817	3.160575
4.804430	4.939354	3.161389
4.486478	6.296309	8.698975
3.491846	3.931999	8.504861
4.362204	6.037932	3.217786
3.967163	4.449916	3.700631
4.401499	4.076589	7.587665
4.704836	6.259992	7.315039
5.137297	5.355725	7.548126
3.572693	4.982749	4.227509
3.374895	4.659208	2.935297
2.868466	3.002712	6.652266
2.914963	5.086864	7.476567
3.968231	4.891294	3.341502
3.148378	3.222818	6.578281
4.862134	4.332365	3.769551
3.478799	5.509844	5.245886
4.322388	5.572430	9.091291
3.836983	4.830400	3.023641
3.167173	4.430985	3.292272
3.357512	5.742447	8.877059
3.251636	3.203938	6.559563
4.073713	4.591497	3.239094
4.943943	6.519997	4.716934
3.774399	5.003088	8.595270
4.849511	5.635839	3.796912
4.089514	4.262442	8.823957
2.847929	4.463905	3.317769
3.960789	4.890095	8.761547
3.197823	5.501088	5.831189
3.837156	6.340798	7.155944
2.737777	3.517648	6.873750
4.778304	6.496180	4.386256
3.579983	4.010831	8.244395
2.818084	3.904808	4.354604
2.992049	6.125965	7.660673
4.361886	6.623463	4.319634
4.310135	6.526597	5.149649
2.623469	3.902452	5.021886
4.522589	6.752020	4.604564
5.690659	5.665399	5.987581
4.082182	5.392084	3.128355
4.213695	6.202914	4.987261
4.634149	4.786956	8.430418
3.819212	5.131792	3.279189
4.795476	5.470550	3.679651
5.025298	6.803796	4.652586
5.127461	5.450917	8.715800
3.604285	4.617933	9.039621
3.688113	4.594880	8.632909
3.531488	4.383806	9.343901
4.176736	6.151339	8.157624
4.005591	6.995553	7.042714
4.074166	4.943223	3.502433
5.494330	6.163472	4.556136
3.804180	5.475792	9.221069
4.566571	5.942945	8.070894
4.186525	5.135739	9.199024
5.163210	5.655567	3.775789
4.463039	5.094621	8.746537
4.230953	3.681778	5.670991
2.925875	3.576764	4.816514
2.639103	3.590856	6.301848
3.727919	4.251470	3.483854
3.397048	4.250390	8.276072
4.065581	4.655961	2.976702
4.039112	5.149009	9.266329
2.771240	3.491959	5.272145
3.484291	5.571322	8.026524
4.209847	5.535515	8.588355
4.498173	5.139425	9.035803
4.830572	6.364262	5.139444
3.873139	4.411510	8.258154
5.345251	5.348882	6.715959
3.444546	3.411329	6.432581
3.187225	5.012004	3.303669
3.605268	5.519129	8.406825
5.548223	5.633109	6.054311
3.417514	4.547364	8.890413
3.879951	4.909543	2.962736
4.929644	4.665248	4.061973
4.260740	3.815631	4.646748
4.326015	4.224398	3.947208
2.808131	3.331035	4.826812
3.149778	5.441201	6.663806
4.365650	6.234605	8.277193
3.430853	3.925220	8.414059
3.983201	3.706151	7.608256
3.830682	3.727209	4.891891
4.053196	4.812229	9.142629
2.892857	4.271309	3.755126
2.165927	7.058800	2.794304
0.342473	5.822828	9.885330
7.277673	7.899933	6.684728
5.100002	8.493990	9.777561
0.050117	2.144529	7.428065
5.671765	2.609712	3.082541
6.290404	3.970901	7.775795
3.487473	8.348646	5.866398
1.330219	6.443846	8.265554
3.772983	1.572479	8.422850
1.919187	8.705088	2.611876
0.280003	1.584083	8.960876
1.509072	1.462687	3.466871
5.179893	1.040905	2.398902
7.372523	7.492451	2.516993
2.420405	3.432919	5.930942
6.745246	6.614884	2.700260
5.818081	2.578597	6.111712
2.658845	1.913809	7.055045
6.240221	6.589552	2.866838
6.580022	7.577254	2.485887
3.141500	1.251701	9.348173
5.188185	2.346511	3.717695
1.902996	1.244127	5.451002
4.742872	6.004892	3.861605
7.220433	3.673332	7.463750
4.650932	8.043078	5.312653
0.033415	6.127674	3.574721
4.030138	6.843332	5.143800
5.890281	5.928175	7.113313
7.725791	7.980407	9.827706
2.381141	6.924754	6.622094
4.993746	6.548886	2.130759
1.919038	1.117378	8.676202
0.925658	4.231034	4.864754
5.912200	1.527037	2.854956
0.972317	1.206120	5.857835
0.520659	7.922692	2.292617
3.844563	1.347226	2.956829
2.902888	8.603416	9.267927
3.585039	2.066515	3.011151
7.792029	7.758602	2.151372
1.239095	5.672768	7.040656
4.986490	5.335769	8.532641
7.338319	1.093675	8.036614
4.338455	5.879315	9.355074
3.326170	1.263106	2.803921
3.023418	2.512983	5.286808
7.316769	8.890833	4.426884
1.066071	4.047885	5.754277
4.344831	3.870972	2.613209
2.948551	6.779246	3.447727
2.422591	7.565936	4.683237
4.446111	6.014623	7.985498
7.503378	6.488572	9.058686
4.431910	2.651498	3.356799
3.601434	4.739478	9.852025
2.521237	8.533416	6.482040
6.536270	1.084398	4.512426
0.210672	6.667221	5.030395
6.332114	2.019531	6.953815
7.314171	8.105672	9.197281
2.663990	8.426968	8.892238
6.616259	7.101134	4.165578
0.361734	4.539435	9.205964
0.809822	4.829046	5.364955
2.963200	2.113003	4.977234
6.648598	1.378865	5.810991
5.204815	5.164919	7.073476
5.506685	1.233504	5.451684
2.361489	2.506463	5.022032
5.221072	6.644069	2.986505
5.998283	6.747021	4.230708
1.421687	8.055503	2.997949
6.799746	5.503182	2.001223
6.319837	2.384290	8.509915
5.190778	5.218972	4.707112
7.446013	8.591966	3.928332
5.752876	2.547375	7.302261
0.018576	2.787988	5.393964
1.096802	5.238059	2.623387
4.767464	1.789167	4.758346
7.062154	3.935874	5.500429
0.981727	4.684828	5.774691
1.898159	4.856958	4.122156
2.907120	6.431730	5.094154
1.105607	8.778346	3.585229
3.065422	7.919591	8.685845
6.131300	5.118864	5.167440
5.284791	8.994743	7.288857
4.725911	4.332985	8.394923
4.957550	1.361943	9.471845
3.763924	4.798977	7.433606
6.664727	7.820137	6.082708
1.750088	1.943894	4.815236
3.365572	1.634224	5.177594
5.949609	1.034427	4.109359
0.812404	7.746340	2.125598
7.042638	7.626733	7.097481
0.333993	5.040140	8.678800
0.104239	8.207958	7.437584
4.902139	6.879147	5.602622
5.373330	4.711066	3.650757
3.893855	3.278003	7.482485
1.604745	4.227126	5.420229
5.938627	1.734987	6.703239
3.976708	6.928019	3.918764
5.398435	5.638073	6.157269
4.409854	8.921232	2.276080
1.826782	5.610909	4.685987
6.475594	6.505072	2.792389
7.499017	3.366250	8.609101
4.353377	5.270210	3.501543
5.164494	3.159036	4.730660
3.614243	1.383390	9.044291
1.880851	6.342014	6.666227
6.160959	7.662001	5.848275
2.741376	8.898607	5.099777
4.065636	4.944596	4.184225
3.891969	7.053496	5.945581
5.558522	5.490728	3.084761
6.105902	5.822610	6.740562
4.920203	3.581610	6.289905
4.032961	1.583586	2.094090
0.913434	5.422979	3.604952
6.250971	7.094037	5.281025
6.620487	1.028162	9.495454
1.796396	8.257697	7.293833
3.843268	4.154422	9.199603
1.030056	7.389501	3.008533
4.815732	1.163007	4.091596
4.595552	1.885349	2.725601
4.542640	1.526237	5.563446
2.720224	7.510152	5.426974
1.218941	1.377043	5.991840
1.446360	2.101609	9.967904
0.621326	2.382678	7.000534
4.632343	2.670953	3.620765
2.728193	6.875412	5.829615
1.013618	4.029287	4.222460
5.578211	1.626783	7.902094
7.940490	5.895189	3.292834
1.941973	3.964938	6.934044
2.945380	3.793020	9.406116
7.669523	1.640603	3.938498
1.111679	7.616953	5.178665
0.313491	1.376063	4.344665
6.074391	2.247754	3.943328
1.100608	1.344635	5.328391
3.295659	4.101215	5.224553
1.525022	8.922364	2.910026
0.120896	2.778042	4.201261
6.637194	4.514345	3.938195
2.293532	2.617755	7.791711
6.528642	3.114401	5.906031
3.091258	1.041889	2.787867
6.236832	5.888746	8.683428
0.007678	3.837237	2.912641
3.596895	7.171975	7.389969
5.900040	6.697170	2.658078
6.370160	4.396937	3.347924
6.130516	2.938120	5.763613
0.173148	3.483462	3.736049
7.795247	2.396640	5.591346
5.805469	8.158543	5.790985
1.081343	8.028688	7.750243
7.052474	2.810631	7.586363
4.142119	5.539981	9.857212
7.713068	4.321981	8.719065
6.542895	1.874612	9.037804
1.732199	4.377390	8.000709
6.415460	1.326405	6.227311
2.131250	1.575414	4.283405
6.998933	4.648475	2.742613
2.950816	8.837928	8.491944
