3.931999	3.741706	8.352291
4.022593	4.768583	8.836988
3.566174	5.179589	8.651382
5.147840	5.005623	6.715144
4.102615	3.606534	6.327907
5.098328	6.291670	6.510442
4.943361	6.145755	4.444077
4.550704	3.712915	7.899730
4.903499	4.680566	7.792114
4.144438	3.499341	7.775581
3.387226	5.317772	8.724308
4.471391	5.492118	8.622047
3.941767	6.893946	4.888347
4.328864	3.707875	6.199956
4.358034	4.704830	8.407765
3.618200	3.641573	3.577663
4.380152	5.460757	3.397033
3.473901	5.120390	8.896552
3.052469	5.648888	6.774267
3.168930	4.681988	3.157598
4.983972	5.600640	6.358389
4.517969	6.783043	3.628285
3.869322	4.532645	9.105984
4.009565	6.039690	3.754527
4.725331	5.346623	3.991363
3.765795	4.499780	8.616962
3.010115	5.180461	8.212962
3.452074	3.588621	3.984307
3.201023	5.672005	5.044554
4.055336	6.519356	5.100074
2.934288	5.265633	6.094855
4.499593	5.023104	3.313462
2.986739	3.778859	5.657289
3.981155	4.763468	3.137846
4.605680	6.430280	7.388176
4.336711	4.595200	3.367939
3.162496	5.042338	3.018638
3.235381	3.883910	8.033234
3.213468	4.746067	4.847999
4.328611	5.276298	8.795506
3.764561	3.409461	5.244677
4.539931	5.981949	7.750890
4.316900	5.436564	3.325848
3.429749	5.984994	5.512326
4.743696	5.521520	3.362055
2.593254	3.106983	7.137851
4.119621	5.868970	8.406596
5.860832	6.184806	6.952689
4.768145	6.299179	8.331286
5.097759	5.003027	4.886241
3.842937	3.340710	7.800805
3.697518	4.429391	3.105787
3.975849	5.866370	8.209035
4.047655	5.334407	9.061737
5.000790	4.975889	6.899562
5.189182	6.331074	7.004353
3.527629	5.656270	4.551546
4.733757	5.623501	4.314247
5.432853	5.966536	5.680191
3.918678	5.472285	2.984857
3.741771	5.311509	3.285277
5.154961	5.653150	7.221797
4.938127	6.007547	4.238348
3.800561	3.174992	6.726927
5.114226	5.680159	7.286170
3.800085	6.420131	5.063484
4.657352	4.402290	5.472853
4.717633	5.747502	3.850904
3.241881	3.713988	8.311829
4.254775	4.234214	9.219026
3.983519	3.473466	7.703455
4.878263	3.958036	4.186970
2.956053	4.063194	8.559015
2.769336	4.237353	5.780479
3.573301	5.561908	3.998348
3.417758	5.836128	6.993436
2.823611	5.200726	4.940036
4.573217	5.120258	8.589038
4.675111	5.261527	8.515007
4.432543	4.775181	3.722348
4.707291	4.592859	6.815931
3.287718	5.045657	9.335977
4.136454	5.117017	2.858425
2.857870	4.077039	4.455583
4.876562	6.860284	7.586552
3.544315	4.496125	3.489873
3.602602	6.618245	7.886943
3.357951	4.946013	9.141497
4.223734	4.977462	3.332819
2.520126	4.117027	7.441142
3.203144	3.735403	6.603937
3.516670	5.374460	4.072658
3.558827	3.993017	4.076879
4.656605	4.471142	8.258819
3.157703	3.288116	5.257346
2.435691	4.022973	5.727637
4.081646	5.179742	9.512186
4.085788	5.022053	8.470028
3.866620	4.934612	3.360309
2.919639	4.955683	8.059851
4.545805	4.960189	4.100034
5.193421	5.196529	4.244814
4.054826	5.270610	9.401565
3.142194	4.318104	3.838644
3.410886	4.568988	9.011111
3.999891	5.203023	2.375024
5.102167	4.521243	4.725169
3.991869	4.880612	2.970117
4.321759	4.959910	8.630273
3.623530	6.134707	5.719531
3.455077	5.491202	6.838403
3.010940	4.385440	8.140144
4.884142	5.252522	3.760048
4.080368	3.784189	3.340472
4.468754	5.645286	2.677339
4.097981	5.739305	8.195271
3.720481	4.036447	3.683799
4.986372	6.807254	5.813125
2.836125	3.686681	5.644453
4.829014	5.188465	3.591854
2.930448	3.890583	7.247178
4.675796	6.289031	7.753141
5.416514	5.916272	4.745345
4.354938	6.861675	6.705598
4.139184	5.124880	3.227117
5.152022	4.789438	6.047520
3.683738	5.138653	2.613974
3.454429	3.467455	7.115791
3.279977	4.943445	6.926124
4.232311	4.693492	3.209427
4.533307	4.545859	8.638805
5.174704	5.889717	4.816119
2.921405	4.956961	8.162811
4.137045	4.907929	8.862388
4.668057	4.829497	7.766308
2.995761	3.259235	6.357569
2.836666	4.460416	4.277662
3.643567	6.079117	4.010431
2.667936	4.458793	7.854302
3.740577	4.802627	3.189279
4.444023	4.868785	3.627333
4.625545	5.766622	8.757443
3.379312	3.058156	5.621731
3.832364	3.121903	6.755001
5.257229	6.097916	4.443987
4.142241	5.366578	3.246249
3.922465	5.661540	3.050374
4.610639	7.011351	4.409768
4.206927	3.362816	6.345854
4.073700	6.337636	3.480791
3.080023	5.091686	4.268952
4.704644	5.532258	3.543749
4.083466	4.111529	5.037570
5.163323	5.917500	7.372594
5.296178	7.064060	5.977638
3.389886	4.167068	8.699126
4.388082	4.569054	3.114444
4.355861	6.678725	7.437041
3.032391	3.430401	6.849253
4.509307	4.727207	9.084065
3.334806	5.154317	3.441209
3.424609	3.510636	7.333976
4.149603	5.152666	3.111823
4.134951	4.551044	3.013758
3.651440	4.619171	8.692429
2.598609	4.800732	5.442346
4.010968	5.223435	2.814153
5.042762	5.709261	5.454298
3.597392	4.742043	8.503968
3.346798	4.978358	8.381782
4.455119	5.614727	2.859292
3.544141	4.536321	8.095451
5.615031	5.971559	6.344557
4.022836	5.284448	9.417364
4.106248	5.286401	3.091463
4.269326	6.651258	6.902634
4.475488	5.233181	8.440056
3.970463	5.048293	9.252486
3.693321	3.267743	4.435878
4.125933	4.313522	3.115323
3.444934	3.529143	4.483010
4.800123	6.446439	7.708059
3.364612	4.784637	4.115688
5.010442	5.814155	7.248414
5.242305	5.645136	7.792959
3.640482	5.991769	4.943791
4.890032	5.030082	3.359906
3.748962	5.142411	8.832276
2.893683	5.062090	3.720845
3.865057	6.380457	7.797025
4.771485	6.559626	8.353398
5.186089	5.794296	7.604796
3.613661	6.484241	3.304325
4.320705	4.854777	8.966028
4.023098	5.137060	9.084932
4.021206	5.254014	2.881587
4.433687	6.340379	6.522022
4.554726	5.986606	9.165484
4.385367	6.701097	5.030846
4.350555	5.062341	9.293130
2.677482	5.185205	5.536749
4.707931	3.864119	3.713781
3.567440	6.484198	6.808404
3.496862	4.045282	3.672492
3.006943	5.670930	5.583553
5.228519	6.184286	4.940579
3.780368	5.150626	3.322935
4.211909	5.052725	2.985445
4.086895	3.457739	8.220328
4.196000	4.930363	2.944524
4.234022	5.027092	8.758389
3.308833	5.830832	5.218817
3.735139	6.458294	7.123505
3.941362	4.072475	3.529955
4.253200	3.499406	5.524233
4.256419	5.442478	3.329881
3.814601	5.161641	8.609067
4.231344	5.211409	3.306379
5.374348	6.429393	6.474550
2.981742	4.146765	3.978250
3.756716	5.822917	8.861090
4.341351	5.248957	2.990574
3.091180	4.823336	8.914099
4.473422	5.325342	8.971986
4.972339	6.328816	7.469996
3.113525	3.570732	8.079991
3.075067	4.093881	8.021819
4.462238	4.580591	8.907569
4.285602	5.192475	8.502632
3.519646	3.516325	7.406262
4.494738	5.615503	3.559605
4.569974	5.635304	3.277416
3.436038	4.970482	8.674465
4.790921	6.041206	3.300816
4.760437	5.035297	7.898147
4.097000	5.974590	9.096075
4.068756	3.585358	6.387805
3.678353	5.977273	5.198988
4.750258	6.424409	4.233621
3.546655	5.441524	7.382297
3.189388	3.188013	4.886921
4.890957	6.414922	6.983659
3.330149	3.237440	6.034549
4.582158	4.046971	4.346761
3.687707	3.706656	7.532774
3.647224	4.656603	3.352879
3.384922	5.365150	8.931005
3.217043	3.396950	6.059080
4.187378	4.483657	3.385557
3.236788	4.577268	3.669154
3.576425	4.733029	9.219226
3.992594	6.377779	4.287950
4.819231	5.272228	5.602003
3.598115	6.428706	6.935833
3.305776	3.965004	4.170291
5.156621	5.367310	8.062884
2.881450	2.874658	6.050927
4.494505	4.678502	3.736912
4.026847	5.120945	3.016065
3.804996	4.675889	2.899091
3.932604	6.585269	3.912240
4.026853	5.230231	2.610738
2.843145	3.248288	4.918176
4.868260	6.529750	6.164994
4.225785	4.431117	3.618576
5.050289	5.700295	6.525996
4.643897	4.573204	8.332654
4.224668	4.729824	2.949341
3.067242	3.930405	4.330363
3.381862	4.675909	9.259418
3.451201	5.311386	3.064118
3.327425	4.657004	8.034513
3.830699	5.889261	2.633484
4.643272	5.057003	8.742067
3.757575	4.444090	8.730361
4.491107	5.362094	7.700407
4.124674	6.048274	4.018312
4.682172	5.457207	8.000394
4.253612	6.914398	4.981405
5.332686	5.869928	4.213740
5.185159	6.079456	4.762732
4.196676	5.071890	8.840396
2.735856	3.635086	7.034689
3.546464	4.607562	9.097618
4.413781	3.417400	5.183033
4.561342	4.893161	2.343589
3.803364	6.063068	3.800461
3.709568	3.696674	8.132166
2.756702	3.542396	6.810442
5.080817	6.222232	6.976516
3.720951	4.516045	9.327459
3.353129	4.154379	4.344832
3.459289	5.139731	8.884090
2.992069	4.303959	7.517527
4.096035	5.290167	2.783192
4.222175	6.487657	8.186225
5.140654	5.506023	5.303907
4.393348	5.959382	4.818598
4.607986	6.217058	8.076755
4.595761	4.517381	3.870194
4.554495	5.452974	8.773156
4.041259	5.472824	8.593816
4.440064	5.138049	8.404288
3.332900	3.184378	5.157203
3.732285	5.132431	2.777167
3.527296	3.741621	8.361222
3.853752	5.083330	3.319015
3.522131	3.436883	4.275948
3.199812	4.232189	3.814115
4.623353	6.898171	6.951906
3.254459	5.122818	5.795149
4.104983	5.773586	3.004521
4.148298	5.068788	2.810669
3.122098	4.868898	7.696940
4.969278	5.512125	8.022908
3.404096	4.347607	8.280453
3.398553	5.308133	8.132132
4.216103	6.532050	6.469803
2.566056	3.161820	7.289976
4.652693	4.457657	4.481913
2.883758	3.603179	4.249781
2.462005	4.627488	6.437685
4.753334	5.864596	3.822827
3.027190	4.588242	4.720313
4.703156	4.973707	8.859059
3.605560	5.008683	8.960911
3.643502	3.411452	5.455017
5.041628	6.271114	6.763755
4.163503	5.346222	3.079971
3.153369	3.651358	4.803466
3.076225	4.434416	3.486225
3.397683	5.084073	3.634867
3.878145	5.932028	7.178382
4.114647	4.604611	3.499656
4.733686	5.695410	3.631949
4.798550	4.179233	7.803128
3.481427	4.443101	3.616316
3.947110	4.790046	9.340459
3.711265	5.105795	3.056026
3.696503	6.185085	8.110446
3.711105	5.016756	2.792411
4.129338	5.133788	3.138871
3.811684	6.025818	4.586815
4.667045	6.011341	8.621385
3.532557	5.252670	9.203655
4.417883	5.254655	2.857640
3.291048	5.664261	6.088139
4.876297	4.970030	8.366249
3.034217	4.484973	8.606225
4.764280	6.365583	3.654538
4.034991	5.071788	8.888381
5.279017	6.720769	5.263474
4.047177	4.572848	5.520898
3.449058	5.389243	8.362386
4.826015	6.683325	5.163278
4.313797	5.124121	2.920042
3.587280	4.087544	3.432237
4.030870	4.950013	8.895635
3.335792	5.232889	8.159716
3.541210	4.494116	3.032488
4.650605	6.711422	6.254883
4.074562	5.120191	9.402262
4.440017	4.312294	4.048545
4.284313	5.256580	3.248234
3.775969	4.442824	8.583829
2.436141	4.272531	6.160313
4.087853	4.931910	2.982262
3.659815	5.082394	3.499601
4.511592	6.524215	4.553326
3.783998	4.650597	3.256349
4.517797	6.478700	7.139941
4.266652	5.534010	2.850449
4.510721	5.108095	5.277272
2.757953	4.025558	6.872596
3.812065	6.974224	6.588108
3.356841	3.709690	8.296513
4.751893	5.616560	3.905817
3.700303	3.945564	3.298854
4.194832	5.210529	3.103836
4.203726	5.032920	2.709111
4.742909	5.587634	8.847712
4.768769	5.454023	3.142290
3.457728	5.855151	6.551725
3.341419	5.036561	3.686433
3.326120	3.592866	6.868328
4.691936	5.322393	3.175737
4.452756	4.540365	3.386555
5.208434	5.762708	6.637207
4.209868	5.187716	9.357850
3.987397	5.124024	2.931835
2.940853	4.288928	7.409000
3.136623	4.034231	4.593982
3.938440	3.169423	5.563141
3.590552	4.770254	9.066965
3.064591	5.396727	6.357429
3.332526	4.575656	8.779511
3.980167	4.961661	3.239364
3.723457	4.874628	3.255318
3.344828	3.238626	7.315233
4.234432	6.307564	8.169022
3.438858	3.167841	5.227548
4.003234	5.578555	8.934057
3.508069	5.232192	3.398654
3.704211	5.517070	8.920622
3.778308	5.574994	7.534733
3.912587	4.909449	3.179820
2.654598	4.052114	4.645828
4.878258	4.566164	6.102221
4.245304	5.836352	8.802731
3.567502	5.162812	9.181881
3.327534	3.908723	3.688939
3.681825	4.414670	8.439829
4.441785	4.585694	3.827986
4.142523	4.645987	3.070644
4.032387	5.351065	3.581672
4.690945	4.265782	7.569661
4.062363	4.154785	8.357172
2.501891	4.456098	5.268202
4.582510	5.742475	8.312823
3.632686	4.927481	3.299384
2.610647	3.984839	5.922635
4.603607	6.706046	6.358149
4.079700	4.647609	2.911021
4.328532	5.630940	3.172734
3.911040	4.876444	8.833208
4.193108	4.540970	9.059784
4.135162	5.522429	3.166651
3.464212	3.210510	5.732398
3.258161	4.333425	4.100127
3.429603	4.832618	8.961658
3.826647	3.174618	5.594197
3.216073	4.549918	3.815662
4.150122	4.048544	4.556284
4.882677	5.847160	3.743633
4.302833	5.608373	8.868970
5.163257	6.759614	6.030086
4.166957	4.968645	9.066124
4.631576	6.796905	5.920654
4.136533	5.402379	3.247537
3.293360	5.616726	8.528478
3.870256	3.416450	7.421497
4.189686	4.545660	2.744661
5.213867	5.433903	3.796529
4.662284	4.908403	7.403372
2.689141	3.913249	6.282105
2.541920	3.486075	5.080833
5.025385	6.176719	7.907959
4.534730	5.009492	8.804336
4.946500	4.247395	6.698033
3.876955	6.231515	7.605549
4.331758	5.052380	8.985869
3.650244	4.110372	7.669300
3.593488	4.839261	8.827735
4.372584	3.853351	4.263494
2.835249	3.634982	7.954369
4.885907	4.400320	4.232277
4.063377	5.212273	2.839349
4.357893	5.417951	8.952591
4.218083	4.905086	8.517420
4.321160	5.135532	9.026492
3.920925	4.601082	8.365951
2.694593	2.892778	6.967840
3.509900	5.290702	9.202212
4.543794	7.216342	5.844420
3.480017	4.830307	2.912549
3.157370	4.159077	3.931816
3.683958	5.199343	2.877972
5.116934	5.385192	6.026612
3.884987	4.225906	8.852253
4.475284	5.032931	9.216481
3.415509	4.163578	3.170346
3.098144	3.175839	5.967730
4.181044	4.343833	6.388818
5.015961	5.034572	5.008766
4.119366	4.830258	3.074119
4.369375	4.181641	3.330014
5.103241	4.083819	5.118008
3.388808	6.397986	5.776318
5.178238	6.077901	5.479136
5.058830	5.198570	5.892571
5.248363	6.673802	4.718877
4.977811	3.991838	7.265661
3.185328	5.753120	7.757951
2.688046	3.933900	6.811917
4.203890	3.983877	7.062385
4.718291	5.236672	7.746558
3.258320	4.519456	8.875540
3.405646	3.544143	4.950011
3.967406	6.495910	6.032779
3.585539	4.340290	3.065487
4.408789	4.354794	7.931881
5.152328	4.488101	6.457465
3.988659	5.296173	8.731333
5.119397	4.857935	5.340388
4.848678	4.729597	8.300924
4.452060	4.878593	2.854872
4.341732	4.146638	7.770864
5.396023	5.539344	5.913226
3.915573	5.537594	2.913450
5.019221	6.425418	5.583800
2.727984	4.239602	9.081907
5.837994	3.516237	5.749804
3.312182	3.649426	3.760961
5.127280	4.911539	8.842212
3.031035	1.492545	8.578772
7.471644	1.464194	2.388288
4.519034	2.297939	4.771091
6.805553	1.752995	2.646471
2.912367	8.271834	8.461604
4.811716	5.399457	9.419052
5.825982	1.674923	9.804092
2.851588	6.623852	7.378717
3.789668	7.881004	9.083965
1.833696	6.833504	7.091598
4.136589	3.391392	9.294912
3.349160	6.995076	3.476668
6.040572	8.228777	7.679231
0.826983	8.991271	8.154163
3.429212	6.622122	2.940477
6.070810	4.206968	3.571891
7.581031	1.489326	5.035928
3.509338	7.576125	3.891149
0.413138	2.133805	5.082762
1.309329	3.291202	8.214509
6.542667	5.285764	8.594358
6.265464	4.284492	8.927460
1.997146	4.898780	4.225058
6.033617	7.762244	2.572224
7.437342	3.114036	8.457808
7.567169	1.780603	6.339425
0.594616	6.260697	5.059216
1.296230	3.433243	5.078454
3.000479	4.304011	5.185109
6.516793	1.052099	5.305551
2.349714	3.747629	9.426551
4.162378	5.859891	3.189319
6.095472	1.121099	4.373904
0.771650	6.051472	7.679348
6.688011	2.125200	9.054830
7.216746	1.378558	6.111867
3.514881	6.761011	6.631257
3.245395	7.863531	7.030339
3.470343	8.599544	2.126101
1.211169	4.344508	8.743790
0.100824	2.718668	3.269974
1.274867	8.040062	4.891118
0.919265	8.856918	8.030294
7.708034	8.023990	5.879291
6.812092	8.440124	4.256100
5.912654	1.059002	6.795482
5.296622	3.859390	7.570120
3.373250	8.870088	9.894902
4.223233	7.241640	4.072199
6.588467	2.985886	6.093193
5.445097	2.201575	2.663211
7.303902	3.637173	3.788942
2.988473	1.984627	5.847132
4.874250	1.217142	6.911288
4.092896	8.337194	4.430243
5.287261	3.572403	2.371495
2.739486	8.413603	8.438581
6.437845	8.605335	2.519916
1.015290	4.499380	6.362588
0.472045	8.715963	3.200850
1.637906	1.822628	2.665724
4.992540	7.626627	4.788411
6.819877	4.239698	2.557073
3.878311	2.481499	4.362546
3.925751	8.040518	7.571241
6.355812	7.265122	3.986200
4.744111	4.905953	7.248288
4.798359	8.888562	9.249904
5.398776	4.921144	6.877746
3.796579	6.556210	4.209874
3.490496	6.112686	7.340596
5.967916	7.040063	2.723361
1.255270	7.643990	6.813282
7.373017	1.239026	9.444383
3.385856	6.486069	3.174190
6.634224	4.282260	2.090976
3.878461	2.190672	7.683592
7.040362	1.965369	6.650156
5.461903	4.553487	9.385499
6.718307	6.633977	2.777156
7.112130	8.182070	6.851263
6.197566	3.592599	5.840537
3.331608	6.524520	5.687933
5.886836	5.719283	2.198666
0.291610	2.198676	8.720269
5.435531	3.833715	7.316241
7.652750	5.776156	6.811466
3.153750	7.744554	2.906953
7.911789	3.104154	4.605178
1.010907	7.850903	7.918667
7.985545	7.483965	4.451984
3.703983	6.238660	2.964189
5.239049	8.940827	9.553610
2.772421	1.086834	6.133544
1.369716	6.514186	8.421951
0.102697	8.861198	5.099945
6.405089	7.568435	6.611419
0.081929	2.689732	7.689785
0.081579	7.372212	9.347901
1.853471	6.449326	3.411495
1.411170	7.303288	6.102771
2.135355	7.409281	4.061776
6.112707	2.131922	8.389493
6.621681	7.139931	8.242479
1.932856	4.033306	5.000518
5.588399	7.159808	7.014235
4.184184	4.006768	5.572566
0.573414	6.649657	5.348066
6.512898	2.995773	3.307292
5.155552	5.450474	3.842907
4.077795	4.307456	6.316749
3.315955	4.120345	9.577349
4.072908	6.345717	5.263594
4.420324	7.359394	4.250824
0.684477	3.751902	6.068068
1.857591	1.831230	7.693934
4.638010	3.531605	3.514054
0.613672	3.533940	8.084389
1.387577	7.295840	3.039057
2.871063	2.721032	7.781299
7.879477	6.565053	5.120783
2.686627	2.017056	8.137850
5.024775	5.907038	9.583095
7.687451	4.125431	5.625314
0.076463	8.712544	9.243161
3.741606	7.669797	9.385737
2.106128	2.937764	6.257015
7.464055	4.755284	3.514177
4.713654	8.546909	9.766849
5.907416	2.480541	4.425037
1.034277	2.394603	8.514249
1.723196	3.335717	9.438624
2.785812	4.146335	6.217093
1.001853	3.023300	6.221348
0.909209	6.805525	4.771346
3.526897	3.145091	3.882002
4.287869	6.937708	6.333904
3.481400	3.247974	5.483029
6.490659	8.358945	8.292606
5.375355	2.852003	3.321095
4.926653	6.386588	2.472574
4.841335	7.998323	8.895718
0.371219	5.874810	3.699063
4.521543	1.031157	4.717886
7.380899	1.979040	9.356778
1.519630	2.790936	4.691044
4.284504	6.871574	5.665665
4.503220	2.965446	8.683636
4.890186	3.967598	3.510153
0.301827	6.409201	4.665351
4.890452	4.243121	4.836859
6.735443	1.915894	4.856724
0.281105	3.260036	6.098997
0.315997	7.155578	5.246944
2.997037	2.014343	9.789304
1.149507	7.185342	2.500517
4.339096	3.534680	7.181771
7.252169	1.760753	2.174268
2.906190	3.672704	3.729562
0.142175	6.158839	3.027456
1.188529	1.965988	2.556880
3.554978	7.744897	2.900539
2.492643	8.785128	9.370680
6.908957	3.219962	6.120333
3.432628	7.755135	6.024651
5.813352	8.555839	2.306238
0.335752	8.193161	7.348847
6.959892	1.890084	8.986491
4.464784	1.233937	9.221193
6.404065	7.298203	7.126390
3.284784	4.656635	4.560592
