5.012018	4.452152	6.104732
3.960991	4.906007	8.645637
5.181652	5.715932	4.645011
5.217766	5.601858	7.342428
4.188267	5.311203	8.940517
5.157909	5.690104	4.004734
5.106157	6.251031	4.670399
5.046050	6.440965	7.688073
3.891632	4.313200	3.522174
4.397679	4.847110	9.126122
4.973432	4.715175	7.767710
3.148976	3.131432	6.679232
4.018585	4.436177	3.087226
4.858709	6.826303	5.975918
2.587808	4.894585	6.944867
4.083466	5.857044	9.004673
3.384735	2.864512	5.904452
2.815236	4.118093	4.537869
3.640650	4.738817	3.428579
3.131922	4.329029	7.450194
4.979707	5.449143	5.549346
4.128602	4.652090	8.732519
2.875710	4.002201	7.170430
5.319198	6.168423	6.667610
4.517814	5.708078	8.402035
3.498846	5.181801	3.107737
4.921509	5.427102	5.669151
3.614414	5.714294	7.295361
3.804587	6.793315	5.844572
5.181234	5.594176	4.463794
4.633690	6.263182	8.438551
4.050043	6.201429	3.890530
3.967925	5.052241	3.467376
3.759670	5.976526	6.778072
3.175531	4.060167	7.334052
4.659125	4.250429	6.936556
3.169174	4.724447	3.801874
4.645016	5.512410	8.441935
3.543039	4.533108	3.179560
4.080611	4.077597	8.170412
3.391843	4.910980	9.041872
3.045756	3.675709	5.203080
3.786954	5.200344	9.334920
5.141078	6.403573	7.436966
3.950657	3.620629	5.492764
3.040620	5.683070	7.890317
4.255155	4.821554	3.610043
3.535956	4.830213	9.185077
3.655147	5.244876	3.545056
4.270541	4.374655	4.058292
3.744405	5.840918	4.355527
3.319570	4.488119	8.732539
4.405028	5.400437	8.463293
3.018871	4.008194	4.283711
2.980915	3.454080	6.865031
2.798154	3.968524	4.969165
3.711785	3.365966	6.905494
3.799362	4.426902	8.962053
4.480878	5.781141	8.444015
4.422973	4.137827	6.417062
3.840723	5.734872	3.101918
4.238951	4.998298	2.852032
3.656071	3.891021	3.594315
4.275972	4.938795	2.772536
4.554523	4.498308	4.155947
2.999647	4.386033	8.314100
5.088825	5.834809	5.983983
5.124936	5.726137	3.789315
4.322268	6.366161	4.168927
2.666491	4.311984	3.360732
5.078053	4.586645	3.930471
5.056892	4.370329	4.370538
3.690671	5.112872	8.894241
4.201358	5.103857	8.293390
5.131215	6.942512	5.513751
4.469229	4.680513	8.341677
4.305797	6.323005	5.223104
4.351029	4.482459	3.264235
3.484100	4.918607	2.864222
3.738541	4.149676	2.840480
3.637004	5.095749	3.476574
4.575774	3.782662	5.199849
3.944045	5.087710	2.843831
3.439420	3.517301	7.876334
4.347183	5.316842	2.904508
4.555195	4.473310	8.210924
4.269163	4.669865	8.041323
4.295450	4.072147	8.498374
3.823952	3.609434	3.656515
3.554684	4.895700	3.000559
4.570481	5.089044	8.923536
3.682463	5.790448	3.648514
3.742455	4.289553	3.580078
3.241267	5.937027	5.370720
2.981773	3.662302	4.682921
3.649827	3.962687	4.249122
3.666339	4.491197	7.794001
2.697377	3.841930	5.719723
4.095994	4.087747	9.001744
4.210124	4.797036	9.025620
4.750962	6.866213	5.514871
4.661460	7.172688	5.134345
3.878413	4.661633	3.102131
3.402173	3.994882	3.723026
4.542183	5.940476	3.300347
4.731807	4.761020	8.647793
4.110903	4.723856	8.846695
3.953228	3.832378	7.355773
3.270929	3.883284	8.558485
2.670397	4.468534	6.544474
4.615691	6.165702	5.453599
3.202422	5.013400	4.960975
3.850566	4.774491	2.833016
3.928077	5.297819	9.233441
4.561361	5.249059	3.081940
3.480691	5.425851	2.556895
4.932424	6.573918	6.296273
4.981746	5.321991	3.975658
3.826194	4.813485	3.089628
4.336436	5.340919	8.870356
3.194729	3.489140	4.413601
3.857101	6.385212	6.572835
4.067503	4.851112	8.832277
4.341662	3.959881	3.502025
4.164299	4.046874	3.292144
4.943785	4.022071	7.175747
5.425108	6.647596	4.404819
4.493712	5.024859	3.403379
3.426967	4.282947	3.088433
3.317063	5.659241	9.175680
4.503592	6.336981	8.212252
3.080896	4.242905	3.214171
3.647414	5.575483	8.079957
2.538381	3.759910	6.871193
4.196955	4.931582	9.286346
4.275529	5.664874	3.854727
2.892203	3.818088	3.831948
3.163883	4.936273	5.397251
3.860212	4.966957	3.101044
3.846268	4.695501	2.970144
4.803868	6.225858	6.794316
3.960802	4.288613	3.006892
3.188675	5.131172	7.743026
4.725919	5.760534	3.441832
5.195366	6.362177	5.428751
3.440315	5.860127	8.068014
4.599105	6.453170	4.299848
5.062843	5.935943	3.501344
4.897803	6.693306	4.959949
4.017473	4.819507	2.525948
3.713881	4.610588	2.787140
3.966736	3.831384	6.306681
3.656709	5.349073	8.885015
3.412824	5.981752	8.234444
3.374052	4.945436	4.498321
3.254004	3.008905	5.503869
4.087292	3.966818	4.195267
2.696793	4.951510	5.463991
4.858429	4.896721	4.884521
3.824493	6.131827	5.668455
3.452787	3.076280	6.577593
3.794466	4.324403	3.108342
4.220550	5.884262	8.352138
3.172376	5.383110	6.374983
4.460516	5.562290	3.212179
3.977293	4.506783	2.742716
3.391899	4.413620	8.095507
4.233372	5.454652	8.888209
4.560035	5.589423	8.939973
3.543820	5.663867	7.970491
3.826450	5.439256	9.179784
5.041594	5.168819	8.195333
3.502595	3.510505	5.203254
5.254652	5.716537	7.149693
2.967010	4.202816	6.985950
3.501090	3.689250	7.316054
4.334360	5.345253	8.518655
3.712057	4.488620	8.850742
3.718810	3.442044	5.636143
3.512748	5.623506	7.982677
2.923479	5.855890	6.107646
2.765927	4.278952	5.207237
3.422188	4.506376	8.858822
4.869204	4.986164	7.841448
3.839430	3.341885	6.705643
4.247141	4.844705	8.924254
3.797701	4.886422	9.131954
3.978302	4.549548	8.033505
2.830337	4.483772	4.870007
2.584887	3.462991	7.500087
4.772572	5.891676	8.266073
5.129442	4.945789	6.231061
3.491010	5.747067	3.587237
3.703884	4.633488	3.168311
4.208532	4.310698	3.513374
3.270124	4.754751	7.952038
4.184249	4.764548	9.136358
4.237337	4.252270	8.294958
4.003067	5.244124	2.910185
4.319356	6.480046	7.374485
2.624499	3.623505	6.232273
5.201302	3.813253	6.276371
4.642192	5.307721	6.940150
5.021607	4.941706	4.637799
3.001576	4.679881	5.692123
3.286882	3.122180	7.835558
2.987678	2.914723	6.300833
4.398335	5.212314	2.892664
3.890368	6.230172	5.964550
3.483111	5.164824	8.711848
2.892810	4.020733	4.008774
4.594358	5.638180	2.995650
4.478404	6.434555	4.088348
3.071902	4.864062	4.237577
5.045946	6.281603	7.031334
3.477606	3.378061	8.096921
3.498822	4.746352	3.865000
5.100519	4.529058	4.773129
4.177894	6.591944	7.628219
4.794687	5.339458	3.505510
5.157526	5.062951	5.302807
3.797976	4.121461	9.056038
3.728580	5.276147	8.861225
3.880493	4.858722	3.239433
4.181937	4.911379	2.793703
4.770828	4.469494	7.348441
4.212082	6.306703	3.940159
4.963931	5.218660	6.660719
3.123331	4.799858	9.043399
2.882610	4.520055	6.762277
3.139074	4.321691	8.374085
4.263585	4.774019	8.735237
3.904537	4.986317	9.125056
2.630350	4.760861	6.316042
4.647663	5.584977	7.992728
4.077915	4.727943	2.991820
3.913348	5.675388	2.647037
4.932628	5.506000	8.495944
3.249494	4.500151	8.752571
4.899770	6.689233	4.884566
3.295012	3.243946	4.637876
3.536355	4.902850	8.620543
3.126209	4.862359	4.946655
3.351217	4.220197	8.096292
4.958186	5.972619	3.891735
3.608874	6.023202	4.644826
4.386386	4.559146	3.382190
4.122066	4.064964	3.098491
3.632494	4.061256	8.591663
4.699750	5.329471	3.380064
3.411631	3.631871	8.067014
4.434522	5.206671	9.119207
4.712846	6.253976	4.786730
3.126283	3.073984	6.912809
3.910469	5.139552	3.359202
4.368888	4.762439	8.721974
3.623793	3.497072	4.015062
4.135571	6.751812	6.820161
4.231040	3.853160	7.507390
4.871678	4.079953	5.503379
4.599420	6.690497	8.464056
3.939520	5.164316	9.279513
4.839601	4.797323	2.780138
3.459581	5.040106	3.750160
4.266154	5.388556	8.882448
4.255308	6.176045	8.787452
4.472108	5.041097	7.027132
4.023861	3.343201	7.424911
4.345895	5.869265	3.456348
4.215946	5.028454	3.119661
4.562110	6.076132	3.420028
3.956933	3.879748	3.640501
2.816448	4.156474	5.898050
3.944024	5.111985	9.030948
3.664833	5.291117	3.364394
3.616210	4.204317	8.346258
4.949581	5.881831	7.645170
3.927060	5.088634	3.181301
4.362896	4.361459	4.176985
4.387868	4.721294	8.962407
4.874124	6.893501	3.933144
5.105374	4.221279	5.083129
4.062262	6.945957	5.381234
4.734378	7.003203	6.028610
5.026517	6.114718	7.083980
2.561517	4.058170	4.344443
3.974452	3.980893	4.116367
3.755258	3.067338	5.755536
3.509293	5.003397	3.428060
3.656823	4.714589	8.721313
3.580423	5.987423	5.824535
4.100603	5.240709	8.764811
4.349957	5.772508	2.439214
3.915409	5.214829	9.167287
3.103606	4.614809	3.476987
4.191898	6.291280	6.449857
4.358711	5.195649	2.515009
5.093084	5.296027	6.221714
3.896012	5.323809	3.064245
2.740215	3.504085	5.686058
3.638225	5.042516	2.898188
3.026403	4.707450	3.424045
4.327831	6.407946	7.007996
3.945161	5.241135	9.039362
4.181774	5.028759	9.054652
4.542250	5.703786	3.102777
3.983481	6.129065	8.514574
4.583787	4.370827	3.893939
4.384957	5.455371	8.542121
2.774649	4.343923	7.414183
3.770121	4.733204	2.760747
2.836079	3.878933	7.249696
4.118638	5.435673	3.229085
4.340386	3.758161	6.595346
3.554224	3.713085	3.953186
5.671629	5.900339	6.049404
4.282779	4.235128	3.456016
4.677585	5.448495	3.988017
4.884132	6.115377	8.648404
4.912619	6.546191	4.841142
4.360679	4.374032	8.853903
4.568796	4.021462	7.602494
3.728191	6.241060	4.986568
5.370744	5.749775	7.622239
2.918651	4.372554	6.260781
3.551470	5.182115	3.225118
4.190655	4.656169	8.625542
4.194861	5.639625	3.674742
3.988430	5.953522	3.276329
4.938279	4.636889	5.703121
5.101144	5.593732	4.154468
5.208233	4.427109	4.892277
4.198403	5.026892	9.141567
4.047884	5.167076	3.199490
3.800875	5.958076	5.530567
2.505034	3.260531	4.851386
4.326568	6.158013	4.032321
3.768481	6.225331	7.689872
4.077951	4.903790	3.235459
3.773354	5.428527	7.830845
3.225574	4.634241	7.365443
3.795591	6.133304	2.978311
5.419141	5.778674	4.643383
3.977626	6.226714	8.359102
3.278801	5.629650	8.573038
3.894781	5.296178	3.150164
3.028141	5.460449	4.769480
3.133213	4.718343	5.946290
2.793544	4.911791	7.124333
3.902846	4.259048	8.476519
4.159141	4.916901	9.247638
4.673177	5.705866	8.718848
3.115638	3.965084	7.924983
4.698026	4.379178	8.752550
4.678903	5.476846	8.264114
3.749089	3.354961	4.696807
4.396611	4.672393	3.551023
4.340434	3.482016	7.422220
3.328923	3.216777	4.419820
3.310530	3.460959	7.313577
4.568282	5.845138	8.276244
4.833208	5.008442	3.981054
4.474612	5.183611	2.607830
4.437580	3.966513	8.298619
5.042077	6.234941	8.480518
4.764769	5.740653	3.652202
5.066778	5.895477	6.656632
4.193717	5.250648	9.011897
4.119658	4.868283	3.004943
4.502728	6.594632	5.327226
2.906350	2.836106	6.270502
3.236808	3.203853	5.508706
4.371151	6.844371	6.908538
3.890463	6.654219	5.173970
4.814327	4.237392	8.855951
4.132443	5.742013	4.039057
4.243084	5.307669	9.064802
4.607957	5.372107	8.384037
3.801412	4.470248	8.861454
4.084825	4.681500	2.984818
4.869933	5.160198	9.179649
3.408445	5.415331	6.084688
3.429531	5.668735	7.057854
4.660116	6.817664	4.501602
2.993305	4.347914	7.780086
4.166261	3.530174	6.098204
3.100535	3.773158	8.307942
3.881181	5.048048	3.129514
3.296522	4.972778	8.535854
3.671137	5.190102	3.040987
4.544542	5.611446	2.961718
3.446305	3.703851	7.623889
4.389842	5.552497	8.689513
5.260281	5.589542	7.792034
3.269233	5.964657	6.856553
2.904312	5.105193	6.181927
3.433570	4.075777	3.411342
5.192125	6.429147	4.531331
3.937324	4.866831	3.017730
3.393887	4.185490	3.536700
3.999518	4.741027	3.574798
4.574218	5.692398	3.154804
2.915380	3.834931	7.804948
3.967947	5.485532	3.200425
3.569088	4.682633	9.041562
3.235698	4.309585	8.596704
4.459228	5.432541	8.381854
4.968910	6.194033	6.750568
4.351693	5.032042	3.103603
3.647591	4.359656	8.741168
4.105507	4.049898	4.675120
3.973226	4.368258	9.092551
4.575789	6.278699	7.803314
4.351376	3.284410	7.280471
4.261309	4.348968	3.694717
4.326023	4.893885	3.127048
3.405783	4.070411	8.821610
2.714059	4.808944	4.764854
3.224294	3.690401	7.159134
3.110845	3.018292	7.895585
3.028333	4.781552	4.466288
4.409974	7.119538	6.315266
3.320123	5.112295	3.871115
5.010463	6.690139	6.972261
2.980595	4.846302	5.436868
4.062091	4.575281	2.888954
4.863716	6.211761	7.811253
3.863992	4.828148	3.256686
2.866610	5.040874	3.644043
4.344440	5.294285	3.099299
4.372885	6.292042	8.073863
3.607867	5.680679	8.294799
4.176957	6.196868	3.734635
3.576526	3.323085	4.311808
3.188725	5.070037	4.325053
3.780292	3.757745	5.336203
3.283779	3.694979	5.857625
5.346704	6.243621	4.669827
3.344648	3.887912	4.450385
4.941062	6.600897	7.808032
2.853733	2.946715	6.186232
4.005596	5.348685	3.141866
3.460292	4.892123	3.349545
4.132986	4.011973	8.024292
3.209201	5.279979	8.052663
4.039677	5.330552	3.362345
3.294780	4.393922	8.785666
4.107653	4.904583	2.777156
4.000576	5.137273	3.275694
4.970962	5.679564	3.659218
3.898531	6.178556	6.829499
3.813236	5.218100	3.433435
3.434977	4.087142	3.576333
3.748137	4.738693	8.831053
3.920181	4.762456	3.063663
3.511534	3.474745	4.091001
4.087172	4.726373	9.313341
5.319344	5.458311	7.096493
2.680598	4.549869	3.942108
3.924678	5.240492	3.373599
2.481600	3.592957	5.490520
3.480184	3.839275	4.353908
3.825440	5.289915	3.229903
4.343651	5.464714	2.952482
3.770128	5.419642	9.360428
2.686153	4.684031	7.940224
4.506896	5.171772	8.934343
3.329344	4.141814	4.026228
4.447082	4.065082	6.087966
5.133152	6.117508	3.886885
3.934656	5.871877	8.681080
4.586062	6.682008	7.545465
3.684126	3.849960	4.311467
4.024499	3.538206	5.936585
4.211767	5.983340	6.206738
4.421439	5.701652	3.644168
3.610290	5.772933	4.637659
3.378341	4.598050	8.668728
5.069093	5.260608	4.222413
3.589590	6.190699	6.708625
3.995903	5.308033	3.032918
4.007232	4.462982	8.175522
3.648295	4.843687	8.844617
2.860717	4.736005	8.726940
3.112488	4.617471	7.117254
3.740131	3.358712	5.464721
4.082368	3.437578	4.897838
3.952786	4.896634	3.189589
2.681191	4.664734	4.897036
4.281110	6.360412	3.932334
3.838001	5.464356	7.252671
3.385501	4.647269	8.656619
3.419046	4.461246	5.312599
2.639132	4.094444	7.251290
5.463804	6.037626	5.605532
5.687978	6.301739	5.310281
4.097564	5.757116	8.621397
4.055984	6.546438	7.643987
4.254640	5.659205	3.398352
4.536741	4.964201	8.554129
0.776088	4.835246	7.045779
7.601862	7.703150	8.540520
7.551283	3.814964	2.872307
0.035123	7.333342	5.374028
7.292261	1.087683	7.002232
5.935420	7.715881	5.150086
5.754465	6.976631	7.568543
1.730000	6.577267	9.826759
4.200605	1.210974	4.345228
3.629014	4.154792	8.074704
1.476853	4.190164	8.752791
6.109467	2.959078	6.767430
2.956940	4.118121	5.345627
4.061172	1.386458	9.029729
3.449025	7.074737	3.225052
3.742325	8.425882	4.655365
7.488346	6.541121	4.513314
3.617953	1.491901	6.008043
2.022416	7.999663	9.622263
4.691609	8.911885	5.637625
0.913577	6.665154	3.596278
3.443668	1.814792	3.659792
4.901745	8.774656	9.253084
4.633123	6.960441	5.540796
7.374227	6.786928	4.313522
6.832218	4.410129	9.037341
5.161595	4.259269	5.669507
0.720413	5.661622	4.548490
1.258530	6.162839	8.961004
2.129113	7.341984	2.649806
6.456748	5.476894	7.267590
3.328786	4.522379	3.749043
1.817196	8.144686	9.550100
3.831556	6.369720	9.033163
6.509508	4.557575	4.503027
2.917744	1.053647	8.427695
4.103207	8.122315	8.110400
4.535566	4.129217	2.876958
5.803077	5.637880	5.123752
7.084638	8.736026	4.049910
7.130956	3.291617	4.734729
2.044012	8.861433	6.710832
1.442974	8.714570	4.757833
5.355780	7.813166	3.346582
6.730886	1.111377	6.853375
7.133453	2.119806	7.355227
0.339165	8.120099	9.791104
0.639286	7.724525	3.429250
1.924903	7.698645	5.250948
4.449946	4.494914	5.055768
0.232388	6.036321	9.303697
1.153284	3.500490	3.135195
1.511087	4.256520	2.884271
0.834176	5.701860	3.856532
6.995614	7.982358	6.389234
7.440020	7.995630	8.141692
3.900552	2.776256	2.169878
5.193787	5.822536	7.262943
7.487579	2.416550	2.325471
6.050838	6.584164	3.531261
3.609875	6.792010	3.972809
7.586522	6.987434	7.345554
2.752548	4.786071	9.022575
5.019695	4.433531	2.057819
6.393764	8.300040	5.460362
6.240492	3.032747	2.443109
7.516815	4.400158	9.802349
1.501782	6.784240	8.055265
5.035554	4.216466	9.363898
0.900712	2.750515	8.807299
3.544539	8.398970	7.165725
2.957629	7.446447	5.787001
3.935990	8.421990	9.819519
7.512462	2.124383	8.481230
5.235722	8.830946	3.180280
1.796030	1.312103	2.711347
6.663334	7.868239	3.491426
3.200088	3.865856	7.432262
0.798349	8.072531	3.920962
3.643103	4.152358	7.859526
2.646698	1.589875	2.475316
6.114540	1.571112	2.714713
4.964990	5.406722	9.952809
1.133461	7.041462	2.390906
5.322189	8.380560	6.395981
3.183766	8.094368	8.170899
6.946999	3.992781	5.347339
1.673948	6.312112	5.944247
2.205405	6.998061	6.079362
1.882532	6.908436	4.141728
6.169545	8.651299	7.568109
4.988561	7.805861	8.662348
5.921397	5.692219	6.218845
5.136403	4.522810	4.769374
6.655549	1.132451	7.403717
1.018890	5.683265	3.327899
7.781527	6.275402	4.082242
7.911398	1.349892	4.206064
6.809972	1.285866	3.842823
0.637259	1.072141	3.485997
0.785254	5.258189	9.461610
5.398614	8.646604	5.064593
0.488123	7.814650	3.864539
1.384911	3.130772	4.458850
6.120346	3.197671	6.125576
6.264811	7.858459	8.524560
4.311197	5.365729	6.088172
4.100276	1.628720	5.761790
4.221077	5.495759	6.063504
7.214956	1.975178	6.148033
2.263926	8.764938	5.563188
5.230667	3.982442	8.761226
3.972254	3.466862	8.967209
0.391825	5.902660	5.607284
6.212702	2.350325	3.803804
5.959372	7.684261	5.309108
5.860919	5.531789	4.151424
6.205751	3.379209	4.349549
7.667420	4.743199	4.295470
3.434049	5.643726	6.072998
5.544920	8.801130	2.645648
0.014512	4.900477	6.091961
2.640999	3.064903	9.254928
5.068388	6.930050	5.470861
3.371366	2.336758	8.257048
3.511679	7.343237	7.936985
6.035222	6.781303	9.298845
5.439222	6.272683	6.090156
6.641092	2.460620	5.650075
0.333288	2.445680	4.876604
7.073462	1.609242	8.125081
4.148469	5.962863	9.750163
4.889198	5.118778	7.611842
4.052588	6.534032	9.863391
1.804248	8.550413	9.688365
2.396291	6.977343	8.921517
4.946369	8.941297	3.884897
5.097314	7.117610	5.454667
1.237621	4.149727	9.080879
7.398464	2.492439	9.654995
2.056649	6.482232	8.928047
5.428854	3.000656	5.517812
0.638186	1.841463	4.689679
0.914845	4.505589	5.440132
5.875493	5.989006	6.438707
2.646158	6.311425	7.884675
2.449576	1.564240	8.911146
2.138559	5.677762	2.375505
0.010347	3.645483	6.254914
2.405277	3.774830	9.653270
3.794121	2.946948	9.671812
7.271471	4.892596	5.280604
1.528213	8.072379	4.104748
4.006687	7.603966	5.226089
3.283539	8.906990	5.607936
0.901778	1.885758	3.354277
4.498226	5.650394	9.891634
5.451926	6.308226	5.043374
6.131140	2.615071	8.515041
3.776318	4.443289	8.205435
2.195233	7.437016	8.893921
7.362499	4.699025	4.564359
0.086202	1.204069	3.688664
7.122361	3.404726	8.815602
5.367586	1.676180	2.831983
2.661917	5.675273	7.027772
2.082404	8.365504	9.008405
0.116284	8.206770	2.327858
3.674552	4.528056	8.474124
2.347531	3.481318	4.366207
5.710215	1.554957	9.277139
7.319960	1.908068	5.754292
1.212028	2.636549	4.668488
3.827816	6.112973	3.699645
6.675953	2.716039	9.370603
