3.825248	5.446247	8.994350
4.122808	5.275036	3.328141
3.855757	5.793432	2.883065
5.108697	6.614109	6.967353
3.355552	6.138110	7.381946
4.334398	5.012762	8.539821
3.761313	4.086676	3.571412
3.431231	5.510190	8.245053
4.691804	6.338916	5.626140
4.101885	4.922683	8.956119
4.771027	7.066630	5.812563
3.007887	6.202256	5.475011
4.028576	5.492240	3.753863
3.689241	5.099565	9.152266
4.469393	6.289506	8.879662
4.367211	4.456687	9.054915
3.651486	5.765477	5.724849
3.745318	4.785103	3.099439
3.829794	4.254154	3.124998
5.303058	4.911566	4.122759
2.413304	3.940409	4.210973
4.309821	4.219509	8.829070
5.259829	5.023932	3.849848
3.812341	5.434696	8.959535
5.168295	4.157531	5.759491
4.057914	4.667018	3.023134
3.284170	3.746652	4.134519
5.067804	6.167191	7.055315
2.929842	5.448664	6.933971
4.014114	4.457767	3.021688
2.921718	3.068873	4.649420
4.239373	5.496476	8.779433
4.085434	4.467401	2.928112
2.693087	3.681961	6.532774
3.169320	5.934314	5.092562
4.324242	4.446622	6.680770
4.243808	4.909960	8.990147
4.429415	6.126399	6.285061
3.552557	2.774297	5.717850
3.922551	5.435733	2.792655
2.843077	2.804871	5.737631
3.338589	2.939173	7.873674
5.145675	6.116606	8.040826
3.692866	3.913349	8.636022
3.432106	3.290674	5.275671
2.651066	4.564315	6.457454
3.873578	5.400902	9.091205
3.073515	3.656715	7.923638
4.421443	5.490247	8.700833
3.361465	4.652192	3.128415
4.294963	6.888769	4.516456
3.104662	3.428983	3.626043
4.284504	5.309951	9.138385
4.738804	5.637709	3.067558
3.959450	5.168201	3.229422
3.165178	3.154982	6.804916
3.356037	3.242903	5.330187
5.660922	4.910281	7.670941
3.920912	3.428984	6.786376
4.489977	4.622617	3.255644
3.422637	4.749698	8.404226
3.349194	3.533717	7.389963
2.793957	3.984854	4.064426
3.573682	3.082512	5.430478
2.718737	3.956379	5.366793
4.377082	4.689088	8.997338
4.459443	5.794449	9.180381
5.121022	6.551133	6.421052
5.038445	6.274694	7.957331
5.670852	5.148255	5.108398
2.711285	4.639066	6.192709
3.244108	5.004795	7.574170
3.481459	4.507164	8.672898
2.596049	4.543797	5.797024
3.622154	3.823345	5.695147
5.160525	6.746444	5.855495
2.828027	4.221260	7.714813
5.368123	4.916607	7.389574
5.164219	5.298417	5.277675
4.232287	5.926144	7.994818
4.961164	6.790639	5.351825
5.161921	5.867045	7.520130
3.062260	4.463525	8.362046
3.872771	4.148830	4.310210
4.142688	4.046644	8.723740
4.079335	5.811767	8.469610
4.240701	4.255438	3.865178
2.676466	5.260469	5.461159
4.060830	4.158735	4.257337
3.438234	5.273008	3.797301
4.722625	7.418521	6.411717
5.381461	5.076140	6.232686
3.846793	4.173270	2.875649
3.556900	4.475274	3.413504
3.120167	3.876619	4.316978
2.835312	4.134710	7.131644
3.405044	3.422405	3.667355
2.795064	4.955641	6.018989
3.579765	5.168335	2.682068
5.640699	5.673597	6.949523
5.095294	4.152860	6.134199
3.841829	3.344472	6.555426
3.594951	4.700816	9.422166
3.879378	3.570073	8.660975
3.777711	4.651358	3.400922
4.088600	5.285292	3.308666
4.182738	5.620139	8.752425
2.878743	3.957261	6.434132
4.698705	5.775181	2.948247
3.673519	4.550713	2.584858
4.336503	4.634742	9.181121
3.383323	5.348940	8.643520
3.353556	4.481418	8.574083
3.898544	5.281176	9.147344
3.447198	4.746365	3.818122
3.872886	5.099797	2.826984
4.099246	5.574059	7.665459
3.810818	5.834711	8.366339
4.916226	5.956490	8.060132
4.368943	3.713225	6.465161
3.508403	5.513181	3.451283
2.585629	4.529194	4.273612
3.847258	5.057277	9.028155
3.972722	4.884572	9.003662
4.288692	4.222368	8.190900
3.903720	3.252669	6.319996
2.633881	4.768723	4.045792
2.742083	3.103477	6.234709
4.280082	3.586549	6.160948
4.541795	6.157352	7.897213
2.962921	5.152875	4.527118
3.200997	3.594268	8.255284
3.843499	4.892702	3.335224
3.821828	5.181889	3.423116
4.412887	4.472631	8.028998
4.932101	4.120064	7.636441
4.550362	4.842580	8.351889
4.356564	4.208911	3.557990
4.294986	5.019824	9.058642
4.976476	4.703813	6.912709
5.042713	6.460736	5.317587
3.049505	4.806536	3.300139
3.076407	5.431430	3.935898
4.034020	5.481413	2.950750
3.434218	3.497753	8.502937
4.609570	5.139058	9.115380
4.019570	6.540776	7.296732
3.114128	5.672790	8.836115
3.643269	3.904177	5.880303
4.247637	4.152494	4.005985
5.016493	6.422998	7.584879
5.215081	5.590038	4.698308
5.092112	5.324277	7.638931
3.769700	3.752379	8.337811
3.327555	3.776059	9.085173
3.656526	4.856994	8.909135
3.922766	4.972708	3.402917
4.696889	4.888178	8.516847
4.465865	5.994513	4.076911
4.481646	5.823385	3.942257
4.889588	5.562510	3.677992
4.287597	5.757640	9.033939
4.890207	4.720879	5.402129
4.248952	3.948905	4.329496
3.983113	5.075875	9.351785
3.650146	5.418525	4.193297
3.139421	4.032381	8.046575
3.691604	4.901058	9.099535
3.155270	4.829684	4.074206
4.072825	5.350324	8.217992
3.369893	3.401637	6.685770
3.617750	5.227328	9.184872
3.910841	5.333521	3.234018
4.696199	6.513993	6.453994
4.868859	4.666082	4.744385
4.070800	3.934262	8.311062
5.390590	5.687283	5.390900
4.252049	5.307714	2.743729
4.053905	6.007619	7.974937
4.735961	5.016653	8.089102
4.542689	5.276261	3.554416
3.807722	4.882041	2.980921
5.489867	5.820527	8.104965
3.575773	3.975232	8.498013
3.444945	5.486123	7.931697
5.031082	5.949529	4.862287
3.997724	3.429550	7.964850
4.230639	4.904348	2.811266
4.004415	5.077573	2.972863
3.996660	6.392890	5.740196
5.385662	6.523415	6.099494
3.466385	5.203011	2.786978
4.986284	6.495347	4.096420
4.137551	6.209657	3.583910
3.990771	5.059728	2.881656
4.291453	5.254627	2.788761
4.491261	5.520119	3.379605
4.631806	4.333917	7.188878
3.512401	5.479793	8.812588
4.556939	5.941051	4.009556
5.426766	5.174859	5.984344
3.363712	5.766931	6.740921
3.422216	5.386033	3.594934
5.019424	6.468737	3.934008
5.403618	6.271623	6.385975
5.680345	6.199794	5.768097
3.533996	4.743600	3.550432
3.508711	4.920207	3.688250
3.419891	4.799947	9.096336
3.530602	5.146778	3.430588
2.570991	4.171959	6.452696
3.913303	5.301955	8.818873
3.844631	6.297125	6.999265
4.428442	6.102419	4.068707
4.464759	4.381211	7.007260
4.237080	4.001704	3.987838
3.165234	4.919422	3.140723
4.653749	6.794539	7.522578
3.799797	5.489379	3.284629
4.098921	4.982017	9.499420
3.797928	4.798090	8.171602
4.962042	6.462827	4.068255
4.291966	4.654643	8.212655
2.256573	3.698318	7.251501
3.295791	5.814559	5.207684
4.288126	4.884832	8.111343
4.212804	4.460624	3.711230
4.944710	5.365203	5.225431
4.117137	6.188716	7.881111
3.283516	4.951751	4.812705
4.518430	5.306254	3.942080
4.796179	5.737263	8.524839
3.998048	5.156228	9.217699
4.789581	4.397880	6.547123
4.457431	6.102111	7.787872
4.412438	5.817116	3.838830
2.885850	4.828970	8.568837
4.049374	5.043298	3.201021
3.792875	4.449976	9.218365
2.912589	4.105045	6.987485
3.386359	3.735693	3.401580
5.001295	6.998501	5.163479
4.006657	4.456850	7.897787
3.710598	6.107204	4.947147
5.246675	5.723156	7.356600
5.093979	6.771558	5.937182
4.074178	4.460675	4.415843
4.208274	4.923384	9.109954
4.120659	4.945899	9.032530
4.523590	5.194471	2.810381
4.019428	4.393033	8.995945
4.354648	6.193522	9.179334
3.428635	3.114903	4.117194
3.534434	5.051745	8.897500
4.278880	4.948659	3.236616
4.921362	4.637022	7.274540
4.376019	3.899623	4.845529
4.246963	3.760839	5.881133
4.498598	6.146461	8.379583
2.740836	5.059820	7.731479
2.929104	4.847911	5.868789
4.453268	4.459203	5.315293
3.949382	3.940155	8.497734
3.538333	5.018105	8.966739
4.306253	5.441814	8.757981
4.024965	3.821387	5.318486
4.788852	4.362544	6.805573
3.539455	5.879605	4.896566
2.820970	4.709812	7.634116
3.801546	5.265519	8.823143
2.329624	3.668823	5.846379
2.809447	4.766971	8.515266
4.470442	5.500464	8.634953
2.848894	4.684679	4.285354
2.654285	4.136187	5.509047
3.417853	3.520743	6.051703
5.176972	6.322181	8.033070
4.890975	6.534411	7.611582
4.512687	4.591223	3.026254
3.746318	3.668789	7.371923
4.039028	6.472039	4.526926
3.644575	5.215601	3.093696
4.366278	4.826853	8.899644
3.295580	4.821046	3.067442
3.960279	3.876092	7.283927
4.200204	5.161416	9.099200
4.279693	4.846592	3.478560
3.674648	3.793670	3.788727
2.773779	3.226242	6.140026
3.920061	6.310103	6.425012
5.291893	4.653128	5.498230
3.410809	6.611489	3.913011
2.905974	3.067285	7.912289
3.506245	3.630839	4.292142
3.070267	3.610146	7.636777
3.122229	5.305642	4.915068
4.621803	6.479856	5.092902
5.501629	5.905323	6.555674
3.248821	3.884403	7.937371
3.444808	5.486660	7.098717
3.145086	4.857251	3.172464
4.935424	5.533676	5.502790
3.835697	5.372570	3.386718
4.201798	4.122219	4.920387
5.123257	6.069837	6.256888
5.407720	6.007848	6.315009
4.139397	4.939306	3.078097
3.705220	3.868331	8.722784
2.702879	4.525451	3.344788
4.398194	6.128032	8.736710
3.066459	4.579078	8.857827
4.579399	6.492598	3.901934
5.054554	6.104124	7.297392
2.997754	4.628776	7.784727
3.626028	5.736352	6.920421
5.119935	4.711395	7.827261
4.179137	6.594911	4.747724
5.479220	5.837004	4.016773
4.863877	4.898084	3.614076
4.413263	4.475177	4.298013
3.863515	4.912337	3.297480
4.700242	6.157860	7.369163
3.473186	3.740880	8.348950
2.409869	4.620069	5.268936
3.679265	3.356269	4.277317
4.071628	6.724992	6.368154
3.642699	3.378180	7.514488
4.359926	5.065718	3.572743
4.536122	5.067972	4.148668
3.328854	5.317079	5.287491
2.516455	4.868333	5.170047
3.953908	4.438094	3.647004
4.374041	5.294263	3.452307
3.459701	5.544315	3.764836
3.903410	5.239044	3.368718
3.807813	5.650958	2.895608
4.888650	6.697606	4.994578
2.775891	4.240058	4.910253
3.937918	5.098935	3.178488
4.534012	4.472344	7.977073
4.693183	5.230216	5.188480
3.524956	4.030108	3.258468
4.386336	6.162831	7.654970
3.973626	5.822871	3.042422
3.188429	4.339214	3.847237
3.671262	3.661893	7.682362
3.521038	5.298033	3.179463
4.645763	5.081251	9.021997
3.674779	4.832506	3.288163
4.452579	4.617426	8.332860
3.887048	3.427360	5.193206
3.393244	5.748393	3.161972
4.735997	5.041399	8.396255
3.706245	5.474250	6.744222
5.506578	5.176938	7.550399
4.834473	6.642446	4.809953
2.417480	4.171058	6.648452
3.454395	4.339778	8.831238
3.017499	3.801073	6.209820
3.698761	4.331409	8.717088
4.050579	4.153364	3.401745
4.478266	6.395848	4.020674
3.832144	4.587093	8.153930
4.879975	5.550660	3.473160
3.660925	4.913982	3.283712
4.420624	6.068026	3.856471
3.465481	4.407575	3.348237
4.718396	5.556571	3.797224
4.560696	6.012252	3.212181
3.835204	5.293062	9.177982
4.739212	6.415597	5.691541
3.227718	5.813584	3.939272
3.335496	3.639294	8.264169
2.712777	4.136132	3.946167
4.336483	4.519868	5.315955
3.946648	4.946379	2.988036
3.727368	3.399684	4.863039
5.455034	5.551839	7.304235
5.320872	6.232213	4.473614
3.759023	6.261295	4.606668
3.938552	4.638159	3.443996
4.115224	5.150673	3.637360
4.905050	5.571924	4.426398
3.958160	4.736998	3.124309
3.833234	3.231840	5.092959
4.159909	5.065641	2.779738
4.688661	5.367682	7.691752
3.295725	3.755060	8.311283
4.359873	4.980473	3.099081
3.983243	5.157148	8.316473
4.354951	3.893152	3.732733
4.678265	5.125185	3.221274
2.965635	3.720700	6.665265
4.110859	4.771043	8.604133
3.723190	6.780709	6.791661
4.042788	5.614970	3.409551
3.378782	5.013530	8.949922
2.634844	4.006082	6.125224
3.044588	3.589666	5.089693
4.211230	6.418624	5.290263
4.017507	4.911835	8.918751
4.334679	5.528749	8.802452
4.515651	5.646223	3.555687
4.553147	3.971425	5.347913
4.183700	5.366334	8.967877
4.520777	5.266749	8.663219
4.011585	3.452425	6.315872
2.956272	4.255409	4.928771
3.283114	5.440264	6.240856
3.215791	3.161429	5.151160
5.005416	5.473262	6.057837
4.627710	7.106530	5.574925
4.052600	5.771827	8.094639
2.595193	6.076014	3.991617
4.221327	5.065234	9.300176
4.153236	5.179968	2.951035
3.575832	3.718557	7.915022
3.645492	6.519635	5.993505
2.741930	3.442900	5.405269
3.706910	2.890772	7.114692
3.553191	4.006838	2.738851
4.062599	5.637710	9.116590
3.875124	4.931087	3.034710
3.573870	4.992139	2.842875
3.893301	5.042780	8.600517
4.804668	4.805002	5.761833
3.775590	5.278306	8.504419
3.659491	5.933955	3.293289
3.804175	5.110192	9.023901
4.648410	4.669484	9.132023
4.224792	5.483639	9.072697
2.796653	4.310256	4.120076
3.950815	5.128357	9.182392
3.306569	5.780207	8.003747
4.606768	5.688013	9.017475
4.391484	4.024524	6.555870
2.954779	5.296177	3.967519
3.044466	4.417283	6.907266
3.992072	5.163272	3.045813
5.426103	4.844172	5.274047
4.623733	5.086494	2.875491
4.009804	4.429231	8.931782
3.302763	3.428197	7.452027
5.136987	6.292133	4.256716
4.083671	6.597762	4.657203
4.425200	5.626116	8.694756
3.490932	3.940877	3.703170
4.290416	6.197234	7.023932
4.511191	4.073800	8.237334
3.817337	4.361765	3.081940
3.359114	4.773108	8.518628
3.424659	5.262339	8.467514
4.124155	4.363259	3.297983
3.193760	3.383169	5.155717
3.192617	4.942746	7.478189
4.469095	5.581377	7.535465
2.801605	5.126252	5.261397
4.234227	4.075767	3.968568
4.198848	5.142631	8.515178
4.343351	6.281400	7.300156
4.240404	4.716566	3.158017
4.159941	5.409737	3.190179
3.723279	4.528980	8.393046
5.289012	6.392492	6.717988
4.056027	4.929807	2.858398
3.688321	5.492273	3.175788
3.173656	3.379936	7.625205
4.635683	6.979767	7.239548
4.759325	7.056751	6.854713
3.914276	5.396856	9.061424
4.363485	4.647093	9.313335
5.087739	5.855850	6.795973
3.503285	4.795436	3.276367
3.210487	5.151337	7.770230
4.472342	4.900982	3.279446
3.260324	6.483689	5.780049
2.890172	5.338527	8.412521
2.625670	4.320687	4.786334
4.073304	4.576285	2.845330
3.899972	4.451220	3.031120
3.907299	5.449168	3.124043
2.472943	4.193935	4.151234
3.847473	5.960196	8.737116
3.743289	5.121598	8.667888
3.582836	5.022639	2.755220
4.641973	4.728313	3.922064
4.132541	4.914660	3.065397
3.917053	5.637746	3.381421
3.628231	4.209596	3.784238
4.643777	6.720355	7.247205
3.778248	4.663074	2.633116
4.039622	4.697868	3.065692
3.384626	4.232299	4.895985
2.782549	3.269063	7.543019
4.254582	6.703225	5.102975
4.502851	5.835797	3.505236
3.250482	4.079273	8.026097
4.002588	5.035095	8.744712
4.134169	6.091411	4.273758
2.868159	4.208548	5.918897
5.931504	6.852472	7.637044
5.964078	2.758850	4.668676
2.086523	5.228965	3.437751
2.479145	2.446538	9.056333
6.594012	5.729401	2.250714
4.929750	1.156055	8.363854
5.533054	6.613254	7.243746
0.983925	2.004864	7.347988
0.669423	7.123802	9.725332
2.821178	1.697376	7.842856
3.354440	3.839649	4.636022
0.788238	1.726413	4.272208
3.237427	5.619590	5.078905
5.748586	8.527553	8.455077
4.708107	4.531434	9.863643
7.308880	4.329688	6.540938
0.751624	2.635994	6.309907
6.769637	4.196862	2.072477
5.576354	2.261494	7.745051
4.466266	6.639836	2.011308
0.007773	4.785251	9.392459
4.412115	6.743616	7.399283
4.222433	4.271535	7.365487
3.849379	3.590494	3.623171
4.471716	7.498208	9.161538
1.061752	5.583937	3.790485
7.407212	4.657905	7.249442
6.236271	8.448732	7.168230
2.127029	7.905075	4.665122
0.489287	2.614779	5.965481
0.565405	1.057904	3.451153
7.328396	3.357048	4.710486
7.810226	7.767100	2.584356
2.948920	4.593969	7.929481
1.777053	3.279686	9.600358
5.865255	1.038069	7.184341
6.529903	8.667312	3.319962
6.782478	2.750263	3.742312
5.437563	6.342536	4.951336
1.930956	3.040583	6.972410
2.059827	2.094190	4.036781
4.736456	2.444275	5.894205
1.406968	5.548142	3.963633
7.055477	8.930846	6.839507
4.256509	1.297503	4.332293
7.672983	4.119126	9.077506
2.064898	1.221916	9.498178
3.826091	7.341597	2.577854
3.905954	8.172169	6.406581
6.353287	5.222957	4.704690
2.357742	3.636753	3.949180
0.645902	5.351524	6.750636
5.230002	2.818622	8.046431
7.951037	1.524664	2.228391
1.093623	1.742945	5.409025
3.917161	8.538047	2.862498
2.934147	2.669519	7.778984
7.755873	2.778264	3.650885
6.132801	8.759653	6.075994
0.961597	5.617403	4.832809
5.537942	3.059551	2.825982
6.713277	5.786367	2.149375
5.256257	7.918207	2.756708
1.010036	1.112863	8.279261
6.805542	5.000426	6.680867
1.758923	6.491245	7.029053
1.078620	2.351689	9.903634
2.450574	1.225192	2.498056
2.247807	4.992868	5.525944
3.333464	1.891680	7.388571
6.777041	6.289460	4.161678
1.160151	3.710564	5.504233
1.445004	2.555811	2.096226
6.968212	3.177235	4.306509
7.827157	4.786368	8.006143
4.301686	5.035593	8.467323
3.354110	6.162455	3.853143
7.267398	8.346905	5.436425
5.201024	7.929956	3.509976
6.430297	6.390258	6.945775
3.760026	5.721229	2.110419
1.359392	6.542336	5.147468
4.506859	1.087188	2.853550
6.555961	8.195488	9.026859
1.800845	8.260044	8.469671
5.770903	3.069355	4.538293
7.040324	8.087982	5.777476
2.559088	4.546437	5.071963
4.643462	3.063910	9.870756
6.842820	2.330594	3.687141
1.062044	2.901842	2.488022
0.194341	6.177582	5.656942
2.424400	7.244920	7.228420
3.175937	8.773173	7.116607
6.004270	6.588698	7.840328
3.863201	5.888056	2.254604
7.904659	8.657457	7.441025
4.431331	2.417734	8.408979
1.374436	8.087516	9.164206
5.535304	6.997063	4.597948
6.093921	5.833940	7.998811
7.209487	8.178262	9.022937
7.580598	3.814056	5.819826
7.822898	8.686747	6.238216
3.970040	6.472133	3.585037
1.652785	1.033974	3.166922
0.585756	4.063980	9.498519
1.983751	8.923216	5.457155
3.633830	6.237045	3.793763
0.394379	3.277943	5.901877
3.871987	1.494091	2.507479
4.228828	5.951961	7.275235
0.638579	7.776000	6.808466
6.841791	2.812910	8.165773
7.028479	4.607699	6.153198
3.708024	7.955223	5.859993
4.743271	2.961312	2.129264
5.461058	1.858625	7.337471
5.154854	7.994535	4.733340
7.486533	3.258793	4.732673
2.944728	3.339688	9.588619
5.753592	2.793336	2.731661
3.121491	6.579896	5.908884
7.987960	1.576654	2.408893
6.405891	3.685290	9.513027
4.865099	2.758801	4.339300
2.902219	3.974945	8.760822
2.083392	3.122725	7.032470
3.046881	2.023039	6.698545
4.005320	5.174944	9.530143
1.787214	3.800630	9.992583
1.295952	7.616642	3.584201
4.071771	3.034408	9.098174
1.016622	5.565295	2.301261
5.967917	8.141822	2.603624
7.397145	8.787805	9.913314
4.357931	2.358075	6.042896
7.061480	7.687954	7.819996
5.885708	3.236471	3.427936
1.973274	3.640152	4.152242
2.359769	7.377953	6.241253
3.529460	5.574679	4.281848
6.731905	7.393318	2.946356
3.020997	2.012062	6.786131
4.778137	6.882717	7.529826
0.835541	8.802768	2.488328
4.832694	7.233146	5.538362
4.810619	4.364914	3.052628
4.571570	3.558677	7.438865
1.901230	2.302729	9.255744
2.310781	5.427049	2.805537
1.597955	6.552287	6.932976
3.152064	2.423884	6.119638
0.040446	6.008406	2.479581
5.929487	4.471996	8.635926
4.590683	8.016166	7.698975
4.590527	2.559281	4.850097
5.136629	1.447560	6.260028
6.589892	4.179590	2.757120
1.979979	1.585346	6.338450
1.727966	1.809664	9.595742
7.309261	5.304208	4.777885
6.476477	4.571803	2.001097
6.821682	8.066854	3.503050
6.476251	6.888232	5.459389
6.001465	4.008006	7.658722
6.811893	6.012782	8.966134
2.629317	4.892836	4.476702
6.115082	6.609340	7.946433
5.130336	3.644014	5.127765
0.283490	3.289219	6.683230
6.921042	6.955637	5.252416
4.398271	3.606616	2.595584
6.070869	2.653701	9.783005
1.892869	3.790127	9.157291
