3.669011	4.444724	8.575624
5.756307	6.292354	6.837435
4.129602	4.567028	8.701452
3.194985	3.185956	7.228680
4.787019	4.765594	3.224405
3.660927	5.742846	6.936097
3.492411	3.881460	3.434765
5.110064	6.330826	6.821307
3.157647	5.365091	5.808645
4.007974	4.582774	2.852506
4.661324	6.879147	5.691995
3.056014	3.506418	5.530417
4.360979	6.972967	6.252865
3.816914	4.914520	9.526606
3.582724	3.601964	5.851458
3.556451	4.352959	3.670055
4.761815	5.693895	8.223891
4.114845	5.573722	9.140688
3.507660	4.126910	8.963287
3.792976	4.488851	3.248555
4.520153	4.989540	3.286902
3.012285	3.881659	4.690732
4.201975	7.007242	6.468895
3.980019	4.034288	3.911370
5.320325	5.590555	6.249150
4.268153	4.939781	2.804845
4.508468	3.863203	8.075237
3.581399	5.109130	3.036901
3.807754	4.881243	9.083356
5.157291	5.155739	7.793790
3.975895	4.906319	2.971172
4.967248	4.565972	4.355701
5.321767	6.486960	6.702377
2.422596	4.897959	7.847680
3.339340	5.849890	7.924050
4.210707	4.109591	8.880193
3.437220	4.108840	3.550662
4.848348	6.560019	7.168953
3.497318	5.721618	7.137009
2.619543	3.458216	5.208970
3.734268	4.850277	3.085561
3.958851	4.804078	9.078818
3.768879	4.541432	3.100414
2.856161	4.335533	4.539132
2.250893	3.766697	5.095976
4.361757	5.884217	8.770423
4.004288	4.540179	2.866642
4.583225	5.081223	8.907924
4.105608	3.597215	3.773520
4.283610	4.382508	3.844211
5.394460	5.822621	6.287203
4.395465	4.193775	7.676453
3.745202	3.979624	8.635631
3.967839	5.803898	8.563276
5.326002	5.646278	6.380995
4.246049	4.719377	8.712097
5.037206	7.014219	4.897901
3.169085	5.107918	7.954630
3.723725	6.043118	5.031356
5.090392	5.411768	5.041378
4.447212	4.196377	4.240372
3.455989	3.612307	3.390176
3.982003	5.496075	8.268375
3.223818	3.821608	8.301329
3.071838	5.907794	5.235579
5.223204	6.327380	5.633016
3.241035	4.997649	5.394851
4.611162	6.591581	7.361664
3.807420	4.959149	3.363379
4.818066	4.924526	4.416477
3.886439	5.775569	7.655621
5.603634	5.750833	5.675635
4.291735	5.543969	8.847373
2.758445	3.305173	5.358188
3.713858	6.456833	5.846475
4.980136	4.544156	7.247012
4.035469	4.992727	8.755279
3.875631	4.319646	3.326110
3.860941	3.211127	5.447292
4.068888	4.370314	8.265008
4.712930	6.891169	6.135487
4.417633	4.484635	3.842036
4.730958	4.697582	8.829526
4.179177	6.029962	3.756140
4.897494	6.273689	4.222377
3.131700	5.181519	8.124396
3.420983	5.733372	6.841594
4.194385	4.624486	8.973871
3.631182	4.167221	2.859598
4.035961	5.060017	9.528333
3.666124	3.289540	7.551835
3.735733	4.054942	3.365252
3.802090	5.053707	3.088356
4.473300	5.187190	8.794584
4.749093	6.777856	7.716615
4.351791	4.213439	4.588964
4.758321	6.342014	3.995624
4.635416	5.270250	3.773247
3.831655	5.497564	8.822485
3.873089	4.719767	9.023071
3.306934	4.052656	8.684253
5.263413	5.231462	7.524291
4.021867	3.684090	7.968791
2.397944	4.016383	7.328202
3.661081	4.302693	3.302074
5.006862	5.645867	8.646325
3.348256	5.377325	3.177100
4.782909	5.031477	4.880940
3.878320	5.309135	3.431059
2.821162	4.902809	4.825669
5.242297	6.243025	7.213022
3.801821	4.227643	8.621806
4.003541	5.279205	3.051408
4.407455	3.675661	4.757300
3.271189	4.709891	8.697014
4.060412	3.769452	4.952330
3.414880	4.648091	2.740422
4.215443	5.504522	9.144666
4.586213	6.016117	8.531912
3.178298	4.603818	4.229305
4.125346	4.934137	3.594984
4.033752	4.180058	7.979267
5.262274	5.729004	6.033924
3.789864	5.431679	3.620430
3.678003	5.261684	3.036736
4.712787	4.590094	3.133023
2.969980	4.548697	7.173941
4.631427	4.542734	8.487472
4.019444	4.766798	2.899308
4.258131	4.748018	8.884148
3.721342	4.158549	7.516266
3.287505	5.742856	3.772224
4.164747	4.894333	8.615874
3.360995	3.654650	7.402531
3.122452	4.827456	4.818166
3.324015	5.185724	3.409420
3.970276	5.674566	2.878647
3.447884	3.303989	5.136651
4.819301	6.253612	4.309993
4.930489	6.257543	8.479642
4.747021	5.379608	3.587517
3.015104	3.588880	7.592747
3.846344	3.644439	6.120220
4.401002	6.346353	5.014105
2.793316	4.318217	7.243459
4.243065	6.463864	5.897321
4.735810	5.342239	3.045477
3.973355	4.849107	8.518063
4.616966	6.263900	7.820737
4.948865	6.510125	4.135410
4.355055	4.748988	3.100971
3.357368	4.327249	8.025016
4.187773	6.009316	9.040084
4.741386	4.167771	5.310477
4.223633	6.211607	3.649949
4.110370	4.781098	9.011983
4.102561	5.126734	2.908106
3.611543	6.313180	6.781389
3.256853	5.203893	7.128314
3.820188	5.387447	3.245332
3.795476	3.036575	7.407032
2.397957	4.536413	4.660847
4.973123	6.582747	6.485617
4.408769	4.977452	3.287499
3.656899	4.961513	8.959013
4.036220	5.796008	9.318967
4.064314	4.954888	9.349792
4.316813	4.116525	8.236826
3.220073	3.334493	4.878931
5.170147	6.274188	8.057238
2.748837	4.162903	6.386399
3.162318	4.272050	5.960141
3.813243	4.786063	8.174933
4.561144	6.160379	8.116091
3.680592	4.719561	8.959783
5.715497	5.752746	4.982150
2.544020	5.519098	6.909262
4.347878	4.794567	2.881339
3.033376	4.683716	4.256721
4.828717	5.652700	7.472750
3.499260	3.474884	6.383598
3.905393	5.138369	2.927036
4.333048	6.059447	4.387047
4.108431	5.445975	3.234876
3.147243	4.389165	3.963372
4.790977	5.422140	8.640469
3.898106	4.765062	2.810504
4.342155	3.976270	5.697261
3.999410	5.266195	3.072061
4.642429	5.372880	9.105741
3.576776	5.960036	7.535776
4.738780	4.118470	5.704165
3.815205	5.953317	3.697990
4.194696	4.738262	3.589420
2.768260	4.210230	6.890438
4.613513	6.250877	3.762581
2.681401	5.298975	4.866886
3.215560	5.819037	5.682611
4.315986	3.613402	7.424347
4.242019	5.077934	3.144377
3.642926	4.376924	8.919924
3.874402	5.245565	8.930582
3.630455	5.093413	8.761952
2.958815	5.272644	8.169301
4.831647	5.127015	3.907155
4.895294	5.011847	7.714556
3.544814	4.577252	8.241713
3.751568	2.849699	4.238035
4.076651	5.155670	3.350474
4.612608	4.329109	7.467231
4.847169	5.128786	3.898137
3.513635	5.562230	8.407406
4.916421	4.859535	3.734286
3.254708	5.759042	6.754681
4.578495	5.817540	8.319167
5.566393	6.343444	4.995164
5.037812	4.827625	6.669612
2.913010	4.067316	3.841871
4.302096	6.939956	6.933207
4.056328	6.715627	5.175675
3.793503	4.899315	3.252826
4.793950	6.703698	5.688680
3.025056	3.955304	4.269650
3.741559	4.868698	9.402597
3.879046	3.538807	5.979657
2.464386	3.957961	5.475992
3.906101	3.636700	6.489585
3.427915	3.971956	8.359914
4.715490	5.789047	4.263688
4.423993	5.599450	3.187012
3.486508	5.063959	3.025189
4.381572	5.419742	2.966213
4.254230	6.453978	4.077446
4.258499	5.720828	8.901148
4.934229	6.853941	4.959711
3.164025	3.842813	8.762117
3.412595	5.752047	8.963731
2.782055	3.222612	5.932003
4.523586	3.949348	6.823646
4.068153	5.248963	3.486447
4.613729	4.545806	4.358298
4.759193	5.748572	5.005706
4.624810	5.768296	3.726731
4.454846	5.678147	9.045588
3.711162	5.869125	4.793947
3.822819	5.101171	9.199941
3.597357	5.570518	6.157711
4.160729	3.953993	8.846654
4.138142	4.382102	9.131154
3.246548	5.566620	4.659982
4.663580	6.432315	7.317339
3.369190	5.064198	9.178575
3.802206	5.343502	2.778450
4.165121	5.675672	3.049181
3.325598	3.843785	3.241950
4.180180	6.324589	7.583897
3.256900	4.429449	4.484102
4.819502	5.486926	3.206849
4.087540	4.738358	2.870933
4.164294	6.081408	8.525711
4.114338	5.881666	3.312644
4.169898	5.563131	2.785534
4.274063	4.528917	3.481672
4.111859	4.401140	3.552620
2.791880	4.682687	5.654326
3.966055	4.329722	9.103971
4.048083	4.875673	8.948674
3.410972	4.452588	8.922891
3.043808	4.057931	5.475765
4.728264	4.630715	6.391494
3.779977	4.212333	7.972091
3.555849	4.598569	8.358640
4.300139	4.207919	6.465626
3.843875	4.689582	9.199149
3.265935	4.153889	7.708665
2.978222	3.397416	8.050125
3.281596	3.731142	4.058392
3.992014	4.646663	8.657253
4.201049	4.922717	3.015408
4.686341	5.156913	7.940993
2.945019	3.797736	6.389247
4.956799	4.827761	5.231473
4.795158	5.624990	2.943384
4.953829	5.299492	8.169637
5.598840	6.445147	5.677652
5.229395	4.990694	6.975484
3.038328	3.042777	6.710173
4.129649	4.761052	2.889391
4.821669	4.534792	6.258912
3.969763	4.919321	8.805122
4.708313	5.190880	8.465949
3.098676	4.287143	3.480662
4.461868	5.753810	8.583243
3.463220	4.514512	3.297958
3.415109	5.365062	3.998459
4.943276	6.572888	6.873258
5.181871	5.799285	6.092780
4.559453	5.048579	2.990800
3.866007	5.437421	3.143348
5.127297	7.181678	5.380690
4.842703	4.591476	7.882249
4.381258	4.541688	7.747765
5.545443	5.475356	6.601515
4.669940	5.005227	8.530708
4.060742	5.136028	2.951126
3.431598	3.781459	5.142246
3.318792	4.674239	8.282890
4.724568	4.343895	5.155804
4.554038	4.775246	8.324023
3.468563	3.597426	3.663357
4.228949	6.516971	6.861128
3.365280	5.495757	6.405963
3.844420	4.777593	9.346181
4.904644	5.463316	6.071357
3.814664	4.651146	8.884100
4.327264	5.044231	9.118272
3.395493	3.707254	3.114336
4.261736	5.521759	8.682574
4.994676	4.527902	6.891727
4.559549	6.172016	4.597078
4.437518	5.707287	3.474199
3.664319	4.617373	3.268965
4.176107	4.811493	3.022617
4.221505	3.997928	6.796332
4.392786	4.995624	2.934106
4.294580	5.355273	8.873788
3.976856	5.114977	3.079809
3.422367	3.163173	6.052319
4.010001	4.575336	2.992620
3.881872	5.107499	8.938785
5.343727	5.701233	7.453656
5.112187	6.890199	6.326275
2.844703	3.998556	5.860128
3.132167	3.447609	6.304390
3.340252	2.865059	6.344743
3.626136	2.948079	5.941342
3.256457	5.342768	3.111745
4.216851	5.040169	9.211717
3.355938	4.271697	8.727143
2.876181	3.419616	4.017699
4.482023	5.835510	3.068583
2.561818	4.071624	6.878682
4.177953	5.039257	2.991282
4.148002	3.505088	7.442654
5.127403	6.896317	6.012573
3.878666	5.300467	3.799041
4.598821	4.536900	3.153626
5.458034	5.745564	5.177197
2.947180	3.657200	4.569428
4.096654	3.624052	7.622642
3.159856	5.785573	4.655252
4.672961	5.804582	8.180030
3.465236	5.117110	3.534272
2.740032	4.418904	4.074033
3.820661	5.059174	8.905493
4.665752	4.020528	4.633693
3.357645	5.114521	9.290660
3.182119	3.708285	7.710107
3.716056	5.929441	4.493729
3.669198	4.698701	8.483764
4.221558	3.649349	3.949077
4.228655	4.836154	8.539100
4.205527	6.549900	6.216901
4.140809	4.982145	2.653412
3.366894	4.391284	7.642130
4.146621	5.074381	2.883979
3.256391	3.659141	7.708231
4.470779	6.596325	8.134204
3.591532	4.451193	3.333572
2.914971	4.530882	5.399955
4.722992	6.244487	3.581796
3.889963	4.870839	2.842679
5.099183	4.738533	6.872576
4.396977	6.429452	8.073095
4.636662	5.743331	3.103740
3.755507	3.489873	4.483495
4.254088	4.551410	8.955335
3.957725	5.538394	9.375775
4.544338	5.678363	3.233047
3.248462	4.785303	8.575514
2.996200	4.900579	8.165116
3.164149	4.550720	8.883988
3.523168	3.648970	3.705176
4.131037	5.179850	8.954283
2.962346	4.149947	7.753186
4.379821	4.848480	8.725570
3.767200	5.620703	4.053154
3.017936	4.467534	6.564923
2.840796	4.050512	7.860925
4.321966	6.242445	3.839479
4.400092	5.108971	3.315307
4.129471	6.838883	6.702789
4.047277	5.825850	5.174943
5.130470	4.785477	7.863428
2.970618	2.896662	6.758666
4.333365	5.903514	8.466939
3.466036	5.171842	9.140938
4.428220	4.894987	3.241031
4.778763	4.311555	5.554699
4.112495	6.229867	4.486049
4.401476	6.241991	8.620455
4.810992	6.739218	4.217255
4.907987	6.135014	3.575201
3.760923	5.283921	4.036581
3.032103	5.342968	5.959813
2.795188	4.274526	5.839964
3.616412	6.131637	6.590857
4.424847	6.554893	6.272366
3.233270	4.794928	3.722446
4.949187	4.648081	7.070895
3.789828	5.774037	3.309088
2.830165	4.869577	5.678922
3.623666	4.725912	3.194282
4.347046	5.401436	8.442081
3.777257	4.430664	8.650897
5.009771	6.649928	7.347779
4.263458	5.916324	3.099120
4.805539	6.064648	6.213020
4.216238	3.995196	4.794410
4.706981	4.483708	5.856913
3.236943	3.379667	3.985774
2.912011	3.875203	7.560491
4.400979	4.898003	3.588105
4.978919	5.866407	5.075570
3.662345	4.678535	8.290734
4.432493	4.038298	6.849642
4.256815	5.167052	3.132462
4.677905	6.738676	4.166844
3.853957	4.924417	2.429015
3.655383	5.356291	8.728149
5.312778	6.302507	5.468150
3.561809	4.333710	8.847833
3.847429	5.299304	8.988337
3.815335	5.198461	8.594801
4.425074	5.717803	8.608706
4.581141	6.169192	7.569501
3.985357	5.053702	8.894549
4.251173	4.611639	3.248910
3.923163	5.931167	7.973183
4.708966	5.693087	5.079601
4.422961	5.710899	8.217689
3.933072	4.995259	2.908008
4.121397	5.418462	3.445867
3.205237	4.445145	8.161847
4.206719	4.441767	2.968380
3.561785	3.159299	5.620135
4.997891	5.776973	4.367879
4.168653	5.335717	8.895768
3.265342	5.535110	7.482895
3.105362	4.524941	6.906515
3.257822	3.672687	6.883906
2.755299	3.424730	6.827182
5.242723	6.259332	8.172621
4.431991	5.364775	8.917040
4.097238	6.273044	6.866274
4.686612	6.401092	4.665805
4.343179	4.888480	9.097583
4.213592	5.407728	3.215949
2.548551	3.416963	6.048003
3.915761	5.008684	3.029480
3.143374	4.834380	3.381093
5.520454	5.305019	5.970928
5.039576	6.113913	4.128819
5.324405	5.958191	4.455246
3.538976	4.465331	8.775558
3.506602	4.862008	8.719114
3.806855	3.867109	8.318836
4.441878	4.074322	6.930641
3.363240	4.223460	8.243310
4.866101	4.222321	3.693109
3.573786	6.711654	5.475108
4.477049	5.801276	7.752208
2.830537	4.111340	4.134024
3.103083	5.738242	5.509267
4.469300	4.883234	3.118197
4.642414	5.729262	3.424962
4.044458	5.790243	4.023709
2.766866	4.632826	6.543268
4.309648	4.910971	9.142533
4.410438	4.667929	3.110221
2.847233	5.293507	3.916360
5.511383	6.180499	5.446186
2.874858	4.888693	3.807770
3.257655	4.431956	3.713252
4.212031	5.810037	3.675405
5.335347	5.846042	7.715591
4.237357	4.810226	2.830677
3.589127	4.281191	3.220371
3.644486	3.553132	6.552879
3.405440	5.764520	4.467242
4.488922	3.313440	4.152530
4.392991	6.175049	8.759677
4.563724	5.797392	8.615363
3.802390	5.767569	3.540281
3.505531	3.532153	4.819367
3.787732	3.067981	7.104468
3.963979	5.205917	9.187344
4.940638	6.678030	5.658180
2.881271	4.225135	5.683405
4.610621	5.047641	3.081124
6.762993	6.140890	6.748390
2.381404	2.614026	6.996466
7.186224	2.076074	3.977408
3.411078	8.164891	7.407777
7.162070	4.622021	9.161729
7.361845	8.787814	4.652678
3.331988	3.636539	2.555161
4.674057	8.194973	5.160961
3.000668	1.691828	8.386650
0.881021	6.970888	2.222588
7.060059	1.898519	6.018255
1.644753	8.192026	3.864442
5.116084	4.351968	7.968601
6.768840	1.387779	4.961775
2.415654	3.270806	6.103806
7.426938	5.352396	6.399095
4.919862	6.691309	9.674227
0.783125	1.726242	8.399461
5.698953	3.658628	5.506413
2.939296	2.567524	6.193713
5.767741	7.205087	5.033134
7.806063	4.088985	4.641025
7.590840	8.723522	6.874402
1.098076	6.672485	5.757045
1.040587	3.140530	7.285977
2.319097	8.423971	2.308193
4.440585	7.661180	4.750095
5.540208	6.410833	4.510349
4.707521	6.487259	5.197671
1.799034	1.914513	8.807615
1.038761	7.027043	4.516132
3.963501	8.930070	4.361015
4.043454	5.018438	9.092785
4.969364	2.528198	7.241670
1.526350	1.109422	4.785911
6.686545	8.205518	4.786523
1.695139	8.891760	6.745613
5.841667	4.014668	5.930571
6.660148	8.589268	5.917367
3.929181	1.540592	3.448253
4.593541	3.935467	5.400962
3.261911	3.979991	6.719047
5.698870	2.190364	2.095036
2.561151	6.428863	4.582725
0.592907	4.407461	5.485571
5.356936	7.549031	7.105215
1.256467	7.966711	8.804806
6.888311	8.857608	8.679024
0.334270	4.719924	4.889592
7.698847	2.405811	9.884721
6.982341	5.137051	2.455348
7.827061	1.702284	4.190490
3.262867	8.299290	4.360896
6.847773	4.257108	8.025938
6.025818	5.730953	3.578463
7.287454	6.756534	6.999915
3.746973	2.184703	2.810794
4.524721	1.778237	4.650139
5.643442	1.517370	2.562624
0.097854	5.178669	9.146769
3.850377	6.094432	4.887130
1.109848	5.709060	6.924185
6.237630	2.529050	9.143822
6.661332	2.262915	9.211448
0.312564	7.935105	4.924867
2.799698	2.217827	8.842174
0.917185	2.528959	3.165961
1.423377	5.838142	6.620617
2.158328	2.619779	2.533224
6.648432	5.927242	6.605978
1.199582	1.242966	8.874153
1.172649	4.807239	6.013980
6.347687	8.011575	3.018999
6.784692	5.622682	4.709862
0.445951	8.159117	8.284078
2.186979	1.603566	9.439985
5.084115	7.594341	8.748041
0.600459	6.030615	3.008070
5.068738	6.193599	5.915118
5.485134	4.973882	5.839724
7.259691	6.821474	4.306926
0.363642	4.442982	6.663503
5.024534	6.191097	7.721868
6.706220	4.192099	4.501354
0.073902	3.766335	9.108266
1.045862	5.834447	8.216002
5.042840	5.120312	2.852484
1.768728	4.118426	8.939229
0.419723	5.883936	6.326433
6.105101	7.367595	2.189393
0.931611	1.706091	6.959434
6.998705	1.237646	6.012759
1.813006	8.347300	8.721241
5.061873	3.859633	2.767175
3.123981	1.990880	2.182627
2.497713	6.741211	8.502572
2.414035	3.237707	5.907122
6.980972	4.773139	9.999181
4.893571	6.890608	9.153507
4.964877	6.857099	4.821507
3.019481	4.017765	5.988189
1.066825	1.447477	2.311283
3.516846	5.049708	6.394145
7.713586	2.507684	6.921730
2.536125	7.970294	9.143267
3.518841	8.900388	6.689909
7.019843	2.715854	7.153370
2.654296	7.604551	7.635608
1.635915	5.645989	2.613283
0.934580	1.118943	8.319759
3.915715	8.866518	8.172045
1.475601	3.055249	6.937764
1.552274	2.350016	7.921882
6.162789	2.428267	2.824791
2.654230	3.482811	7.145796
2.929523	1.091974	3.962491
2.588070	6.637064	2.802722
0.066584	5.849987	9.011182
4.414327	4.739003	4.877974
7.890954	3.643412	4.175133
2.297430	8.742345	8.267091
3.297515	4.042270	2.896600
7.003064	8.488139	9.455703
0.229020	8.781682	3.110227
6.840068	5.518676	5.974998
3.103786	2.780920	5.552327
1.356992	2.793921	6.801877
0.942069	8.756172	8.602095
0.911068	8.997444	4.656890
1.709650	6.449069	6.269292
5.912232	6.930906	2.141022
5.228175	1.203378	4.691071
3.118273	4.883560	4.950967
1.672620	2.154502	7.764581
2.871101	4.012654	3.520897
3.849205	5.724132	5.042102
7.275464	4.918003	3.812298
0.250650	8.586438	8.720201
3.877181	7.016808	5.594515
2.619542	2.605184	6.629600
2.092260	7.840465	6.876105
6.035861	8.550740	2.457644
1.775935	3.553486	9.613794
1.025903	4.338618	6.018854
0.757987	4.706419	3.085668
1.325526	8.738261	9.829814
4.116044	4.844089	2.483831
1.650366	2.666754	6.064324
5.795192	6.895771	9.525630
4.615902	3.973098	4.933696
3.873704	3.398446	8.348761
4.156402	7.931080	7.333250
3.501731	6.705780	5.603592
2.966698	8.072676	9.170270
7.550191	3.553026	4.201382
4.711450	1.106808	8.629540
1.148522	7.504444	9.746428
6.849303	4.729202	6.901281
7.185663	7.006868	6.765077
0.272911	2.516093	4.311691
6.795549	7.406419	6.794925
0.043598	5.182309	8.279871
1.808473	5.611410	2.014635
4.100189	6.870173	3.279812
2.784360	2.680332	6.793437
7.309111	3.066693	7.457407
2.276519	4.430641	4.979447
3.959034	8.540679	2.488219
7.839747	7.916391	4.032405
4.274590	1.948660	2.190739
6.219787	8.480553	6.348545
1.064991	7.800691	3.237113
2.287379	2.709817	7.123862
3.610219	4.839918	6.002974
7.072920	3.840743	8.184458
