4.068595	4.538014	8.926029
3.789158	4.997755	9.128977
5.057004	5.353980	3.516128
3.964571	5.533304	3.539099
5.623336	6.682383	5.792483
3.933288	5.080174	8.568509
4.921361	4.403354	7.502957
3.888675	3.462229	6.820918
5.245734	6.203070	8.007211
4.354431	5.961043	6.307787
3.342721	4.676422	3.767625
3.638743	5.892938	4.661860
5.521961	6.712240	5.058914
3.973371	5.298779	2.661497
2.692788	3.640386	6.452432
2.652349	4.314769	7.333856
4.060973	6.373607	5.035512
3.411067	5.354765	3.830131
3.955133	5.494168	9.186198
3.434378	3.739330	3.419823
3.316656	6.302209	5.506236
3.848085	5.967758	7.866966
4.152744	5.270360	2.789248
5.008645	4.651650	6.953475
4.273950	5.018126	2.829628
5.284620	5.335873	6.946842
3.933477	5.283591	9.164345
2.992525	3.329165	7.040972
4.912200	5.224360	8.773699
3.696592	5.587245	3.106801
4.084906	5.546647	9.232581
4.938627	5.166252	7.960150
3.875602	5.555273	3.299958
2.452163	3.209749	5.279252
4.148692	4.868922	9.014779
3.930893	5.519494	3.206708
3.381758	4.767476	3.259080
4.240819	4.332659	4.671597
4.177594	5.393340	3.264595
4.365286	5.682475	8.721037
3.836969	5.822150	8.090616
4.113080	5.967073	8.312467
5.080109	5.248797	4.323869
2.817966	3.886065	6.965718
2.724974	4.600772	5.058096
4.188599	6.272015	3.317149
4.452880	5.399940	8.849195
2.951681	3.488216	8.278680
3.499407	5.325492	7.956288
2.696483	3.713341	6.303399
3.517909	3.993429	3.600704
3.403268	4.453002	8.764061
3.190026	4.564820	8.030967
3.809692	5.332912	2.538794
4.687725	4.062602	6.512385
5.066967	5.777081	7.789137
3.590631	5.263136	4.161204
4.583023	5.991828	8.201655
4.452054	4.443785	7.484046
3.261583	3.482301	8.491912
3.823589	4.620053	9.310751
3.837061	5.046074	8.588237
5.272201	5.637335	6.556653
4.196504	5.247891	8.565922
4.631012	5.031695	6.752053
2.937421	3.858683	4.118258
3.262918	6.038332	6.936649
5.196330	4.784920	4.344440
4.644362	5.254184	8.723814
4.909077	5.070371	7.461845
3.937546	4.432102	7.542171
3.851134	4.814761	8.747299
4.223219	6.590933	3.804135
4.730936	6.542653	5.413139
3.735639	4.937639	3.247197
4.259043	6.151136	4.018990
3.916351	5.375026	9.169997
3.649589	5.432471	4.862644
5.080287	5.717887	5.946623
2.651493	4.356827	6.889916
3.571988	5.119392	2.663222
4.772164	6.886643	6.365137
2.803171	4.412215	7.758263
4.791713	4.430083	5.819612
4.330008	4.639321	8.520132
5.111711	5.047503	8.481038
3.924616	4.655030	9.253093
2.724032	3.654378	7.568229
2.820037	4.433912	7.678029
3.849435	5.494519	3.329197
3.188793	5.822750	6.335551
5.590183	5.876212	4.828519
3.319895	4.439096	8.560922
4.437367	3.172921	5.869382
3.415856	5.243743	7.570210
4.071300	5.158601	8.710048
3.745039	5.406933	3.181250
3.289218	5.336825	3.320486
3.359017	5.458190	7.298752
4.922139	4.158267	8.285192
4.150133	4.748143	3.055203
2.639633	4.789724	6.788663
4.335154	4.578914	3.313939
4.461734	4.319291	8.680860
3.740302	4.528434	9.204777
3.897605	3.364113	5.257555
3.848986	5.050248	9.139500
5.084629	6.276153	6.348961
3.907440	4.683193	3.392569
3.305990	5.195130	3.937191
4.226207	6.070626	8.745499
3.700226	4.650897	3.161212
3.085918	3.652884	4.159016
4.485118	5.068448	2.831635
5.011617	6.454557	7.449731
4.766673	4.737255	3.130212
5.018974	6.107908	6.212221
3.731346	5.174049	8.798611
5.012487	6.435640	6.565298
4.816009	5.145280	3.707117
3.758718	4.104266	3.493343
2.714761	3.089589	6.218102
3.235085	3.525440	4.080689
4.598094	5.600240	8.420314
4.514803	5.084359	3.288096
3.811229	4.566125	3.123869
3.485529	5.439053	3.503317
3.764538	6.428767	7.008706
3.352931	3.969435	8.566427
4.406994	5.611581	8.744995
3.899565	5.093512	3.196915
2.948869	5.159326	7.902543
3.331648	5.698087	3.173892
3.589426	4.962822	3.446634
3.957873	3.798315	3.481332
4.475649	6.745088	4.438381
4.128666	6.551672	5.271845
3.949709	6.109329	8.138805
4.213884	5.183301	3.325398
4.005988	5.328234	3.166915
5.692799	6.083682	6.225300
3.935905	4.836225	8.648262
3.924693	6.276508	8.616532
5.047272	6.013887	4.339512
5.448778	5.542124	7.690228
2.658451	3.495660	6.069726
4.280992	4.021327	4.249924
3.611731	5.570249	4.205547
3.996435	4.483012	2.599005
4.347762	5.962100	8.480224
3.395274	5.546224	6.478228
5.426321	5.404294	4.970941
3.233243	5.393940	7.100183
3.191055	3.845966	7.822125
3.570773	5.142621	8.864440
5.325890	6.300496	7.147065
4.910933	4.989473	3.897380
4.243791	5.395322	9.111429
2.586257	3.169525	6.168383
3.731191	5.003641	3.279494
3.589660	5.355939	3.407152
3.156983	4.637379	3.620154
4.614741	4.393101	4.185549
5.315591	4.623919	4.994153
4.230207	5.310140	2.854578
4.640160	6.746571	5.406129
3.122196	5.283263	3.793057
3.976468	5.486827	8.299610
4.499102	5.018635	3.865191
2.625440	4.026964	6.023781
3.207858	4.242950	3.547908
4.019410	4.854145	3.494120
4.545866	4.583727	4.475102
4.138278	5.610633	8.777203
4.862638	6.247845	7.014786
3.371743	4.191767	3.503754
3.449073	4.549339	8.783871
4.022835	5.036962	9.095589
4.642268	4.705238	5.060509
5.217847	6.478028	5.603169
4.640275	6.699054	4.732136
3.230550	5.992795	6.748423
3.944574	6.857498	7.279238
5.185009	5.504691	6.317596
4.045633	5.302276	9.456640
5.236600	4.957730	6.517385
4.014333	5.012951	2.552896
3.900454	4.996496	2.637432
3.568787	4.601272	9.239380
4.717379	5.588222	7.994065
3.000477	3.520468	7.659944
4.542673	6.373405	6.148497
5.127021	4.986130	5.041060
3.941892	3.944838	3.689575
2.819512	3.969508	6.319563
4.770143	6.104584	3.594907
4.367584	4.885720	2.897974
4.798496	5.828485	8.321059
4.013366	4.988153	8.949456
3.649028	4.738519	3.346795
4.103403	4.496988	3.400100
4.848190	5.275312	8.808661
5.132217	5.253531	5.153360
4.688398	6.181404	7.357631
3.642655	3.991114	8.548608
4.814303	4.136946	6.885672
2.708202	4.229259	7.104027
4.586104	4.926944	3.318147
4.981680	6.200045	5.477386
4.944329	5.428571	8.960527
3.584656	3.742678	8.138154
4.741682	6.226050	7.740211
4.963145	6.229064	3.636010
3.226301	4.192243	8.861006
2.746990	4.341001	5.977966
4.128157	6.694897	4.036557
3.397281	5.105830	7.963949
2.963594	4.138449	7.860132
4.264956	4.809677	9.011326
4.250546	5.093320	2.781788
5.062566	5.577844	7.201173
3.110392	3.792790	3.730165
3.906045	4.682162	9.641702
3.860670	6.061650	3.590431
2.558294	4.362801	4.846408
3.098623	3.232681	5.786446
4.196266	5.302840	3.061824
3.995047	6.563731	5.951471
3.592025	3.822351	3.762934
3.587430	5.203567	8.204147
3.113362	5.077676	9.010505
4.181866	5.153247	2.979719
2.745451	4.939938	8.346186
4.056148	5.195865	2.941916
3.326088	5.051569	9.077280
3.979713	4.943912	3.307159
5.008729	5.309001	7.240977
3.261686	5.859674	3.407828
4.180889	5.259501	9.233384
5.256311	5.851516	6.527408
3.896892	4.826318	3.349079
4.475196	5.022605	8.433016
3.256191	5.263189	4.709810
3.663271	3.574515	4.310361
5.309812	6.025403	7.607150
3.589268	5.411341	8.485293
4.406362	6.041619	8.775971
3.498519	3.539013	4.639467
3.335691	3.644768	7.701746
4.030896	4.500886	3.504553
3.500996	3.623941	6.974391
3.201949	5.222683	4.580993
3.194713	3.759396	8.025187
4.795437	5.967612	8.055238
4.031541	3.464425	6.731086
3.578687	4.711179	3.715747
4.169754	3.767013	7.194525
5.191054	6.037267	6.009910
4.595682	5.032653	8.977069
3.955261	6.653386	6.533271
4.050964	4.843557	8.548914
4.094120	5.243412	9.162190
3.581810	3.561376	7.430370
4.186980	5.440864	8.723717
2.680016	3.953483	5.691334
3.455684	4.230610	8.656921
4.276509	3.917846	4.597944
3.952912	4.564802	9.110422
3.816023	3.266367	6.404713
4.104839	5.038913	8.660705
3.900940	3.807283	7.914912
3.448726	4.102205	8.568125
3.379138	3.187501	5.459400
4.779349	6.233466	4.588169
4.875009	6.088141	6.957621
3.413503	3.871649	3.695119
4.380117	4.669371	3.011929
5.367180	5.873406	4.662054
4.230106	5.213850	2.909766
4.039341	4.305341	8.779984
4.200362	3.980225	5.462363
4.182053	5.281137	3.412178
3.072849	3.470554	5.626220
3.454917	5.375919	2.830739
4.436427	4.944990	3.230991
3.973332	6.555473	5.572436
3.143051	4.805476	4.179089
4.350841	5.084808	9.193310
4.171360	5.142259	3.672648
4.594961	6.593920	4.390679
4.200515	4.840554	2.937346
3.039152	4.731320	8.628934
4.588477	5.709978	3.519550
4.541200	5.908006	8.702698
4.167708	3.963546	6.451252
2.986394	4.424095	7.241459
5.102030	6.702430	7.171504
3.677751	4.706241	3.990226
4.063099	5.404143	2.498246
3.904860	3.719578	8.727488
3.858238	3.374588	5.413853
3.144648	3.461983	7.276715
3.341439	3.574519	7.000808
4.001154	4.124940	4.016920
5.344503	4.983849	7.756829
4.520548	6.147926	4.083767
4.220431	4.496577	2.890865
3.698541	4.001763	2.520923
3.875426	5.548311	3.524720
4.664723	5.483236	8.654853
3.164947	4.994002	8.846652
3.374610	3.900967	4.055199
4.341118	4.949041	3.775535
4.561489	6.842418	7.477050
4.059460	4.952937	3.020088
3.543763	5.446534	7.552383
2.857916	4.091784	3.343329
3.356344	4.171358	3.304279
3.971555	4.989994	9.021555
4.941883	6.821533	5.346571
3.095952	4.487851	4.001775
4.290048	4.012021	4.817818
3.476249	5.175109	6.749606
3.509455	3.312982	5.035204
4.482903	5.440309	8.994111
3.545905	3.828280	4.335230
4.920581	5.127947	4.561075
3.834551	6.219482	6.872390
4.257911	5.676033	3.141185
5.577631	5.929211	5.484087
4.442353	4.379019	5.769908
3.913541	4.727115	4.362527
5.223870	6.958941	6.144211
4.281658	5.187735	3.252404
2.676822	4.420665	4.265072
3.716001	6.044030	7.758245
4.252870	4.949748	2.754972
3.616067	5.369040	7.345360
3.962609	4.971881	2.946453
4.337985	3.910842	7.467418
3.376618	4.160287	3.794414
4.030015	4.608123	2.759042
4.628672	6.674076	5.750073
4.190999	5.183489	2.980685
4.595775	6.773610	7.804884
4.952485	5.862212	3.511899
3.300901	5.921730	8.111002
3.014794	5.111320	5.753818
4.570626	5.349851	3.033891
4.308693	3.524033	8.427677
3.758297	4.896093	3.441033
3.436261	5.752774	5.091472
3.774058	5.811838	3.755635
3.415175	5.743088	5.511533
3.431603	4.709545	4.080742
4.411178	6.453899	3.318748
3.574707	5.540993	6.343523
3.724711	4.238416	2.999785
4.829473	6.737662	7.024635
4.631269	5.508674	4.852339
3.749152	3.928248	8.551847
4.397328	4.138070	3.280986
2.808002	3.331334	7.264361
3.752249	4.137317	8.790953
2.818076	5.611109	4.948568
3.825908	6.024112	3.777811
4.094403	5.879639	4.187804
2.925420	4.176797	5.543262
3.543546	4.893190	8.538081
4.177936	5.353939	8.838190
3.804074	6.484262	5.075326
4.051647	4.362352	9.212735
4.027101	4.535422	2.926043
2.954260	3.254235	5.369286
3.485318	4.984628	8.912752
3.474619	3.471720	8.169947
4.017419	4.082942	3.928968
3.205106	3.012930	4.645255
2.687022	4.210131	4.832635
4.355641	4.948334	8.563321
3.654190	3.179491	6.259877
4.691832	4.748072	3.169765
4.667123	6.516494	4.254242
4.474818	3.874104	5.877321
2.914978	4.945782	5.064278
2.448995	3.362246	5.768128
4.637731	4.945258	8.030009
3.421524	5.258625	5.460939
3.588998	4.547910	8.833377
3.593402	5.925633	3.491705
4.613261	4.950070	3.571558
4.882552	5.304906	3.288288
4.343644	4.612758	4.516970
4.756003	5.837690	3.764263
4.473969	4.076174	5.261581
5.072226	5.897272	7.902399
3.859043	4.966346	3.437641
4.657538	4.900334	8.077737
3.899510	3.279118	7.114077
3.325412	5.574439	4.737313
4.365126	4.806786	2.826937
2.796963	3.399886	4.701159
4.418987	4.190327	8.301029
4.611858	6.016459	3.393643
3.908751	6.619201	5.173144
3.870355	4.682994	2.906797
3.524473	3.022918	6.616715
3.280180	3.825239	4.100126
4.089478	4.958383	3.557603
4.356254	3.984637	5.075871
3.573769	6.233799	3.337908
4.322410	5.066505	8.830499
3.466191	3.064275	5.676927
4.012357	4.683563	8.806235
4.548883	5.514738	3.089479
3.762174	3.181992	5.452666
5.384452	5.345521	5.727120
3.402664	4.547432	8.373107
2.840606	3.482172	6.823185
3.750458	4.189095	8.434736
5.138217	6.342291	3.915593
4.227120	5.878211	4.055779
3.859186	4.797014	9.111299
3.811489	5.697731	8.053380
4.816198	5.076495	5.771474
4.541045	6.456800	5.415023
3.166069	3.676157	4.366300
4.912766	5.831493	7.662279
3.924310	4.673161	8.612772
5.112238	6.496442	6.464530
5.022168	4.802463	7.754123
3.188287	3.610560	4.415852
3.964823	5.119414	9.292481
3.589188	3.971694	3.461329
2.676363	3.352250	4.417620
3.925059	4.065110	8.714068
3.981116	5.364449	9.075958
3.830933	5.044603	2.876201
5.573360	5.931406	4.299523
3.445530	4.655794	3.124632
4.409894	4.174384	5.750886
4.362926	6.269531	8.813617
3.279738	4.965031	3.564436
3.264095	4.476332	5.133086
3.206592	3.521941	8.157011
3.196288	4.139575	8.868489
3.064387	3.071038	6.397450
4.878082	5.111366	8.008380
3.605110	5.096329	2.838412
3.440353	5.090862	3.343686
4.336029	4.942774	9.124917
4.311841	3.587820	6.458117
4.613119	4.060195	8.229463
2.883210	4.581156	7.873958
2.972591	3.591354	5.681073
3.169595	4.275594	3.971724
4.219785	5.458692	3.298552
5.300293	5.531695	4.569386
4.108000	5.443595	2.979463
4.130043	4.512233	2.829116
5.538174	5.604833	7.056892
4.068306	4.546575	9.212482
4.140767	4.853996	9.162732
4.405736	5.180838	6.981379
3.492542	4.802718	3.324537
3.135569	3.723063	8.277690
4.137634	6.817053	5.863785
3.980491	5.302158	8.815628
3.494778	5.660789	8.872047
4.776850	6.458479	4.677267
2.579833	3.816948	7.785414
3.923944	4.880854	9.174773
4.429758	4.115293	8.303909
2.708865	5.125897	5.934614
4.461482	5.100652	3.016458
5.319802	6.665781	5.354203
4.223195	4.535711	3.433112
4.808994	3.755805	5.163337
4.048416	3.316775	7.373572
4.123607	4.681881	8.866695
3.286175	5.353383	8.901641
4.454582	4.492251	8.711024
4.174163	4.964389	3.054046
3.634626	6.267348	7.330852
4.516189	5.169561	3.331379
3.908905	5.233595	2.769628
3.560960	3.657141	7.484548
4.117305	4.932530	2.972992
3.417392	3.921730	4.193583
4.403413	5.799507	3.221236
4.208847	5.128727	2.454882
4.843343	4.456779	5.042007
4.626402	5.622237	8.213574
5.223891	5.883589	5.595236
4.226801	5.012837	9.236377
4.023811	4.872277	8.847529
3.851736	5.853673	8.800656
5.048918	5.461422	4.047835
5.130894	5.648326	7.825519
3.175770	3.694055	8.250438
6.409591	5.506739	2.801090
0.354204	1.291991	6.318852
1.174035	8.240889	2.625991
7.942173	6.533016	8.636043
2.236542	5.003239	8.924563
6.446800	6.614395	4.693608
5.332557	5.501415	7.283043
6.952900	6.286152	6.716910
5.423553	4.874262	5.354288
1.773649	5.802680	7.648116
0.520412	2.159925	4.897126
4.826302	3.410842	4.708688
1.881116	2.036264	7.281606
6.121923	7.841078	7.105480
1.536700	6.967146	3.574672
3.216299	8.591886	8.415111
4.994744	5.306327	3.276319
2.434906	1.716423	5.855791
1.422521	7.992440	3.755722
3.764130	3.126080	4.582818
1.853148	2.931288	6.006185
7.400784	7.395554	8.333577
2.896438	3.353738	6.857885
1.827750	6.035930	5.122895
4.880227	1.320165	3.295160
5.016418	3.942869	2.286138
1.409291	8.705274	9.376041
2.956235	5.506386	9.071123
2.427092	6.888742	5.087504
0.249517	2.894566	4.118098
0.000780	7.496801	6.529463
5.977012	1.302635	6.913747
0.995691	4.478650	2.593975
1.985178	5.790405	7.431247
3.873511	5.580256	6.157113
0.802985	1.693847	3.003414
0.705802	5.986928	9.582645
6.011091	7.901323	2.972738
7.424924	5.349426	3.567484
1.889515	6.308592	4.782824
7.480547	4.890581	2.887155
0.138241	6.510333	4.860783
1.519274	1.706032	2.569833
1.331733	4.991120	4.775317
1.463741	2.558971	5.086930
6.416488	1.455643	7.993856
2.305956	1.603607	8.643851
0.128564	1.152103	4.526636
7.910988	7.660646	9.815491
4.532976	6.384310	6.624505
3.769299	2.875023	5.643488
3.910698	6.589069	5.641560
3.780030	2.134979	4.408929
1.023987	1.688149	9.340000
1.117097	3.192429	7.929389
1.408584	1.289559	6.466732
3.985104	3.279103	2.436485
4.722813	6.930716	5.865272
4.771258	3.565676	7.911997
5.911738	3.952778	9.675313
0.443973	4.659218	4.315303
2.278525	5.392077	2.161681
7.975736	5.569577	7.254582
2.817963	3.042084	4.068478
7.980650	7.513047	6.898235
3.986847	8.205760	5.772508
4.165056	8.311550	6.632139
1.525998	3.782602	3.509404
1.866850	3.011159	9.140983
7.640396	3.500143	8.362417
2.018589	5.150652	2.002264
7.656423	4.964987	6.652726
1.281151	1.947428	5.268643
2.968410	2.504455	9.119208
2.739367	2.898261	3.011294
7.227663	5.761940	7.213722
5.116598	2.882058	8.316751
4.745438	2.779387	7.362927
1.054238	2.308633	3.484389
6.549294	3.676232	2.400059
6.087086	4.782175	2.314131
5.017804	5.116094	6.692087
7.224360	8.300798	6.882183
2.666709	2.561238	3.788949
7.620701	3.816019	3.556768
1.676556	2.592025	9.930192
5.932447	4.448959	6.825536
0.049359	4.002950	9.753077
1.716148	4.173504	3.501150
7.482779	7.200829	5.494288
5.228312	7.999112	3.743088
7.907716	2.187690	3.838990
2.365226	3.022864	7.623520
0.955603	3.794170	2.363598
6.692072	3.055021	8.597620
3.800291	4.526980	5.570426
2.192303	4.386055	8.580685
2.299066	4.825688	7.423254
4.128762	5.978871	6.964251
2.439094	3.524993	4.655742
0.047192	5.683940	4.659890
7.859151	8.844339	7.307780
7.254372	6.540661	2.599084
2.211108	5.273421	4.148537
5.168527	6.487214	6.466974
1.665739	4.504856	8.882231
5.344848	1.488624	4.976704
2.628562	8.403269	5.507244
5.866063	6.199524	5.268372
2.350708	5.133867	7.819907
0.286978	5.355432	2.030366
2.846946	2.390949	5.142014
3.465654	2.431184	6.471504
0.955897	7.918374	7.529331
3.198257	5.324596	9.807583
3.405374	5.119503	4.709422
2.045817	4.631031	8.054592
1.677558	2.239629	5.508715
6.692829	4.972389	9.022969
5.997520	8.788542	6.241572
4.666019	5.815684	7.066422
0.307481	7.476469	2.420234
0.339894	1.736959	5.151064
4.901482	7.905910	5.034899
6.709097	4.659069	7.848082
4.361355	7.168178	7.582844
1.589536	4.538606	4.436689
3.252401	3.924607	5.567811
7.928718	5.098429	7.348238
2.345567	1.611408	5.048853
4.470393	5.434597	5.366901
6.420258	5.292073	9.007529
6.512079	7.441541	3.386213
1.784270	4.472176	9.002067
3.661441	6.826355	4.096322
6.206242	7.714264	4.457473
0.777114	8.356202	3.994592
2.753074	8.200191	4.320537
4.672969	6.935652	7.616220
5.912516	6.521861	7.355747
2.757318	5.789355	8.991460
0.718079	1.512516	8.691749
1.125019	3.815174	6.307200
5.461337	4.687605	8.442938
0.329408	4.908348	5.901167
5.666717	6.604614	7.948195
0.351463	3.891497	9.836490
5.696732	3.357700	3.384592
7.266820	4.896435	8.479644
2.075209	1.176616	5.145193
4.028108	2.208941	7.610029
6.662488	1.408238	8.380024
3.519988	8.438118	6.820419
0.041094	1.243779	8.388445
7.601213	4.207052	9.751295
4.190086	4.024327	7.539810
0.273007	8.976349	4.848862
3.144589	8.455369	6.526767
6.204285	3.881549	2.002617
2.566928	6.050296	6.113886
4.372056	3.755003	4.109737
0.712699	6.952087	4.716660
4.143422	7.183478	3.387024
0.254251	6.234359	2.278098
0.847426	8.217376	3.177349
5.844286	7.759099	4.630974
6.220789	6.227786	2.418338
4.841110	6.446400	9.085743
6.974215	5.672160	4.486085
2.152157	7.734694	2.258440
1.242237	7.323446	6.637713
7.119515	8.895932	3.065773
2.679971	6.917322	5.793719
0.206306	7.736555	3.384163
5.030257	7.644086	2.850431
3.105251	1.051259	7.389521
3.603147	7.893946	6.189834
5.361479	3.335917	9.602533
7.949887	1.558743	4.089218
1.146001	6.496188	3.764454
0.520318	3.576525	2.395706
2.152506	7.495755	4.257208
0.769518	5.696979	7.955973
6.562061	5.710526	5.946781
6.265860	4.584034	7.883591
2.080312	2.260850	4.369489
5.953081	6.968991	4.394609
6.887468	1.526059	8.405689
3.884819	3.823780	2.454329
0.079591	7.447262	9.836763
3.834255	3.799251	9.303985
3.930823	1.426405	7.495091
1.026507	2.463505	3.783828
1.883860	2.844176	4.904777
6.734790	1.453697	5.066301
0.511244	3.450908	3.981637
6.464135	3.375673	4.661419
0.803184	5.267016	3.204794
0.097359	7.967774	4.884727
2.802428	8.831359	4.647153
