4.805714	4.985801	8.008874
3.243196	3.827061	4.314613
4.256218	4.965322	8.474710
5.172288	4.925219	7.491626
3.308217	4.363691	9.177601
4.678856	6.068963	3.261502
4.090085	4.840538	2.882366
3.523014	4.119303	3.438238
5.452643	5.157205	7.578223
4.109568	3.660081	5.137936
3.651194	4.552004	3.365047
4.990908	6.359109	6.759686
4.028091	5.333838	3.752541
4.079364	4.863250	9.056295
2.512733	4.505851	7.574903
3.474909	4.223853	8.464581
5.101083	5.499358	8.335539
3.886570	4.685964	8.466302
3.717195	3.237831	6.868230
4.275330	4.649492	3.043776
4.644109	5.377314	9.119263
4.553580	6.297391	8.451187
4.170642	4.765254	2.918109
3.873909	4.829768	9.027019
3.586383	6.065026	3.736490
3.813379	3.555511	4.030489
2.703074	4.516122	7.170298
3.266958	2.907230	5.182655
3.837384	3.351726	4.790550
5.354772	6.203266	5.856535
3.909089	5.681304	3.195334
3.880537	4.051900	4.983398
4.791102	5.338883	3.754505
3.644442	4.204285	8.481947
2.651828	4.685109	3.386637
4.757170	5.221571	8.633730
3.973083	5.239954	3.052339
4.364688	5.149221	3.117612
3.715578	6.362865	5.421854
3.847850	4.951457	3.098142
4.503346	6.867373	7.872250
4.097632	4.374778	3.476181
4.149365	5.284039	9.293428
3.246403	5.048294	8.837993
4.732869	4.181819	7.276874
3.392978	4.768478	3.162911
5.225892	6.212223	7.572068
4.940850	6.417889	5.681131
2.762506	4.481209	8.137303
4.519374	6.480332	7.172022
3.890939	5.242295	3.540025
5.077312	5.267656	7.965568
4.311988	5.181278	8.608830
3.285452	3.525731	4.395350
3.715605	4.985243	2.718361
3.857177	4.601339	3.067522
3.723696	5.090984	3.030125
4.983788	6.452020	7.847712
3.879260	4.330266	8.911248
3.589585	4.613779	2.966274
2.971705	3.526879	4.384561
4.413800	5.839373	3.919184
3.990731	4.026854	7.909168
3.123533	4.515639	8.801971
3.274313	4.190044	4.307041
3.572049	3.389011	5.037250
3.882943	4.436681	3.274885
5.168992	5.257046	5.069169
3.153321	3.717295	7.603888
3.398179	4.264399	3.136280
3.740700	5.314274	3.042448
3.122758	4.595560	4.083882
2.990581	6.035242	5.809672
4.055977	6.607173	8.076663
3.017286	5.410613	4.371673
3.183803	4.055126	8.236255
2.927713	5.333709	7.755580
3.765339	3.175158	6.330150
4.786760	6.398009	4.998953
4.939873	6.238770	8.216195
4.190469	5.511622	9.116995
4.043626	5.805581	8.682031
5.283108	5.731079	5.077463
3.007024	3.522756	6.964242
3.555969	3.224071	5.459834
4.903405	5.296489	3.299209
3.045326	5.448384	6.592332
4.124140	4.538783	8.803320
3.290067	4.822373	7.633993
4.439715	4.164121	6.383426
3.977612	5.366837	3.070761
4.409795	6.485350	5.335496
2.856624	4.580964	3.973609
4.602350	4.563983	3.688567
4.820205	5.465956	8.910918
3.778837	3.515725	8.275665
4.209442	3.744603	5.838989
3.028460	4.309633	8.407560
3.935517	3.679655	3.587239
4.475743	5.230647	8.607102
3.985302	5.256852	8.780629
4.959073	5.961101	4.359735
4.285176	5.010487	2.858238
3.328885	4.181107	8.777493
4.698382	6.027393	8.496964
3.145962	4.017088	6.242699
3.918462	5.300788	8.598772
4.558897	6.793965	5.128434
4.121805	5.716480	7.764563
4.824007	6.267673	3.708537
4.095304	4.978403	8.836341
3.876633	4.383241	3.375086
2.816011	3.505737	7.334189
3.500240	3.636901	4.062571
5.231614	6.461384	5.417621
5.127450	6.172133	7.836504
5.110999	6.121120	7.310084
4.459563	5.176020	8.485982
4.078353	4.778433	8.921861
4.137774	5.285879	3.090383
4.192494	6.707858	7.112592
5.283223	5.304494	7.132461
3.298616	5.749207	7.650818
3.678458	2.904698	5.509788
4.099113	5.417820	3.048486
3.340893	5.941325	6.384864
4.272361	3.990355	3.824325
3.948772	5.061088	3.274497
5.254732	5.829381	7.750039
3.941339	5.432236	8.503378
3.792053	4.843389	3.101703
4.656075	4.949632	7.416686
4.735337	6.293687	4.463726
3.823754	3.278494	7.162278
5.035269	4.919985	4.562301
2.642271	3.917507	4.821073
4.585139	4.416736	8.791558
3.384942	5.530766	7.046949
4.114538	5.822442	8.648689
4.296134	5.237869	3.065269
4.233264	4.826886	3.078367
3.777911	3.548284	8.270464
4.723420	5.823031	3.252018
3.229869	4.168987	7.821303
4.633255	4.373532	4.971840
3.955815	5.312324	2.620212
3.808277	4.011387	7.749170
4.518973	5.599940	8.579101
2.752285	4.888339	4.919206
3.609824	4.471858	3.176962
3.630633	5.180342	8.594177
3.213172	4.641802	3.150799
2.816016	5.514454	3.603164
4.491287	5.535998	4.511802
4.224119	5.256064	8.485309
4.244365	5.098219	9.257885
3.280371	4.126117	8.411347
4.118035	3.732593	7.324179
3.052128	6.115624	6.307359
3.080020	4.127214	8.147835
3.746314	4.841608	3.305428
5.238253	6.799626	6.685933
4.238986	3.688566	7.084077
4.053058	4.727330	2.624972
4.209523	7.001729	6.581316
3.335096	5.110276	8.243923
4.107430	5.334863	8.184758
4.364014	4.213670	6.083373
3.444231	5.818443	4.775447
3.786126	4.929051	8.868406
4.647379	5.045726	8.824403
4.390297	5.139538	2.960492
3.487943	5.471672	3.405895
4.179956	5.043342	3.017274
4.831096	4.886966	7.818213
3.814531	4.874908	3.226416
4.719881	4.340029	7.606613
2.830206	3.322654	6.383138
4.120981	4.059430	4.400805
4.536533	5.574102	3.608138
3.927955	4.902533	3.063570
3.417541	5.565554	3.065851
4.365134	4.866082	8.687114
2.844040	4.121528	6.336684
2.968936	3.473831	5.549408
2.800722	3.125430	5.540098
3.786433	5.450197	9.091160
4.222459	5.837987	3.938305
4.424617	5.804902	2.925163
5.138134	5.910253	5.999191
3.373510	4.021400	3.816902
2.402732	4.431283	5.293096
3.187502	3.413187	7.894143
4.544810	5.384858	9.002090
4.137656	4.150579	8.716579
3.898613	5.471569	2.611914
4.223633	5.776982	8.866768
3.415730	4.781313	3.044219
3.781219	4.510602	3.460491
3.956272	3.175675	6.236910
4.177189	6.142726	3.559568
5.177086	6.131887	4.646035
3.958444	5.344295	3.274823
4.589660	5.648271	3.338912
4.287629	5.828968	8.640899
2.943455	3.521097	6.261317
4.363824	5.998678	3.773499
5.259067	4.984236	6.954667
4.404225	5.759729	3.513402
3.034114	4.862945	3.452650
4.177376	4.800359	3.162660
4.618079	4.843590	7.166715
4.332595	5.081208	2.803792
5.149891	5.480972	7.143260
4.556094	4.441010	8.285873
4.256657	5.044063	3.386580
4.392023	4.577643	8.568347
3.665861	4.400877	3.231070
4.459478	4.706437	4.858863
4.283665	4.946658	2.853612
4.828240	6.840381	5.155823
3.978472	4.004135	8.523662
3.757263	4.678640	2.809404
3.959472	5.102746	3.479462
5.039193	5.645032	8.173183
4.918707	5.608609	4.090206
3.140335	4.751804	3.985829
2.684824	3.531834	5.230813
3.230711	3.995224	4.298611
3.486507	5.352436	5.920019
3.706110	6.352587	7.574040
4.715252	5.012968	8.863142
4.725560	5.711693	8.508582
4.095001	4.891112	8.820326
3.843588	4.831230	3.022277
5.093439	5.869846	3.985100
4.940512	6.061408	7.225688
4.422000	4.721663	8.692140
3.321332	4.527140	8.733449
4.428153	6.444958	7.631599
3.596407	6.127229	7.071225
4.120921	5.178497	8.820478
4.995635	6.159538	5.425082
3.796828	6.640484	4.280355
3.378030	4.766832	3.309621
4.128492	4.931697	3.267995
4.949712	5.212220	8.025805
3.331805	5.261951	3.212415
2.724558	3.241779	6.050302
3.485044	5.208582	5.166490
3.793976	5.810521	8.302945
2.447532	3.927901	5.691588
3.413619	6.311813	7.499070
3.982905	4.560666	8.748608
4.198705	3.795484	7.123685
4.963285	5.844570	4.252529
4.485557	6.528733	6.233943
3.093818	4.654264	8.434425
2.592651	3.585650	5.131321
2.760443	4.462324	6.514437
2.748729	5.074741	4.302204
4.327946	4.927244	2.880863
4.662212	4.716543	8.355684
4.490633	4.712771	3.382602
2.832546	4.338706	7.156789
4.286179	5.124565	3.100741
4.495341	4.464086	8.959577
5.016533	7.027669	6.971948
3.544091	3.674280	7.884702
3.502054	5.367413	8.958263
3.346819	5.445913	6.841598
4.608845	5.989621	8.678771
3.347032	4.704083	6.982381
3.510400	5.036531	8.979870
5.242446	6.822294	5.846753
3.224689	3.509585	7.248721
5.492827	6.646504	6.532783
5.361964	6.559313	7.686113
3.331624	5.293229	6.829730
3.517563	3.973321	2.963020
2.854651	3.676655	6.679543
4.306025	5.187164	8.606701
4.418523	6.384609	6.871380
3.629551	5.107444	8.838689
3.838300	5.080016	8.500472
4.095839	4.956896	8.665048
3.931683	5.706129	3.538114
4.511178	6.812561	7.562434
3.669535	5.810156	6.698975
3.075327	3.843239	5.236271
4.395904	4.627924	3.269555
4.554590	7.115663	7.345852
4.318365	5.503420	8.700999
3.235046	4.010954	4.118781
3.195084	3.643254	4.251049
4.891918	6.345701	5.253118
4.251331	4.679389	3.137649
5.125159	6.404283	4.686330
4.698710	6.743943	4.230535
4.214395	5.133521	3.567653
4.420095	5.758075	2.796673
4.417933	6.642505	5.994808
4.692180	6.862176	5.296418
3.141407	4.472034	3.596456
3.890505	4.011108	3.309512
3.514725	4.033978	4.140554
3.707649	5.336818	3.427853
4.492081	3.975712	6.209892
4.892848	5.179335	8.369286
4.530139	5.255874	3.427941
3.998037	4.901480	9.472728
4.252051	4.044277	4.706664
4.697561	4.704960	8.407483
5.139834	4.790604	5.417452
3.646855	5.164165	9.183634
5.202915	4.912451	3.671410
4.332918	5.140147	9.058309
5.140634	6.104752	6.830000
4.322031	4.988598	2.988708
2.435522	5.178331	6.298417
4.347856	6.422085	4.734857
3.024330	4.218160	3.574364
3.628071	5.366161	8.415043
2.972949	4.891263	4.492988
2.313365	4.423942	6.101690
4.837635	5.025854	8.974492
4.826702	4.966740	3.798097
3.812021	5.040960	8.875922
2.706548	4.382409	4.515390
3.792442	5.133280	9.277103
5.295770	6.561581	6.257599
4.825099	6.217081	4.382497
3.126725	4.122720	3.947814
3.529836	5.227077	3.377639
4.556449	3.944278	5.277725
4.854335	4.993629	5.683183
5.323027	5.609850	3.646958
4.389608	4.546903	2.788320
4.548521	4.605549	6.036847
3.588573	3.363740	5.344616
5.516942	5.857134	5.866144
4.389967	5.669214	9.061782
3.288515	3.115861	6.403979
3.255381	4.857723	3.500141
3.798371	5.666874	3.320070
3.744278	5.269127	4.061683
2.488521	4.982091	5.425540
4.071441	4.841881	9.348439
3.565267	6.094015	4.286228
3.680308	3.406969	6.680915
3.800897	4.250777	8.359471
4.933950	5.232119	3.964861
3.292115	4.358775	4.225776
3.716650	3.576927	4.496361
4.167376	4.061696	4.395155
4.649945	4.618786	8.907025
3.846966	3.978859	8.783216
4.121156	3.857735	3.624169
2.905710	3.328069	6.942044
4.081857	6.244644	5.158072
4.745081	5.269383	3.091750
5.165302	6.753249	4.805958
4.056956	4.345162	4.194773
5.593718	6.213816	5.837208
2.957976	5.073027	8.050211
4.918531	6.405971	6.771515
5.268921	6.730638	6.215163
5.184734	6.612840	6.461107
5.416230	5.419998	6.378319
4.257381	3.981894	8.033904
2.938087	5.835263	7.794478
3.496179	4.548692	8.379657
3.567222	4.591728	8.554613
3.723217	6.499115	6.708898
2.842491	4.450536	3.295057
5.472794	4.098652	6.478771
4.239182	5.500204	8.588748
5.448412	6.487133	5.473981
4.173689	5.490490	3.134858
3.134564	5.366978	3.576927
4.649914	5.138794	7.128233
2.467342	3.846527	5.043310
4.618907	3.847355	4.674015
3.430656	5.286290	7.909525
3.876818	3.341516	4.271681
5.189409	6.468435	7.027161
4.455044	4.347374	6.681613
2.626309	3.515892	5.651618
3.081993	4.157162	8.508078
4.011530	4.487480	3.351904
4.215623	5.130457	2.853753
3.698035	4.710367	9.151403
4.281970	5.604999	3.383929
3.662238	5.548260	8.591654
3.805516	4.091083	7.125470
3.735214	4.228701	8.814663
4.970554	4.881329	6.655807
3.952948	3.496508	5.343508
3.543209	6.396899	6.002000
2.955834	4.844141	6.923598
3.879704	6.021848	4.650622
3.737913	5.266227	8.807799
3.366364	4.600948	8.735717
4.370608	5.995631	8.761623
4.343764	6.597717	5.205065
3.768922	4.639655	3.207921
4.468895	6.803911	6.872580
2.864819	3.991307	7.943997
4.392218	4.956667	3.441407
2.793205	5.067621	5.725533
3.620125	3.869098	7.507697
3.982239	5.030917	2.836951
4.715458	6.375441	7.929139
4.402541	4.882530	2.556509
4.639141	3.688155	8.722558
3.988977	5.664371	8.938124
4.049981	6.655554	6.115767
2.908333	3.821985	7.588457
3.921250	4.475209	9.163565
3.748224	5.160070	2.736516
3.215842	3.263280	6.987657
3.385253	4.927298	7.959212
3.765405	6.137035	4.062925
4.696443	5.269979	8.109590
4.082965	3.309020	5.029403
4.031527	5.752822	3.631721
4.691993	4.210331	6.618400
4.832465	5.302522	4.138755
4.675023	6.006551	8.179415
4.075996	6.191321	3.940308
4.567317	6.185907	8.055781
2.775488	4.300037	5.483638
2.678106	3.597840	6.757691
4.018827	5.795977	2.804092
3.446447	5.802268	5.178213
4.909155	4.401194	4.696840
3.571991	5.410776	3.073325
2.903555	3.220713	6.875224
2.710107	4.356801	6.994329
4.083907	5.182848	8.920455
4.153228	4.277973	3.611804
4.435888	4.090720	7.788495
3.722663	4.971720	9.335941
3.817897	4.300334	3.494187
4.135644	3.526648	5.894999
2.705514	3.668806	4.590145
3.396884	4.943358	2.880673
3.256016	5.863258	6.381162
4.707459	6.995654	5.803009
3.474380	4.385756	8.602890
4.104031	4.560199	8.645211
4.739497	4.252330	4.878636
3.596337	3.468929	3.939017
4.352142	5.534191	8.944511
3.962319	6.731971	4.294006
4.184541	4.808954	9.320697
4.398937	4.609628	2.901217
3.918296	5.080386	9.283572
4.911649	5.942196	4.126762
3.726318	5.079610	2.763739
3.466722	3.559853	3.678941
3.689121	5.461354	4.305103
4.784036	5.660328	3.557013
4.368121	4.282798	3.789233
3.907006	5.158271	9.088383
3.051125	4.656063	6.328829
3.692454	3.621429	6.375078
4.035930	6.421631	4.788153
4.827022	6.803020	6.152640
2.651242	4.127907	6.761706
4.408558	3.888236	8.307295
3.312698	6.209007	7.989136
3.695324	3.486275	8.528494
4.136305	4.920711	8.682463
4.015626	3.670593	3.824547
3.395152	3.423838	8.059129
4.098262	5.893882	8.819624
4.976803	6.330193	3.513535
3.859717	6.017526	4.722034
4.313262	4.607600	8.757432
4.460612	4.149034	8.546848
3.257252	3.503173	5.067790
3.469830	4.372837	8.504216
2.717572	3.022243	6.496745
2.894470	5.357010	5.231579
5.064980	5.723706	5.259896
2.478823	3.520442	6.678976
3.701223	4.022681	8.335564
3.701440	5.497421	3.333845
4.145683	5.016092	3.194193
4.690374	5.315778	3.365116
4.059945	4.873994	3.076768
4.419013	6.092893	3.549476
2.945852	4.471484	7.015145
3.351778	4.302769	8.424289
4.201718	4.425633	4.051202
5.594729	6.301957	5.562845
5.278609	5.473997	3.669215
5.111405	7.042256	6.265204
2.908122	5.435563	4.899004
4.572258	8.598620	4.056848
7.850165	7.626774	3.161585
2.305828	5.095915	6.831953
0.176460	6.061561	7.173381
1.348196	4.975420	3.033126
6.870614	7.992560	9.638908
4.792276	7.081034	8.921044
2.944735	5.755920	6.655331
6.061652	6.787883	8.223808
3.111317	8.369221	5.077900
5.305626	2.399953	8.438700
1.820343	3.320803	6.678678
1.805554	3.891591	8.405965
1.402526	2.962449	2.476516
6.023605	1.724414	7.349665
3.767519	1.942176	6.971665
3.252168	5.737847	3.052548
6.838996	4.409896	4.897314
5.575171	7.149944	5.316233
3.936199	2.868998	7.409087
7.605319	4.633472	3.351633
5.757989	3.739110	3.971422
6.655224	5.106274	3.603678
7.627059	3.178519	3.820958
1.490134	5.765712	9.100931
6.463021	6.933816	2.940841
5.431054	7.444291	9.217230
3.107262	5.290249	4.945065
6.408852	6.901854	3.188845
5.779004	4.193437	5.564036
1.021941	4.941228	5.444937
2.580721	8.586953	5.695649
6.655094	3.357783	3.798787
0.982610	3.809129	8.526483
5.427880	1.776178	7.136824
0.769216	1.191868	4.932756
7.795598	7.660898	6.101767
2.465508	5.643638	4.710409
5.488091	7.663126	5.734174
5.094563	7.874466	4.896030
0.484944	7.503502	2.135546
5.903984	2.451775	4.378801
7.293144	4.106642	3.666053
0.107771	5.846612	2.323033
2.011058	2.205527	3.170021
0.706861	6.392888	4.334179
7.526532	5.257691	3.070601
7.053701	5.756530	5.703766
0.663511	5.824885	7.131630
5.434353	2.542784	5.725663
3.341428	4.665567	3.063963
0.214335	7.456512	2.116413
7.044890	6.858980	2.328617
1.751313	1.443944	5.956596
2.927480	7.951311	7.272257
2.800522	1.702829	9.883655
6.084211	6.117425	6.076453
7.899124	2.918020	5.471866
3.905699	5.762119	6.850247
2.961905	2.078879	5.884571
4.296287	5.250192	2.489271
4.555207	3.355591	6.254485
2.259614	1.339711	5.811418
7.595684	2.142283	6.138099
0.345001	1.176756	8.827167
4.823910	7.758206	4.614859
7.013640	3.331661	5.772281
4.607222	2.136231	9.265958
6.768116	3.970365	6.631722
5.636632	3.391232	9.492935
1.184381	8.370170	2.295199
7.989309	5.588089	5.990943
7.849772	3.363626	6.242748
0.939773	5.860916	2.374123
7.826808	8.765122	3.543488
4.784459	5.200328	8.990083
1.043181	1.995790	4.534285
7.178603	5.392737	9.841446
3.148697	8.356694	8.394223
0.714590	2.212009	4.890724
2.245002	2.378706	6.033176
2.126637	6.718175	5.145192
3.605270	4.884696	8.137180
1.169488	5.231663	9.777659
5.673888	7.118728	5.899826
0.963155	5.895624	5.509421
7.329636	7.871202	3.187570
6.793291	3.591580	5.204608
7.488707	3.679807	2.795797
6.382480	3.868653	5.337188
3.405318	1.371534	9.068305
0.276042	1.554933	6.392361
0.472546	5.794292	2.732104
6.995777	4.360077	7.455893
4.989887	5.661076	7.500074
3.474928	2.253727	3.917439
0.583997	7.698152	6.900263
1.819753	5.050871	2.326785
4.219567	4.428427	4.166834
0.325348	3.823573	2.923471
5.864151	8.247326	7.291326
7.122905	5.513127	7.482438
7.807829	5.475927	4.847807
5.753347	3.428202	5.074080
1.716533	8.693528	5.993226
5.358838	6.177105	2.426929
0.093927	7.354758	2.782889
6.797790	5.702120	2.012004
7.774905	7.109371	7.964217
0.493666	6.115274	5.119735
3.126648	7.867749	6.350440
4.007724	1.368091	8.369952
5.686747	4.343899	8.912612
6.561617	2.033357	6.641182
0.508223	8.630188	5.925380
2.528757	7.927469	7.676143
2.473347	2.172035	9.477885
2.840423	6.777089	2.286836
5.544011	1.664534	6.781661
0.242186	7.447743	6.449788
1.496622	4.389821	3.617343
4.816727	1.869880	9.542670
4.458968	4.383172	9.562044
0.866574	1.617784	4.761684
2.868736	2.482729	6.042020
3.484274	7.812172	2.398738
6.790072	5.533630	5.907959
6.146785	5.849950	7.160747
7.339298	1.543376	6.642573
4.131751	6.496270	5.624342
5.490272	3.588887	7.753222
4.655530	7.096262	4.286786
6.380852	6.939171	3.130630
1.569628	8.340375	9.842289
5.196332	6.954829	5.996085
7.416253	5.963541	3.450948
7.865160	3.689484	9.244874
7.951814	5.155210	3.101212
2.191984	2.580786	8.365492
7.986708	6.912077	7.933433
5.659303	2.296747	8.668080
3.568888	3.938329	3.855107
5.958070	2.873067	2.636015
5.029950	6.600861	6.415228
7.475424	8.167317	4.741235
2.601093	7.479870	6.057728
5.425653	2.507724	2.187622
1.405941	1.408929	8.815597
7.854309	4.206036	3.668963
1.997462	5.977206	5.742117
1.518004	2.532582	2.104746
2.315064	4.530484	2.980981
1.986896	8.968832	3.407217
1.561743	7.184237	4.928034
4.155695	8.093594	9.670905
5.772717	8.987962	3.341083
3.662393	8.399976	6.746222
1.672639	2.460205	8.823592
1.245448	4.283865	8.482379
6.149558	6.771853	8.665360
0.332689	5.506053	7.540489
7.668068	3.365382	2.696381
5.220737	1.022078	9.229693
6.222526	6.088008	4.173577
0.103963	8.484405	9.046987
3.133547	7.290596	3.462559
7.763231	8.950900	6.743133
0.207235	1.014050	4.699151
0.395696	7.199781	8.273041
7.432393	8.084130	4.208070
6.014397	3.951755	5.868699
3.153850	7.749996	3.818647
1.789733	6.515321	3.786151
0.499809	3.174737	5.888876
1.852829	7.777408	9.841875
0.841534	7.868146	2.402389
0.907726	3.703458	4.276525
6.521891	8.319514	4.462184
2.210969	3.446719	8.917673
3.858349	3.466566	5.500348
5.974031	2.715126	8.826859
2.625054	6.863151	6.394718
2.580047	6.024777	3.267713
2.154350	2.322104	3.617780
5.164788	3.022990	2.957975
6.336070	4.989762	9.266509
7.955369	3.760430	4.787170
2.996547	6.703877	5.218708
2.691308	3.656588	6.033074
4.217341	5.570420	2.051903
2.226613	2.073164	2.273513
1.327324	7.569835	3.348862
5.654306	3.029325	7.737729
1.149857	6.905634	6.173640
2.877907	6.417301	8.875397
6.195147	5.877934	2.396341
6.727297	8.547801	3.112849
7.781859	4.448537	8.931076
4.327499	6.977033	2.736119
6.506134	2.524997	7.076286
