4.310391	5.788766	3.333785
4.177593	6.182345	6.352497
2.496956	4.238584	4.017523
5.243166	5.904162	5.833122
4.334822	4.161960	8.407801
4.591394	5.843625	3.566787
4.317363	5.154167	3.304264
3.728894	4.853065	2.848525
3.408737	5.478103	5.909540
3.231450	5.099522	7.524634
4.528664	5.165528	8.309844
4.531866	6.595196	4.736346
4.772101	3.978329	3.960969
4.442675	5.440303	8.642126
3.174032	4.612850	8.100459
2.687051	4.097364	5.585084
3.966552	4.492014	8.797587
5.084606	7.047477	5.488248
4.902377	5.031272	7.006161
3.535849	5.424370	8.734332
4.981579	4.218545	3.586475
4.782930	4.689172	7.609072
3.765613	6.075088	8.318194
3.634826	5.574632	3.911558
5.083731	6.668871	5.850425
3.897348	4.774652	9.390277
5.069801	6.094361	5.088515
5.465605	6.077902	6.269179
3.368991	2.964303	5.482155
5.149840	5.407137	6.730018
2.665808	3.393060	6.290678
4.346920	4.673709	8.855951
3.825040	3.405112	5.039964
4.982383	5.658960	8.630456
4.078009	5.191697	2.848104
4.478968	5.612233	3.280663
2.928053	5.126319	6.395786
4.197355	5.101163	2.787260
3.508656	5.666360	4.681165
3.386579	3.690121	6.914512
3.888603	3.579187	8.365494
4.642992	6.453454	3.589783
5.171476	6.911944	7.035775
5.325821	5.759136	6.380027
2.808076	3.505592	6.658773
4.506411	5.029736	3.786967
3.471232	6.438499	7.139557
3.303154	4.944591	8.235849
3.642357	5.475072	7.750180
3.466900	5.362442	3.446739
4.114261	5.178735	2.683563
5.992430	6.779936	5.406247
4.940161	4.027767	7.839349
3.383701	5.326193	5.257714
3.666988	5.830191	7.452154
4.191243	4.711936	3.406410
3.020586	5.962462	4.651357
4.311256	7.156613	6.253571
2.783074	3.377378	7.780081
4.023422	5.183746	8.601721
4.493428	4.013797	6.722741
4.774452	5.089768	3.452509
4.754513	4.484509	5.354042
4.251287	6.820899	6.154975
4.727843	4.860667	4.316995
3.051770	3.921612	8.374173
3.282836	3.576613	6.961274
3.976093	4.754035	3.093355
4.086536	5.199497	3.151935
3.246462	3.274939	5.163080
5.260160	5.807642	6.635415
4.394309	6.453851	5.089011
2.813006	4.534046	4.450611
2.993406	4.470597	8.491585
3.631681	4.526316	8.615905
3.270977	6.625350	5.133785
3.371046	3.863433	8.675301
3.735879	5.064169	3.395458
3.390945	4.747110	9.058069
4.529575	4.394818	4.672962
3.841342	5.066264	3.353115
4.142173	4.994120	3.504157
3.701783	4.456492	2.929601
4.968730	5.817052	8.375601
3.266878	4.926176	3.068950
3.271496	4.360427	8.565289
5.004105	6.278719	5.209141
4.561502	4.793656	8.497635
5.453352	5.538778	7.435987
4.413365	6.279195	4.855038
3.571497	5.796781	3.020534
3.655131	4.401560	2.947647
4.576595	4.310655	5.016312
3.579346	5.242473	8.604766
3.696542	4.079920	7.931231
4.304004	4.796604	8.986867
3.534490	4.414399	8.204211
3.106390	3.101131	5.188832
3.522885	4.863731	4.079328
2.945691	5.680215	7.839841
4.463109	6.076383	6.868878
4.949744	5.062408	7.743767
4.750374	5.333396	4.058845
3.660930	5.066859	8.857977
4.567513	4.742432	2.747633
4.192733	6.253213	5.351024
4.346125	6.153272	3.309162
5.032343	5.212683	7.519622
3.076773	5.337551	6.389569
4.274405	5.325200	3.480944
3.706257	4.724655	8.505639
3.584874	4.690124	8.820102
3.414738	3.489590	5.489007
3.186514	3.483446	8.101722
4.112337	4.673727	3.234736
4.478406	6.195034	4.075280
4.773677	5.482593	7.885118
4.846574	4.549989	3.490014
3.332686	3.395003	4.500161
4.302090	4.489503	3.120241
4.746052	5.345057	3.029527
3.911118	4.771086	3.132247
4.029548	4.491144	8.341093
3.351435	4.150911	3.595598
4.863006	4.885827	8.384328
4.060636	4.021866	6.628946
2.908202	3.738582	4.227788
3.760133	3.761666	3.985080
5.000963	4.862895	3.651451
4.616081	6.351543	4.422226
2.606526	4.587122	4.563643
4.978686	5.860568	7.981230
3.488947	5.538099	3.082016
3.252060	3.597203	7.392891
4.193033	6.847755	6.055845
4.944872	4.216545	5.890816
3.033063	3.531255	8.260230
4.853865	5.878748	3.075957
4.066815	5.417245	2.666374
4.480120	5.679430	8.688620
2.750944	4.923183	6.748807
5.385444	5.977324	6.937486
4.151496	4.771385	9.043034
4.696521	4.440390	7.217260
4.125332	5.518768	3.325095
4.461569	5.862553	8.949331
5.227012	6.521660	4.969356
4.626166	6.276706	7.371608
4.331927	6.020135	8.304905
2.845649	4.276559	3.497651
4.045163	3.255579	5.828852
3.994652	4.209154	8.834022
4.622241	4.167416	8.100061
4.097643	5.527297	3.356006
4.443338	4.861337	8.891181
4.160873	5.103153	8.593919
3.116734	3.678304	8.049181
3.761346	4.712062	2.908448
4.377372	3.971781	3.289623
4.901481	6.539868	4.459415
4.667584	5.640388	3.667066
4.574005	3.655614	6.946063
4.264980	5.124384	8.609357
3.068940	3.584938	5.019638
4.976532	6.895704	5.888696
5.113426	5.390848	7.030293
4.088539	5.807988	3.222626
3.699010	6.208343	6.463827
3.335160	3.706484	8.733044
3.725824	5.138563	3.133709
3.544021	5.129625	8.425966
4.198992	4.458290	3.492444
3.462098	4.069065	8.010180
4.066035	3.937986	4.146959
3.340391	5.008972	7.234558
4.775113	6.590655	6.212890
2.969633	3.791542	6.733493
3.161055	4.574291	4.128455
3.728115	6.631961	6.249915
4.328423	6.392234	7.569932
3.735362	4.544294	3.280603
2.682397	4.473326	5.626352
4.244583	4.981024	8.707702
4.375411	5.657629	9.202338
3.343904	4.298289	3.355799
3.687039	5.051029	2.717892
4.742060	5.381826	3.424478
4.085382	4.977803	8.732958
2.838869	3.848461	6.743003
4.209824	5.721956	9.142890
5.035829	6.385115	6.946398
3.125001	5.714557	7.960553
4.038639	3.028862	6.646142
2.916618	3.765631	7.384915
3.651612	3.584312	3.895643
5.500969	5.442863	8.007441
4.952231	5.298602	4.184345
3.689111	3.163976	7.326430
5.104541	5.582159	6.439072
4.510977	5.615897	8.577193
3.401325	2.873885	6.248445
4.161734	5.284262	3.274462
4.061069	5.012115	3.149397
3.730018	5.596641	2.903345
3.135720	4.621743	8.783305
4.337170	5.291926	8.755012
3.260786	6.945915	4.699154
3.797810	4.744746	2.668550
4.921595	5.148500	3.435570
2.424747	3.632851	5.998109
3.833080	4.454961	3.309184
2.734081	4.341287	6.950935
3.153322	3.317520	4.984340
3.249454	4.318081	8.504967
5.073861	5.116786	8.440217
3.905354	6.028072	8.498311
4.233766	4.154061	3.377924
4.408432	6.163378	8.599612
2.809256	4.558561	5.567802
4.368219	5.024705	8.858642
4.245994	4.254393	8.599816
4.277677	5.040262	3.185608
3.174999	3.773892	7.539699
3.708041	4.073159	9.485296
5.001931	6.381086	5.944291
4.140752	3.273032	7.055206
3.737919	5.487785	7.645499
4.550791	5.234221	8.684783
3.123243	4.886227	6.115933
4.533419	4.918527	8.137464
2.790340	3.617613	5.239552
3.101080	4.842306	8.608850
3.679480	4.056103	8.912446
4.160547	6.356164	8.191467
4.344466	4.511706	3.883001
4.106197	4.921111	8.820502
4.060149	5.172915	2.651641
3.526587	4.493786	3.540679
4.995147	6.316120	7.852391
3.818559	5.046952	2.690288
4.603225	5.223908	3.602266
2.340532	4.578820	4.669490
2.714947	3.320063	6.969244
3.542685	3.593424	4.050028
3.243756	4.499275	8.244889
4.274480	5.075403	3.191815
3.860000	4.196464	7.833847
5.362923	5.084078	5.361925
4.906663	4.231397	6.328843
2.754290	4.515727	8.454089
4.441226	6.260049	3.864926
3.470276	3.996869	4.043423
3.738837	6.061220	7.241957
4.142277	4.491523	3.880084
3.598621	5.198933	8.972143
3.377388	5.917430	4.692011
4.319227	3.753529	7.756949
3.134839	6.098172	6.717695
4.097166	5.167916	3.216422
2.936105	4.152535	4.944971
3.745049	4.573614	9.032453
4.994113	6.070403	4.204252
4.111602	5.105256	9.305151
4.040525	5.831271	8.659082
4.191125	6.462654	4.895299
4.555486	6.986856	6.367777
4.054333	5.090823	3.037437
4.428010	6.540909	7.652882
4.251794	4.827979	3.303634
4.686899	4.212197	3.644868
3.992609	4.899853	3.216134
4.645023	5.362081	8.402899
4.283922	5.414604	3.195623
3.440981	4.973406	3.909353
3.663843	4.694547	2.860787
3.927567	4.853708	3.247590
4.194123	4.233856	4.010430
5.263931	5.497223	5.600513
4.528200	4.638501	5.422126
4.394264	4.423823	5.497327
3.777495	3.468621	3.760059
4.008148	5.889638	3.846537
3.077354	3.684099	6.409130
4.315911	5.103728	9.208941
3.404428	5.283618	3.203699
4.720085	6.583259	7.476836
3.457735	6.276428	7.488604
4.232593	3.334718	4.914436
4.193499	6.889634	6.474397
3.721976	4.718654	8.777330
3.979052	4.939969	9.247331
3.510706	5.206553	9.130045
3.895140	3.840787	3.439678
3.818936	4.779391	8.989866
3.060746	5.426593	6.681331
4.594465	5.307756	2.860353
3.170033	5.428600	3.882223
3.247046	4.011710	3.345215
4.770813	5.783263	8.869708
5.127712	4.659588	4.752283
4.420325	4.616757	7.181690
5.523880	6.457880	4.942559
4.433902	5.569175	8.522398
2.561416	4.528875	4.521819
2.594698	3.137302	6.166822
4.103329	4.348871	2.726450
3.628653	3.474359	7.963483
4.966591	6.121114	8.463196
2.595314	4.117569	4.567366
3.065556	3.295557	5.763738
5.202770	5.030101	5.791554
4.282732	4.737059	8.337683
2.567527	4.124135	7.838113
2.894985	3.848656	5.162033
4.594784	5.476404	8.564513
3.357413	5.782633	4.227021
3.552769	4.761832	3.626334
3.542287	5.756529	7.972365
3.263813	4.003875	3.791767
5.560757	6.168382	4.612185
4.138756	3.805009	8.232930
5.268676	6.597454	6.222073
3.560316	3.054964	5.653293
4.509920	6.522954	5.125543
2.818802	3.782295	4.496781
3.713641	5.093068	8.854744
3.793528	4.724067	9.440495
3.360554	5.198963	3.801849
4.643824	6.140530	7.653161
4.472603	6.357980	5.954623
4.084737	6.085347	8.733932
4.185815	5.182818	9.083844
4.741776	5.398672	8.040477
3.907479	5.735135	7.138385
5.380005	5.491603	4.251793
2.979498	3.892926	4.975047
4.334570	4.256332	4.233323
4.937829	5.738899	4.012921
2.802100	4.537519	3.459621
4.252530	5.214586	9.157077
4.120713	5.611323	3.285691
3.606356	4.748364	3.500534
3.625125	5.130582	3.000709
2.635450	3.355387	5.767209
4.789316	4.298795	4.915680
4.244873	4.798392	3.300571
2.783897	3.885645	4.810948
4.181616	6.759409	3.934988
3.920547	4.982692	9.115029
4.736656	6.002056	4.642167
3.909445	5.443653	3.124413
3.624254	3.928062	4.349140
4.110366	5.571640	2.792723
4.179772	5.734436	8.732551
4.457822	6.533612	6.867883
3.972593	4.605398	3.242196
3.756875	5.745536	3.796697
4.797559	5.446613	4.252955
5.135677	6.296731	7.848722
4.547124	5.866864	3.699417
4.316503	5.904969	3.391960
3.484417	3.382112	5.508978
3.358869	3.278414	4.801247
3.814961	4.782029	3.090388
3.010842	4.220095	7.600195
2.804950	4.129706	5.491948
4.043574	5.456767	8.577733
3.042383	4.937843	3.515465
4.425492	5.305247	9.550616
4.017616	5.239764	8.875109
4.659655	5.694396	3.199203
2.935768	3.829347	7.456263
3.075995	5.096309	4.859035
5.187594	4.343353	6.707535
3.396263	5.220549	3.794687
3.131250	4.834778	3.518402
4.651339	5.847395	3.782432
5.092397	5.877254	7.427160
3.470017	3.616941	3.662898
4.357869	4.079357	5.731416
4.052507	5.024473	8.631951
4.107472	5.108311	2.660743
4.208023	4.195249	3.789558
3.959101	4.221489	4.453247
4.759885	6.213737	3.128716
5.761132	6.865605	5.358088
4.242128	5.157050	3.415706
3.943431	4.394697	3.589358
3.364703	4.651249	9.084515
5.120412	6.167751	7.625682
4.107608	5.067132	2.928439
3.396702	3.254001	4.688906
3.755122	3.961641	4.088562
3.948159	4.580870	9.216306
4.098769	4.885015	3.189860
4.436362	5.103535	3.606747
4.350344	5.458111	3.130294
3.774291	4.914637	3.233265
3.008916	4.093225	4.269863
2.484689	3.582195	4.933064
3.252376	3.198449	7.088737
3.931684	4.812687	8.752433
4.406987	5.937277	2.823693
4.014098	3.963224	8.427693
5.208808	6.586504	5.621596
3.963107	3.990297	9.256298
3.651801	5.101226	9.090501
4.238529	5.170855	8.558827
4.599637	3.889156	4.883646
4.054386	4.431628	3.116579
4.378053	5.042875	2.816862
4.151212	6.470457	4.773252
4.018181	5.748390	8.547930
3.971911	6.398826	7.378300
3.740258	5.703095	3.219660
4.180506	5.071039	3.032150
2.853764	4.529788	8.709250
3.974585	4.532872	9.074910
4.449376	5.302436	8.710257
2.805318	3.893106	7.250599
3.803567	4.957950	8.831863
3.962272	5.323310	2.790156
4.664010	6.614418	4.340233
3.806024	3.227226	5.178379
2.724243	4.585814	7.775752
3.718770	4.924016	3.143019
3.756638	6.015810	5.028461
3.442585	5.539049	5.025446
4.679394	5.343424	8.262119
5.327672	5.755828	4.045113
3.949439	4.348145	8.429579
2.725258	4.102553	5.963215
3.376896	3.486744	6.615693
4.739410	4.717781	9.145414
5.055383	6.211622	7.766955
3.586232	4.501020	2.826073
4.016671	3.940887	4.579150
3.846343	6.799492	4.331980
3.284195	4.814615	8.927972
5.014264	6.873624	7.558799
3.890285	5.507512	9.244615
4.062398	4.024194	7.443901
3.497982	4.255885	3.363251
3.175174	5.065538	8.747953
3.318059	4.670192	3.553411
4.139686	4.379276	5.919485
3.911852	6.264780	5.465161
3.352429	5.209967	2.903804
3.666073	3.982878	8.293878
5.466245	5.043632	5.007476
3.219793	4.277383	7.809498
3.290640	5.035858	8.564005
3.768808	6.510610	6.172583
5.443800	4.687334	6.818003
4.082101	4.597904	8.774872
4.505624	5.362479	8.314391
4.184326	5.507734	8.841862
4.453533	6.476610	7.270598
3.506329	4.244775	3.441457
2.987206	6.163519	5.531614
3.389215	3.178603	5.986744
3.302371	5.562015	6.445151
3.482569	5.051871	7.699781
2.570787	3.641771	5.758938
4.730533	4.097507	7.625136
4.295253	6.408660	5.914692
4.745298	6.297720	3.866492
5.182511	5.076808	6.025292
3.507853	5.334135	3.964637
3.813190	4.977530	9.304814
4.919766	5.335547	8.448513
4.529663	5.060901	8.965104
4.259590	4.774452	3.350858
3.375903	6.228665	6.693595
4.112585	5.241361	9.046750
4.755440	4.837407	9.270838
4.695384	5.455993	5.121479
4.555348	5.803651	8.909103
3.664603	5.062503	2.895919
4.167096	5.295747	8.705521
4.892725	4.833714	4.448790
4.341151	5.520820	8.555421
3.817613	4.159710	3.011982
4.244277	5.814157	2.713152
5.091574	6.442759	7.591156
2.952746	3.259527	5.757220
4.463199	4.585579	7.007047
3.330789	5.012301	7.652095
4.518022	4.634220	2.956776
3.969130	5.774287	3.993191
3.189669	6.247361	4.310868
3.730728	3.121066	6.817234
3.755521	4.968258	3.403147
3.993040	5.716879	8.989181
3.503844	5.391954	8.645962
4.432133	6.288353	8.265963
3.492206	3.749756	8.093109
4.097346	5.112433	3.041010
4.215300	3.626059	5.819556
3.261908	4.616655	8.938696
0.197175	6.456729	2.968161
5.997198	6.746297	6.271906
6.717970	3.544565	7.244416
5.694840	3.673410	3.055406
2.505301	4.078924	7.042302
0.534155	3.182619	3.982237
0.700118	8.696381	8.677759
1.523796	2.126799	5.922212
4.735008	6.271279	7.235216
4.560678	6.026977	5.091100
7.114113	3.396267	2.895778
6.080009	5.985794	4.324535
4.172760	4.054934	2.997964
4.286007	2.685460	9.797498
1.385798	3.452272	4.155202
7.719168	3.488182	4.342385
7.620630	1.492267	3.430561
7.622062	1.661486	8.509186
2.703847	2.531305	9.789441
4.660737	5.812955	3.744260
1.383754	4.353440	7.537924
4.833016	5.943716	5.871928
2.716799	6.419501	2.837583
5.136301	3.956862	7.898275
3.705099	5.349115	7.377291
0.877344	1.723826	7.151066
2.093882	5.788213	4.904298
3.385228	5.099780	2.714143
6.338085	8.492797	3.722093
7.659211	8.939265	4.347474
6.213360	2.030567	7.259247
5.371685	2.887821	6.684922
0.592215	4.626198	3.233189
4.522915	7.392488	9.838071
5.564112	1.206738	8.168394
0.347466	2.762239	9.110236
0.598959	8.784117	4.715440
2.202861	5.725760	4.139857
4.152654	8.690484	6.232362
4.873427	3.738444	7.565050
6.412573	4.928056	2.994569
4.617294	1.472121	5.539265
4.761388	5.275941	8.598365
0.829149	4.974741	7.689743
0.126893	1.527136	5.702950
7.346237	8.072154	7.236471
7.830597	2.805403	7.821582
5.776497	4.223721	7.581067
7.514449	7.599382	3.759837
4.925728	8.107707	5.831047
1.626079	4.286702	8.536746
6.334547	4.233642	3.016774
3.508491	4.951492	4.131765
4.029247	5.945719	2.097053
1.372119	6.980431	3.861365
1.803226	7.937148	7.395498
4.133633	5.246898	3.687835
6.518774	3.370439	9.684442
4.748649	5.826832	4.787563
3.527940	3.953754	2.157389
1.724349	6.361389	6.773532
3.493099	2.801233	9.861621
0.010625	3.782949	3.848352
4.221783	4.801386	6.142170
3.356273	8.998712	7.580310
1.835993	1.683605	7.642293
4.068139	5.532013	2.095912
0.276206	5.320746	2.994734
4.475665	7.295275	4.756736
7.651210	6.685006	5.433769
7.755254	7.622481	4.426407
0.066319	2.840179	2.760776
6.240161	5.512949	6.921648
0.859762	8.440478	8.899967
1.888545	3.856335	3.507915
6.397182	2.602635	3.465894
6.893226	6.600669	2.864519
7.499252	6.574200	4.161561
3.633330	1.921180	7.238096
4.683891	3.072991	7.221231
3.781561	3.549801	4.687782
6.544785	3.982936	6.696588
7.485477	8.976467	6.873065
7.801881	5.213645	3.141178
7.151560	1.619767	5.224017
6.017859	7.185411	2.560912
2.542668	5.276494	3.585110
4.334113	3.998644	2.167236
7.712856	5.592657	8.502608
2.062542	3.064302	6.419954
1.123182	3.059443	6.830676
6.860855	6.564349	2.222987
2.327810	7.792468	6.207015
2.513143	4.758433	4.989802
3.766507	3.360665	9.917619
4.574532	7.040830	8.913232
2.210525	7.416962	3.181036
5.788230	5.802180	4.011542
6.611443	6.648002	4.010578
1.372307	2.038677	4.062134
7.213925	4.989876	5.420416
5.102217	4.092411	2.204658
0.806862	5.955836	8.604362
6.557565	6.086277	3.358388
2.547949	1.364113	8.837142
7.385245	7.515532	8.757764
7.396380	6.668207	5.339405
1.978825	8.908055	8.710832
2.165445	6.767022	8.863071
3.417692	7.438677	8.442799
7.020671	1.595656	4.575028
2.323427	5.502943	4.433067
6.521945	7.275087	6.280484
7.748998	1.783124	6.409808
6.391460	2.681596	7.998651
1.955410	6.631683	9.480115
7.142773	8.945317	5.027733
2.260408	5.077991	9.502240
1.242116	2.095375	2.967802
1.116094	1.852050	4.293210
1.887933	2.589449	7.179046
6.483628	4.831414	4.332309
0.708093	3.307757	5.336474
0.176764	1.798716	3.977237
1.464373	7.370516	3.667148
0.652082	5.790422	4.125268
2.474682	2.383929	9.779409
3.323076	3.259622	8.057923
0.852749	8.611296	7.225103
2.135328	2.783496	3.316357
3.496673	1.867450	8.231286
3.992416	5.209953	9.243881
4.300134	7.429272	9.584971
6.195459	7.174009	6.856387
3.641396	8.394728	2.533561
6.383710	5.664702	5.072492
0.839197	1.821291	5.727141
5.369659	1.195047	7.049458
4.566396	4.222244	8.938545
2.904567	4.142282	9.467663
7.232242	8.180457	4.420742
2.324279	5.062172	7.814895
0.502252	5.041279	4.747850
2.466161	3.854683	6.232560
5.315665	4.432842	3.588502
4.269953	2.087186	2.917196
0.472152	5.216385	7.974418
4.448676	5.397883	8.167824
5.091912	4.264235	9.978931
4.542767	1.725551	3.699347
3.314322	6.979183	7.474061
7.796729	1.329337	5.138235
5.693860	5.941608	3.708550
6.660892	5.049908	7.262790
1.353583	5.076737	4.529957
1.496761	1.747719	6.225705
4.732181	5.824286	2.587797
2.384812	5.337071	9.436277
0.456648	8.673035	5.647160
7.500694	1.985127	5.290427
4.159356	8.022084	5.450916
5.379738	3.104395	2.674525
2.649588	5.698792	9.870797
3.455267	6.967542	7.023280
3.991548	7.782749	9.220816
6.208751	5.501112	4.285218
6.234408	5.057061	5.575221
5.793581	2.431574	9.232264
2.366546	5.561171	5.579248
1.268882	5.428808	6.931070
2.001398	1.749166	8.498302
1.510625	3.666968	8.398674
6.339254	5.803812	5.338062
6.323822	8.051111	3.427800
6.055217	6.556311	5.012173
3.035179	6.001542	2.551484
6.814012	2.901808	5.271494
0.324388	7.607066	5.947084
4.189689	3.210259	2.166442
5.759798	5.132088	5.792058
6.084583	2.240121	3.046843
0.025711	1.121012	2.730215
1.301971	7.560562	2.689679
3.189509	8.693150	8.509794
6.063441	3.037701	4.117748
3.174633	3.653897	5.092444
5.433207	1.871892	4.871988
6.052548	4.600723	4.607162
7.177253	1.708279	3.842732
4.308076	8.563103	3.853170
3.932696	8.008044	9.825163
6.379519	3.823084	7.239376
7.173061	1.422138	9.903490
0.174825	5.065655	2.255741
5.493270	2.109888	2.306530
5.574806	6.782486	5.195438
6.876398	7.817174	7.899830
0.932093	1.950672	2.132463
7.026725	5.616217	3.765521
4.276459	7.054043	8.513060
