5.050891	4.709524	5.343251
4.992438	4.543033	6.440893
3.174721	3.791065	7.968154
4.205355	4.844259	8.944547
4.545915	4.989383	8.894725
4.057015	4.997511	3.205024
3.920008	5.173858	3.019136
4.015626	4.887315	3.268405
4.577649	6.589066	5.530857
4.349430	5.905928	9.222510
3.121321	4.747023	7.687687
3.818965	4.665289	9.407129
4.399213	5.105390	6.714560
5.525440	6.025781	4.301257
3.735936	4.222372	3.679406
3.685010	5.105045	2.877812
3.878345	4.789152	9.207273
4.214827	6.503146	5.649688
4.034721	4.405097	3.291715
3.157186	3.848577	4.855732
4.754263	4.890765	5.761054
4.502942	6.794496	5.844136
2.602003	3.695634	4.398656
3.910931	3.669157	3.373852
3.951806	4.796694	3.073074
5.045412	6.233611	4.632620
3.857526	5.452155	3.598863
4.553281	6.683791	5.471302
3.827409	6.076404	8.092854
4.156869	5.606594	3.306513
3.705656	3.837930	6.331142
2.874956	3.818918	7.908947
2.556955	5.069039	5.222981
3.732901	3.379640	5.868207
5.439199	4.716581	3.914888
4.025321	5.498829	3.433380
3.555594	5.093859	7.729352
3.332491	4.346834	3.502621
3.296094	4.104696	3.948387
3.573279	3.704351	3.751470
4.064329	4.067878	9.043932
3.677685	5.470564	8.706691
3.944477	4.638114	8.671485
3.696426	6.325688	5.188700
4.645477	4.650461	3.968476
3.582420	4.724803	8.655247
3.992605	4.662824	2.904686
3.878718	5.435142	8.807295
4.188868	4.415100	3.149498
3.524013	4.335378	9.022469
3.061181	3.589835	3.477994
4.204770	6.049321	3.265212
2.739907	3.654056	4.337503
2.343581	4.403380	4.736673
5.834009	6.106349	4.932537
3.903611	5.569870	9.298042
4.506980	5.398001	9.035463
4.273517	4.599809	3.306640
3.636507	5.104442	8.877065
4.990972	4.683578	6.760346
4.960856	4.762342	5.378191
3.819959	6.479045	5.281215
4.487800	4.492547	7.613216
3.737013	5.820799	4.743357
2.793174	4.657850	7.161082
2.614894	3.470153	5.408946
4.205122	5.843260	3.192091
2.724349	4.270021	6.570113
3.290616	5.332303	5.154658
4.260292	6.154595	8.648852
3.660346	5.138272	3.202215
4.242468	4.155825	8.116063
3.379472	5.358967	8.662542
3.790025	4.798098	3.134541
4.183876	5.299856	2.580390
5.550489	6.187970	3.664820
4.035517	4.345167	7.515399
4.491716	4.586215	3.785745
4.167718	4.741206	8.846674
4.619975	4.714492	8.735449
3.717474	3.378706	7.519043
4.264895	5.340643	8.970119
4.577450	5.473490	8.973513
3.619235	3.130527	5.551966
4.660683	4.589635	3.368185
3.627832	4.273520	8.488004
3.456291	4.241534	5.665988
3.627656	3.004895	5.034228
2.766287	3.593322	5.677538
3.586945	3.529661	7.079687
2.733620	3.761553	7.116731
3.035564	4.727471	5.257022
3.366795	4.074685	8.932237
3.967126	3.523014	5.451612
3.318092	5.197949	3.593388
4.621076	5.280057	5.634125
4.175834	6.216846	7.709386
4.769399	5.475702	8.492171
2.463510	3.694064	5.699963
3.499463	5.528483	3.515493
3.072173	5.573254	6.278345
3.758654	4.645754	9.115089
4.920787	4.668855	6.090515
4.682769	5.609673	8.543905
5.125113	6.715933	5.909143
4.864423	6.493379	5.121470
5.239945	6.086971	5.208999
4.107940	4.658810	3.152509
5.104179	5.182424	8.140977
3.676736	5.510622	3.126594
4.547480	5.989826	8.611958
4.411438	3.912467	3.951145
2.926727	5.350175	3.814538
4.816990	4.368832	7.146873
3.513759	3.920808	7.897515
4.370981	3.711877	7.588509
2.842009	3.557542	6.951055
4.127216	4.418357	8.157054
5.089100	6.592893	6.093549
3.850775	5.144061	8.737503
4.284741	6.395696	8.446087
2.764990	4.605881	7.822741
3.859844	4.203589	3.597726
4.118883	5.256937	2.711518
2.810634	3.976613	6.842351
4.996752	5.521562	5.168594
3.741107	6.002509	3.282589
4.899971	5.035321	7.560136
4.489989	6.136471	3.656317
3.992674	5.254754	3.041851
3.286674	5.951794	7.480277
4.092704	6.415553	3.908843
4.662525	6.202287	3.821620
4.881845	5.522690	3.262472
3.939184	4.419759	3.246085
3.239106	5.025994	8.752478
3.471448	5.751734	5.775327
4.030232	4.529866	8.382435
3.366088	4.897717	8.929860
4.306141	5.720833	8.468389
3.887601	4.233011	3.489441
3.721984	5.074671	2.632365
4.370256	4.712246	3.674791
5.442439	6.768059	6.218721
3.281880	3.585926	3.430841
2.773809	4.420412	8.276364
5.438856	5.760184	5.462617
5.084747	4.798368	4.042888
5.226438	5.600937	3.854389
4.133686	4.615449	3.250951
3.314731	4.348726	4.265849
2.952462	4.161748	5.392239
4.987743	6.313907	6.794022
4.584849	5.394250	3.146472
4.365983	4.970211	3.817050
4.008139	5.566136	3.319207
5.028377	5.883136	6.752600
4.234803	4.684204	4.097158
3.956725	4.981500	2.751612
4.353099	5.772166	3.510573
4.151364	6.517869	7.873363
4.689867	5.508074	3.148858
2.359068	3.645418	6.032753
4.838933	4.334613	3.467159
3.082268	4.955098	9.104518
3.468579	5.263553	9.202391
4.120049	4.196471	3.731066
3.587072	3.628495	4.763432
3.637399	4.398914	8.968384
3.798137	5.149988	3.375458
3.755395	4.197634	8.230784
4.227148	4.996956	3.356074
4.207869	5.494349	9.076422
4.688058	6.286945	3.997116
4.922870	6.842183	6.906979
4.079239	5.213009	2.803218
3.915851	4.536798	3.075851
3.154969	4.345317	8.262441
4.361909	4.540325	8.397082
4.954408	5.438115	7.573292
3.163611	5.184497	7.589196
5.351506	5.491642	4.250834
3.400495	4.102380	8.608345
3.158492	5.082075	3.675852
4.737588	6.411001	4.826063
4.920715	5.692833	3.729177
3.870989	4.103549	3.166986
3.447498	5.324623	7.808662
3.429651	5.783028	8.289790
3.891659	4.823929	9.520606
4.115913	3.254484	5.490854
3.985958	5.335389	8.770598
4.571024	6.118276	3.079076
3.969569	4.597850	8.969307
3.930509	5.027875	2.972654
5.029803	5.599290	7.513568
3.862096	4.532672	8.163555
3.544806	4.679841	8.935886
4.044079	4.542203	2.805055
2.816927	4.241897	7.871487
3.360065	5.726785	7.729483
4.677421	5.143369	8.102512
2.879006	3.373829	7.489969
2.821519	4.995492	7.032282
4.256257	7.012176	4.843857
4.293625	5.574675	9.157638
4.624636	5.414691	8.651580
2.856827	3.233922	5.223256
4.913081	6.289561	7.576170
3.988678	5.379681	3.057048
4.538568	5.858904	8.585117
4.251396	5.280474	3.421668
3.563658	4.439244	3.354145
3.813761	5.157324	3.187943
4.449128	4.975554	8.704307
3.363354	3.134609	6.090034
4.363665	6.508931	5.746675
4.868401	6.052168	7.952810
4.557653	4.408250	2.794996
4.810802	4.810225	3.713333
4.460124	5.287843	9.282979
3.387497	3.332333	6.065685
3.742398	6.330703	6.330353
5.083349	5.675018	8.389475
4.025811	5.446388	8.998747
3.942991	3.701052	6.881793
4.194571	5.804645	3.001176
4.871701	6.811967	5.149427
3.174502	3.320340	4.755721
4.176575	4.556019	9.123566
2.734257	3.470744	6.363020
4.291912	6.474148	4.213862
3.212102	3.503044	6.421239
2.813310	3.718625	7.723423
3.646433	3.437735	4.629009
3.718361	3.644380	7.809504
4.057116	4.805177	8.903680
3.661929	5.934698	5.652690
4.635858	3.909454	6.278701
4.804277	4.465245	4.957319
3.390478	4.297782	3.063676
3.997738	5.204830	8.978965
5.192458	6.332779	4.995518
3.572382	5.981134	7.476486
3.567127	4.497196	6.912685
4.162011	5.385793	8.599567
5.037862	5.385024	4.766998
3.645519	3.433445	7.934414
4.058460	5.606674	8.770728
2.723390	5.178946	7.358847
3.255258	5.455655	4.082003
3.691217	5.436830	2.850764
3.861105	5.035560	2.702054
3.288837	4.609785	6.309528
3.954128	4.314551	8.509378
5.118576	6.581849	7.145288
4.343670	5.249856	8.987611
4.670067	4.006889	5.189330
4.123162	5.747639	8.209325
3.922334	4.529156	9.018624
4.029522	4.302067	4.466752
3.660060	5.149957	8.970378
4.965972	5.638486	2.911649
4.669573	5.026781	2.945302
3.846222	3.898907	3.566974
3.513868	3.065570	6.041632
4.055509	5.730899	3.728253
4.315561	5.314544	3.346269
3.905310	4.327966	8.965402
5.189366	4.416419	6.964019
3.205702	3.526374	8.161699
4.125269	4.990559	2.913347
3.499979	4.645809	3.374205
3.446893	5.258135	7.386540
4.088969	5.660266	4.277919
3.671135	5.975481	8.721622
3.590305	3.510128	7.956294
4.329850	6.250982	4.061877
4.857881	6.529254	5.416054
3.156216	4.825081	3.267910
3.595979	4.769245	9.297523
3.876205	4.619236	8.693700
3.719258	3.610008	3.418880
3.938337	4.707000	9.206714
3.665245	4.602087	8.864569
3.975245	4.980882	2.804040
5.593214	6.068632	4.677059
3.902360	5.789587	8.930428
5.332383	5.970856	6.842778
3.323719	4.130425	7.850564
5.128970	5.937550	5.162768
4.285968	4.784922	3.164560
3.160397	4.961137	4.126589
3.821532	3.516626	8.251444
3.401199	3.718163	8.521337
3.702102	4.779429	2.950944
3.089602	4.530699	4.977640
4.662100	6.558618	3.468365
3.314398	4.151481	3.455343
4.352139	5.133962	8.535363
5.067611	6.526266	7.097975
3.615699	5.858975	4.766072
3.092446	5.938194	5.180090
3.575501	6.207234	3.911458
2.593696	3.579988	4.714883
3.810175	4.941697	3.093598
4.298846	4.153087	6.006420
4.018071	5.418419	9.182246
3.171057	4.110147	3.947592
4.747498	6.268305	3.989798
4.046821	5.595718	2.982068
2.816899	5.457408	5.839865
4.467612	4.373098	7.058921
4.617377	4.275786	6.638303
4.366866	5.066572	2.848034
4.917025	6.270976	7.116455
3.262939	3.789636	7.651527
3.291638	5.608799	6.664864
3.494253	5.426548	3.879514
3.569030	5.266424	3.431263
4.911568	4.262188	3.881260
2.862237	4.944915	3.496556
3.977619	5.264139	2.651636
3.361199	4.619196	3.172466
3.950510	4.742415	2.863487
4.106995	5.627066	3.290603
3.813838	5.082106	3.887411
4.593651	5.086303	3.035087
3.505591	2.849532	5.788427
4.134472	5.261698	3.415561
3.633109	5.637959	8.490170
3.868284	4.738576	8.960203
3.918164	5.046938	3.176613
3.003797	3.507892	5.623987
3.902328	3.257138	4.565649
4.619257	6.529005	6.536226
3.884940	5.552990	2.894685
3.522597	3.552742	5.276898
2.802974	3.704712	6.846927
5.118450	5.680227	6.995632
3.985511	4.230182	8.874755
3.930172	4.826297	9.472678
4.786795	6.360877	7.992764
5.026423	6.672083	5.418586
2.859781	4.111114	5.987041
3.947234	4.243343	8.622567
3.759105	4.750319	8.880285
4.173163	4.528761	9.012746
4.409691	5.310670	7.823458
5.053805	6.852036	6.099598
3.547467	4.791603	3.820997
3.566108	6.255190	7.943719
3.077068	4.684156	8.813738
3.825417	5.604905	8.391246
3.593526	4.938163	3.239159
5.539920	6.038500	5.574621
3.820268	4.730926	9.222951
4.261709	5.277209	3.381438
3.972318	5.347388	2.838527
3.808325	6.210172	6.314258
3.750615	4.805114	2.784611
4.196615	5.231306	9.200455
4.943048	5.759687	3.027599
4.961102	6.399239	7.391151
3.966335	5.171548	8.787026
2.987900	3.375338	6.760533
4.048435	5.601439	8.960820
3.624331	4.194788	8.656205
4.810997	5.709859	8.888596
4.229549	5.598721	8.626893
3.866342	4.736506	3.067206
4.737107	5.157939	8.706148
2.956047	4.998145	8.463480
4.004743	3.729724	6.308612
3.784599	5.199038	3.420207
3.573318	3.612132	3.672753
3.410494	3.591567	7.343207
3.335153	4.282260	8.729240
4.564123	5.537839	8.061724
3.069261	3.566052	7.038508
4.045161	6.375886	8.515643
3.774240	5.200340	9.158900
4.288330	6.809356	5.152937
4.867925	5.778159	6.344325
3.843549	4.212336	8.030199
3.717286	6.420062	7.251218
4.014360	5.105463	2.721748
3.569814	4.014023	3.544517
4.099381	5.246225	8.486504
3.287992	3.231294	4.763849
4.780839	6.574430	4.486422
3.889313	5.548384	8.699458
4.234896	4.931216	2.869496
3.901534	4.817436	8.699938
3.117537	6.322720	4.632425
3.684863	4.716645	3.106289
4.186719	4.387849	4.985121
5.254053	6.229603	6.517814
3.629158	3.029464	6.905970
4.613895	6.392913	4.177947
4.810561	4.801194	4.521451
4.071218	5.107453	3.310669
3.979991	6.267269	4.464036
4.968068	5.739704	4.093643
3.012129	3.610322	3.407926
4.128823	6.176971	4.397349
3.059826	4.374122	6.911043
3.973153	5.265736	9.139490
3.627780	4.237524	3.814280
4.844039	4.595441	6.864921
5.271941	5.721686	7.774195
4.415794	5.694988	8.903672
3.562543	3.989390	3.317541
3.778471	6.313798	6.473465
3.323757	4.999261	5.371787
3.657406	6.137826	3.927318
3.347692	4.939294	7.993711
2.897689	4.605955	4.668144
3.216279	3.011559	6.575072
5.466009	4.930166	6.109382
5.103205	6.118215	4.062216
3.247669	5.484766	6.905927
4.267624	6.572451	6.026699
4.773218	5.865371	7.931661
3.975715	5.358702	3.507758
4.871973	4.587238	6.241497
5.381870	4.854846	5.086013
4.410519	6.767526	4.309464
3.766260	5.179295	8.978792
3.702325	4.929380	9.039189
4.380983	6.457150	7.986729
5.003848	4.844512	4.272665
4.189173	5.180597	9.290845
2.397561	3.761997	7.357578
4.280366	5.334748	3.085243
4.204820	5.197857	8.792436
3.364522	4.770817	3.358731
3.981067	3.530558	5.823050
3.585290	6.047647	6.635253
5.215407	5.921870	6.472044
3.880450	5.387898	8.210201
3.381872	4.700778	4.355632
4.755108	4.962607	8.773782
3.950333	6.738360	7.175512
3.032263	4.171323	8.385513
4.373544	4.648947	3.512449
4.192836	4.576584	3.001675
3.906995	4.828304	8.794640
4.419679	5.961870	3.514338
4.866360	5.666651	7.073480
5.076807	5.556378	3.385804
3.251132	5.574372	7.308060
4.813878	5.877088	8.194197
4.208060	4.729232	8.529006
3.189674	3.578127	4.323879
3.806963	3.814936	3.611252
3.103120	5.850808	5.947804
4.706041	5.713680	8.445940
2.819034	4.412657	8.027318
3.967500	3.704683	7.300252
3.154033	5.748073	5.162931
2.852282	3.801677	4.908843
4.662973	4.782056	4.253142
4.785623	5.944971	7.791402
3.498869	5.966062	6.867547
3.475712	5.177318	4.232422
2.939107	4.114831	3.818295
4.075746	4.621898	9.085421
3.733050	5.294291	9.282263
3.977350	5.822177	3.506862
4.144849	5.074313	3.212118
5.215342	6.055722	7.113268
3.062920	4.011475	3.956238
2.808209	5.110657	6.263625
4.179926	5.600368	8.892892
3.085837	3.567427	8.625878
2.870501	2.999930	5.380275
4.785542	5.931469	8.453774
2.567426	4.085747	3.810292
5.000346	6.804948	8.270397
3.740045	3.396280	7.051805
2.603427	3.651966	5.860652
3.680169	5.185483	3.082129
4.372204	6.266550	7.228372
4.589854	4.226010	7.140903
4.665146	5.945983	3.186292
3.779153	4.979470	3.137436
3.153132	4.443037	8.651044
4.243789	4.874938	3.431544
3.610587	4.035625	4.213675
4.526066	4.681176	2.733792
4.242337	3.548259	5.905788
4.762817	3.400407	6.680030
3.559041	4.863251	3.140443
4.694349	5.621812	3.252000
2.949554	4.011426	7.324535
4.197924	3.829267	4.349266
3.650421	4.071062	4.066628
4.968221	6.783824	6.416240
3.584272	3.576510	6.366825
2.288654	8.424953	5.500590
7.566449	6.861977	8.781558
5.828561	2.171382	7.447461
5.385007	8.607369	4.064526
2.030222	1.425803	8.299985
3.331833	2.987949	2.738343
5.894891	5.627439	4.075744
3.945202	5.983701	3.372746
3.363242	1.104576	3.185057
7.474996	7.337058	9.027741
7.937110	1.419666	5.295551
1.991712	8.003078	6.617933
3.562535	2.191789	6.379837
7.398507	3.919053	3.807123
7.645022	1.661118	9.320376
0.255768	1.685022	8.007734
5.632082	3.250354	4.154494
2.217954	7.958091	9.797876
3.344733	4.970957	6.909298
2.312880	4.607064	9.206826
2.790123	4.758261	5.102257
2.996108	3.367683	9.535718
3.859581	8.972485	7.566076
6.690577	5.537410	3.544912
3.363864	5.943296	6.629133
5.699012	2.663929	6.949820
7.346315	2.008341	7.289636
2.847650	6.679874	7.614545
0.917368	2.737666	2.673042
7.365244	1.202289	6.522031
5.569154	3.218710	9.784106
6.981993	2.795364	3.505298
0.591884	6.843766	8.192908
7.437158	2.443420	5.054714
3.206926	1.828752	2.627628
6.128890	7.138108	6.032019
3.564504	7.568776	4.200713
5.087736	7.055479	4.719466
5.718785	4.746603	5.041563
4.476613	5.644659	7.015580
3.577342	2.375425	3.548616
2.168578	2.768186	8.555315
7.542235	6.263937	4.127107
6.925023	8.033636	5.056702
6.183264	2.989316	9.485546
2.090478	4.299052	2.493223
7.386481	7.029137	2.945030
0.241862	7.385584	7.530537
4.139354	4.238553	4.017707
5.241343	4.908356	9.737006
4.456775	8.932680	4.807520
1.563337	4.265061	8.075762
1.326614	4.021368	2.009020
7.249178	8.546113	9.842763
7.243020	6.577622	7.541217
3.298697	8.534106	8.529118
7.248775	3.783828	5.126989
5.638191	5.680178	2.099452
3.600360	1.397270	5.515719
6.178045	2.000090	9.743288
1.959687	1.655233	7.129749
1.792966	5.045732	9.154285
7.726778	4.284714	8.511221
5.369471	2.490648	8.070245
4.870871	4.738570	9.678588
1.012061	5.897083	7.641744
2.107672	7.263243	4.570029
3.629837	4.708712	3.917088
7.170277	5.781342	4.497728
4.649989	1.018877	2.013201
3.618413	3.630443	9.605273
1.472595	5.339562	8.740750
7.907249	6.093444	4.976096
5.639431	2.414721	5.355186
4.671680	7.864090	3.133999
1.081702	3.469876	7.181595
2.176144	8.668039	5.751261
0.836707	1.624358	2.594944
2.635343	1.384863	2.609944
4.375820	8.489764	2.909677
6.007585	6.190068	2.048255
4.348516	3.753869	4.203770
1.727710	8.672525	9.520327
3.822886	5.070578	8.588577
6.434044	3.734858	5.461393
7.029582	6.390153	4.350190
4.442657	2.488564	4.462499
5.693847	3.626967	7.464911
3.572661	5.822607	6.143999
1.776370	8.441059	4.470411
5.255933	7.721874	7.526031
1.225263	6.852271	4.258533
2.364851	1.668768	9.962036
4.726714	3.827619	2.125489
2.053848	3.661792	7.682427
5.889872	2.141564	8.732495
1.814060	2.793411	4.039261
7.266217	1.475721	5.754340
5.732297	7.944185	5.059055
1.895681	3.945804	2.931787
3.257511	7.803909	5.391310
6.437579	2.744041	6.348674
7.241138	2.556661	3.894687
5.037455	2.763993	5.746836
6.597800	4.528239	5.207754
4.749452	7.065300	9.380696
5.303568	7.447291	8.954620
1.278278	2.477942	4.537647
1.643991	7.444969	8.860729
4.126297	6.791143	9.467324
6.806648	4.802084	6.360595
4.429936	3.705066	7.739096
1.209216	2.123526	2.222620
2.928801	8.800108	6.013979
0.933236	4.493213	4.124421
3.429538	3.840523	9.985034
5.055649	4.160328	2.411372
5.014986	8.094299	9.218131
0.884550	7.318472	8.840762
1.822090	4.203955	8.749681
6.602381	2.737916	4.024868
0.610327	7.266321	8.358385
0.918184	3.545983	7.401333
0.631054	4.609079	5.318854
4.098870	4.935129	6.676349
2.754200	2.199865	5.118290
6.642254	2.460652	3.295253
4.776131	8.895291	2.516633
2.571948	1.628331	6.847435
5.895509	4.552802	4.986406
7.948050	3.209397	8.974313
2.257813	2.859820	7.104691
4.673015	4.739070	2.171767
1.638704	3.505546	6.333688
6.330883	1.533951	6.676208
2.699789	6.052313	4.194693
3.958168	4.887978	8.262866
3.113152	7.970024	6.619451
3.433448	8.358531	8.440296
3.641896	1.639850	2.294317
2.991369	5.825733	8.111248
7.624855	3.205692	9.250118
1.142598	8.579337	6.075093
3.029818	6.326975	8.648785
4.571454	5.107341	6.415869
0.651632	1.302680	4.919557
2.912371	7.976982	8.688499
4.365138	2.624023	9.348330
4.066661	5.439670	4.259403
2.232655	5.381347	3.747173
6.185300	4.630822	8.133714
1.331532	1.275610	8.443156
5.537451	2.901300	6.358231
5.208743	7.206939	9.670408
6.417004	8.058128	2.896965
6.046260	3.103141	4.997584
1.241619	3.348596	7.894826
3.081177	8.249112	6.154663
2.371546	5.895672	8.945988
7.067150	5.062052	5.317661
3.565526	7.570626	9.431969
1.498150	4.959766	4.706622
5.306692	7.120164	8.716604
0.758984	3.682396	9.456815
7.502840	7.710462	8.428042
1.084843	6.314736	9.166772
0.066581	3.583194	2.915843
6.473864	4.182112	4.122545
2.231359	7.286800	3.853020
1.486277	7.656726	5.411547
0.437619	3.989365	7.043025
3.609376	2.615951	5.423821
0.825765	5.968075	8.918662
7.899840	6.122671	4.076744
7.572503	5.643071	7.194556
4.173507	7.428365	9.846805
3.846946	7.329439	9.020107
1.657172	8.951439	5.988285
7.008907	1.343341	4.894175
5.780521	2.235185	8.068514
3.305135	5.148766	5.913143
6.958216	4.130884	6.719210
5.425643	4.334066	4.132044
4.503334	6.650139	7.577866
2.311607	2.952795	2.932873
3.159413	5.007035	5.555634
6.290190	4.833866	7.699185
6.748163	4.118428	3.108439
6.720514	5.441341	2.862209
0.921206	2.293520	4.788698
1.430811	3.476838	4.124140
4.302133	5.576323	2.564008
7.065689	4.806409	3.029377
7.405000	3.423701	5.256147
0.970554	6.319899	7.141626
5.609187	3.763098	7.013072
7.408460	3.014186	5.476164
5.884638	2.163468	4.811486
4.897473	4.347588	9.304973
3.094217	4.452952	7.561394
