5.496693	5.591352	4.824014
3.819600	3.946384	3.509433
5.352957	5.910469	6.356602
3.265554	5.069740	7.526849
3.170985	3.902715	7.745139
5.361260	7.251163	5.892809
4.960338	5.866608	7.289039
3.694920	4.623131	3.557707
3.590318	5.377153	3.256123
4.517437	4.337028	7.501274
4.449661	4.421761	8.519233
4.808781	5.425547	7.968435
3.661358	5.012098	8.996232
2.440458	3.785113	7.317237
4.374346	5.328433	3.309584
4.544811	5.632651	3.538172
3.226359	5.656887	5.675886
3.280437	5.579012	8.185182
4.986948	4.337388	7.404996
4.319342	5.226113	2.921022
3.552417	3.622311	3.729632
5.008835	6.893644	5.844571
4.765340	4.140658	6.801660
2.810000	5.230780	6.809172
2.556525	4.197200	7.613686
4.990540	5.352991	7.931571
4.343771	3.981907	3.714349
4.229388	4.926159	8.876577
4.974255	5.074405	7.849973
4.846441	5.250299	3.255847
3.725594	5.596818	8.268449
4.008797	5.095170	2.818145
2.976957	5.000851	7.943560
4.371503	5.445404	8.690022
4.645615	4.548978	6.181936
3.670059	4.619149	9.090904
4.859450	4.820352	5.868098
4.204568	5.532748	2.430646
3.838027	4.624090	8.789930
3.289528	4.255825	2.903393
3.974110	4.875773	3.583490
3.531942	3.934593	3.453675
4.026637	5.452089	3.211454
4.643594	5.892581	3.529816
4.438721	4.817472	8.599898
3.537075	3.140656	4.655757
3.929401	5.238950	8.868944
3.781246	4.206067	3.242482
4.061457	3.687763	8.295934
4.760420	4.732493	3.036065
2.627400	4.732329	7.519958
4.545019	3.993932	4.664631
2.805750	3.704559	4.211757
4.566673	5.706877	8.145652
3.894199	4.215479	3.017732
4.585459	4.238608	7.482732
4.196937	4.611839	8.630212
3.475233	4.925810	4.819864
4.629779	4.127888	5.019216
3.743995	4.909254	2.973168
4.482473	6.287326	8.083383
3.877015	6.308776	4.493460
4.815776	5.901399	3.369987
4.052481	4.816307	8.528602
2.768345	4.670777	3.919204
3.703610	6.468167	5.062382
4.042340	3.955031	7.975786
3.773632	5.305141	2.592574
4.811763	5.046486	3.112061
5.199858	4.658461	5.611102
3.363521	5.477598	6.127662
3.229052	4.147962	3.350759
3.644254	4.501155	2.554698
4.709733	3.564951	5.954935
4.294755	5.434322	9.189991
4.154907	5.498036	3.435391
3.984080	4.068906	6.941869
4.755188	5.733157	3.476727
2.446688	4.313378	8.375230
3.158848	3.002650	6.373592
3.910447	5.506685	3.431303
3.667632	4.259628	8.347342
4.843587	4.642167	4.238874
3.061975	3.475971	5.225793
3.740422	5.194101	2.877064
3.928606	4.068240	8.244641
4.014928	4.808705	8.814178
4.374905	5.448542	9.031635
2.970693	3.054368	5.187555
3.182004	5.036370	3.905420
3.964557	5.292080	2.737685
3.862952	5.467132	2.906753
4.052582	4.688522	2.962307
4.320981	5.865735	3.198758
4.119998	4.593327	3.064415
3.961703	5.146981	3.394104
4.007795	3.583108	7.913411
5.164302	6.072424	5.069668
4.101569	5.489432	8.660967
3.830717	4.617803	9.045482
3.304482	3.480525	4.657301
4.285692	5.487616	9.167845
3.587698	5.814263	3.425774
2.891942	5.074375	6.974894
5.087937	6.091155	8.258475
4.487823	4.845591	8.567410
4.621177	4.978285	8.708036
4.142279	6.332355	4.602740
3.880820	5.029916	3.002610
2.260963	3.307737	7.451206
4.116709	5.328081	8.727926
2.607546	4.705125	7.729755
4.124769	6.103085	8.603329
4.939213	5.010846	4.023970
3.014690	3.999436	4.448050
4.920899	4.682015	3.666217
3.263218	4.146146	3.405017
4.751619	4.622236	8.646402
3.705869	5.238340	8.464227
4.578150	5.651524	3.296833
4.909727	6.711308	4.387678
4.093778	5.236532	2.691884
4.878737	6.123117	8.649255
3.399364	4.866780	2.818789
4.033756	5.432661	8.814409
4.799935	5.205678	6.250354
4.031357	5.639396	8.854434
4.695283	5.917165	4.104441
3.956123	5.414999	9.340732
3.256434	5.920202	6.143470
3.807008	4.645422	3.309649
4.084067	4.937268	3.542308
4.296972	6.844542	5.341677
5.087418	5.714284	8.172086
4.370105	5.420698	9.194273
3.880668	4.547708	3.553729
3.778353	5.980098	6.709679
3.228100	4.854624	8.784303
2.671752	5.055444	7.513095
3.940200	4.683629	2.694836
4.054871	4.856686	8.548643
4.656665	5.079279	8.723733
3.707779	6.561837	4.710374
4.928785	6.090372	4.764381
3.714785	3.582836	7.231096
4.019982	3.410670	4.672032
3.531570	4.883210	8.870204
3.066624	5.405211	8.376025
4.630788	5.212527	3.610485
4.332078	4.303861	3.198955
4.264125	5.734896	8.504105
3.920726	4.880277	3.481796
4.247470	6.192022	7.638954
4.143038	5.735576	9.360940
5.018769	5.686255	4.223337
5.140514	6.359662	5.209088
5.074117	6.045999	6.082253
4.029926	5.345076	9.379017
3.664268	4.988409	9.061254
2.756282	4.426371	4.759428
4.156999	5.405173	3.236791
5.313294	6.190870	7.263070
4.336909	6.634380	5.979959
3.286660	3.287986	6.303924
3.161256	5.189994	7.625781
2.936056	5.029710	6.488448
3.533452	3.046187	6.324632
4.749181	4.935520	5.309101
3.255433	3.259837	7.161821
3.784655	5.036513	3.189613
4.437712	6.214239	3.688645
3.415119	5.360125	8.914675
5.139441	6.297108	4.022794
3.799730	5.094124	3.762896
4.956037	5.090633	6.808862
2.971745	4.838897	7.852247
3.494517	4.835371	9.313663
4.146742	4.830309	3.726149
4.529303	5.740243	3.332616
3.734151	5.959649	8.880931
3.457912	5.569152	8.574100
3.704154	5.406996	9.016636
4.388962	6.559404	4.062354
2.761352	3.516940	5.196451
3.865230	5.311014	2.797978
4.214408	5.094100	8.739060
3.927398	3.148519	5.447021
3.859880	3.368701	6.974472
3.857089	5.369820	2.857515
3.063866	3.527031	4.945389
4.535662	4.646319	8.018521
4.244939	5.554683	8.795013
4.074499	5.048401	8.779870
4.315351	6.865979	6.751056
3.928522	5.484313	9.046183
2.779241	3.347590	6.305476
3.285649	4.633956	8.687251
3.188719	5.506945	4.118961
4.359800	5.552288	9.057669
4.677001	4.525849	6.950047
3.718493	5.444975	8.455700
3.056071	4.541017	5.172294
3.262979	4.252396	4.463895
3.879438	6.091661	3.348135
4.734023	4.370478	7.152051
3.317258	2.950855	6.067627
3.639862	5.843681	5.761001
2.926333	5.173046	4.425926
3.416881	4.896672	8.763535
3.843637	4.904519	3.380857
2.365725	3.940532	6.503895
3.595216	5.594730	4.693540
3.843122	3.965751	8.176140
3.364264	5.643774	8.632392
5.109664	6.709208	6.956530
3.382586	6.084965	3.831398
5.244149	5.892617	3.445938
4.154101	4.097769	7.304827
4.083196	4.529973	3.176316
4.742140	4.372287	5.626426
3.487773	4.529758	8.526222
5.268971	6.006966	5.132739
3.447876	3.256854	6.835232
4.244438	4.254294	4.069316
3.993681	4.983781	3.249114
5.050292	6.650386	6.549518
4.039666	5.160872	8.826928
4.467395	5.011344	9.127529
4.098001	3.122359	5.869920
3.146616	3.986333	8.793984
4.051101	5.517907	3.004607
3.159858	5.052413	5.805795
3.970076	5.389402	8.427344
3.272268	4.099473	8.795096
4.727641	6.649704	6.976730
3.643632	4.776463	3.249919
2.523168	4.000986	5.246407
3.394356	5.704511	3.876548
5.006153	4.435495	6.696490
3.796381	3.132918	5.352571
3.731751	6.469735	8.100578
3.842862	3.775381	6.549330
5.073305	6.204894	5.962962
3.991267	4.506286	8.676167
4.214683	6.327764	3.472435
4.312883	6.384002	7.178525
3.421724	5.352383	3.606049
3.742277	5.437404	7.023275
4.214146	5.419847	2.801173
3.369094	5.323114	3.246059
3.999668	4.234630	3.898289
3.984424	5.388860	3.000275
4.768554	4.756694	3.617018
4.342912	5.269121	9.010675
3.310503	3.453418	4.038699
4.590210	5.150420	4.191132
2.961209	3.589816	4.290610
4.710148	5.197640	8.504087
5.222931	6.540050	5.738308
3.595771	4.841926	2.699010
5.105242	6.107980	6.377807
3.185995	4.528029	2.953043
4.893406	6.409445	7.043818
5.324156	5.853131	5.041539
2.862237	3.553222	5.199481
3.751784	4.898020	9.174751
4.779086	6.692839	5.172815
2.575966	4.075513	6.928285
2.688381	3.161576	5.129693
3.685204	3.635824	5.631953
3.683960	4.883085	8.725721
4.380319	5.982650	4.426308
3.100149	4.351911	3.677671
3.088684	4.680329	7.978926
4.022430	4.205715	9.110647
4.837317	5.447456	7.712479
4.109521	4.957374	2.835400
3.705803	4.051434	3.886683
3.613386	5.477766	6.856805
4.519283	5.135857	4.807137
4.303972	4.662666	3.783936
3.538420	5.768353	7.669511
4.055664	4.418240	4.780422
4.594767	4.338814	5.107440
3.531313	5.805073	7.537684
2.907674	4.757051	8.461452
4.777050	5.967060	8.289939
4.432595	5.391252	3.132866
4.217687	4.800703	3.456224
4.759696	4.914938	7.810178
4.009461	5.274607	3.410599
3.187479	4.713030	3.795678
4.905572	5.955616	4.239874
3.775229	5.476090	2.983615
3.059241	4.039215	3.412724
4.255741	5.458333	2.964277
3.906670	5.169615	2.768264
4.314584	4.063424	3.425515
5.284197	6.649941	6.411036
4.655350	4.671036	3.775026
4.643413	6.137174	8.080456
5.492070	5.862551	5.919046
3.833498	5.199990	8.638669
3.939034	4.246315	3.486808
3.014721	3.810642	7.482200
3.236230	3.082720	7.932282
5.246348	4.365680	4.357112
3.384354	5.044433	7.714709
2.702982	3.609845	4.463432
3.662240	6.087404	5.677399
4.104048	5.223097	9.169549
3.452404	5.205217	3.514078
4.766542	5.190658	4.104642
3.543681	4.366098	9.401737
4.836483	6.094716	4.369103
2.988966	4.820889	4.889644
2.876766	4.222417	5.245454
4.547803	7.151919	5.609379
3.062123	5.264922	8.474101
4.748653	4.551215	8.199678
3.985053	3.828022	4.869105
2.635559	4.067829	6.912748
4.647234	4.606601	6.441989
5.051081	5.713733	5.509705
3.923312	4.269028	8.777327
4.024831	5.109023	8.657478
3.986245	5.448519	2.955245
3.518352	6.070771	8.387238
3.517584	5.877665	4.646531
5.592995	5.934124	6.005760
3.335693	5.869225	6.715759
2.957327	3.427484	6.204562
4.220703	3.994554	3.742814
4.022678	4.351228	2.828721
4.212397	3.502378	7.514498
3.890414	6.756407	6.929389
4.317757	5.055114	9.280057
3.125255	4.210488	7.458080
3.550989	4.831816	9.119556
4.934230	4.464391	5.732357
4.160733	5.930462	3.236282
4.436501	6.140869	8.471952
4.136567	4.465853	8.045289
3.401999	4.199694	8.019710
3.834749	4.558505	9.106027
4.499089	3.862482	7.482035
4.177330	5.148818	8.964533
2.595320	3.244048	4.767062
3.426179	3.357322	6.955485
3.609131	3.800064	8.038337
3.914020	5.414918	8.915222
4.099389	4.027402	8.309675
4.376784	3.891485	7.342225
4.913988	5.047061	4.175061
3.555374	3.158987	4.997497
4.117365	4.703813	9.154709
4.354180	4.154288	4.347489
3.939731	6.667439	5.386427
3.640477	3.793837	7.982880
3.328029	5.715254	4.461218
2.814993	4.119988	5.802826
2.477869	4.628179	5.863435
3.925876	3.587749	4.427234
4.160184	6.514859	6.352644
4.222186	7.167705	6.273840
4.266256	6.263203	4.917465
4.007396	5.031617	3.280672
5.026223	7.043801	7.182195
3.586914	4.393723	8.476865
4.789799	6.004689	3.872883
3.789406	4.526260	3.249005
5.021258	4.399154	6.899124
3.561305	3.406974	7.610821
3.202031	5.954186	5.240287
4.075409	4.717236	8.553770
3.054615	4.277984	7.745482
4.927602	5.364898	8.709079
4.142650	6.029915	8.115145
4.489869	5.672245	8.076970
3.856570	4.221800	8.603680
3.782297	6.626635	7.625340
4.674846	5.199550	2.976730
4.383561	5.107050	2.576249
4.182618	4.404096	8.310976
5.262738	5.257851	4.911353
3.795437	4.927017	2.963226
4.272207	7.103862	5.732105
3.992075	5.882828	3.908664
5.564375	5.600437	4.940578
2.964557	3.537734	3.973173
4.717510	7.126625	5.027325
5.022746	6.403417	6.881139
4.401135	4.844350	8.512395
3.668320	5.123209	3.189888
3.198788	3.179662	7.599185
2.730220	4.339614	4.006281
4.648473	6.650490	5.352093
3.052350	5.042901	8.307967
4.024843	5.761368	8.489111
4.557189	7.134728	4.142812
3.747303	5.724185	3.425071
2.766617	5.137854	2.917063
4.397630	3.830566	5.675364
2.440331	3.393624	5.563013
3.730811	4.830359	3.525590
3.779740	5.097444	2.699172
3.300725	4.516831	2.710372
4.530446	6.123330	3.772380
4.536496	6.297640	8.428445
3.783813	6.412186	5.199874
4.724452	4.759149	7.993056
4.520419	4.230777	4.350639
2.467096	3.645101	6.447919
3.235328	4.062647	3.763566
5.487244	4.717836	6.279831
4.457345	4.826375	2.985545
2.709958	3.732106	6.478549
4.160507	3.563399	7.411111
4.613820	5.576029	8.473012
5.174329	6.685081	5.959201
4.284934	5.132657	2.838485
2.996881	5.397337	5.143746
3.520355	4.274416	8.030480
5.033185	6.383579	4.400696
4.482263	5.763826	8.814587
3.721442	4.426247	8.696825
4.154507	4.831671	2.900824
3.141525	4.052391	3.812852
4.878973	5.906083	8.150051
2.836401	3.763479	6.169992
4.249464	6.481525	3.697683
4.990891	6.775302	6.079093
2.802820	4.638490	7.277235
4.016112	5.378711	8.872004
4.289292	4.374088	8.334418
3.955412	5.330149	2.688788
3.817947	5.934432	7.023060
3.942631	4.850454	2.810437
4.749498	6.257640	6.998409
3.834865	5.463424	3.875712
4.597674	3.961327	5.221134
4.629627	5.319790	3.224842
3.697452	3.519237	5.006926
3.823479	5.082840	8.949984
3.084155	4.625887	4.366749
3.057221	4.485834	6.604503
4.067611	5.065122	3.109051
4.352033	6.479521	4.337151
3.355403	3.987479	8.039350
3.021254	3.543219	4.054558
4.200168	4.078677	5.299549
2.999800	5.362637	8.195356
3.941700	5.189132	3.090505
3.561170	4.806591	2.788553
4.691660	5.221523	7.375061
3.382181	5.403820	3.311352
5.217825	4.784426	7.584155
5.063804	4.971054	8.343600
3.021674	3.869541	4.298837
3.754969	5.450822	9.246440
3.771117	5.170717	8.841273
5.179358	5.085245	7.706937
3.082166	4.992517	5.556079
3.790852	5.068209	3.364756
4.112819	3.956002	8.906445
4.293500	6.167174	4.204031
3.027211	3.226507	6.524057
4.251172	4.661073	8.830178
3.870207	5.113039	8.673452
5.106367	5.908018	4.160221
3.279163	5.161956	4.203854
3.710033	3.710055	5.840118
3.796839	4.145926	8.291837
3.898985	5.548921	3.468600
5.123622	5.938201	8.495438
3.762934	4.971390	3.081424
3.302217	4.543841	4.015750
3.683255	4.782928	2.882126
3.439538	5.749828	6.393279
3.937919	4.074429	3.716949
3.870601	5.820114	6.362711
5.320501	6.178671	5.074259
4.136572	5.060423	9.221462
3.528194	5.371745	2.892047
3.351622	4.934330	3.538929
3.985862	6.960536	6.563037
3.721685	6.411936	6.038177
5.127579	6.068025	6.415327
3.340601	3.281245	5.982084
4.149469	4.748963	2.486583
2.978094	4.199613	4.681338
5.094475	5.963646	7.806795
3.948562	3.715624	3.436459
5.340793	4.971896	7.259221
4.564040	7.365293	7.110443
4.294444	6.570845	7.730929
5.054373	6.368534	7.153497
3.254989	4.892678	3.245374
4.284442	3.996923	7.897824
3.133905	3.703936	3.807906
2.041464	4.388235	6.740080
2.655508	8.606277	5.953130
5.448336	8.295119	8.259075
0.518405	4.330090	2.685431
1.875345	2.741702	8.211924
1.526108	5.389199	5.274943
7.619139	5.402303	9.794095
3.957441	1.193561	4.629180
2.551106	6.790699	8.907383
5.564779	6.345450	5.572229
1.668069	3.543634	2.298558
2.925611	3.117790	4.952230
7.874869	1.746534	5.980429
6.681401	5.631080	2.633203
3.977576	3.180562	2.246328
0.911342	3.407997	4.189966
6.225676	8.109339	7.817071
2.689368	6.950313	7.635641
3.417840	4.520856	7.306722
2.890268	7.390282	3.315327
7.821617	4.047432	2.190879
6.892591	7.469809	9.770313
7.327568	6.512959	9.230959
7.699118	7.348926	2.072278
3.908533	7.016820	4.300148
6.123920	1.845897	6.494098
5.724186	7.431931	6.001576
7.421090	8.451469	7.602191
0.940370	8.351442	9.335144
2.638408	3.312687	8.399994
6.494283	6.898161	8.580310
7.714331	3.333949	4.770445
0.455954	3.937007	9.233186
2.932044	8.796957	7.162763
3.834611	7.365239	3.718888
4.672660	3.254499	3.227201
1.103060	4.941583	4.944785
1.236782	2.808519	8.828828
1.603923	3.149233	7.331758
1.266400	4.319987	9.828264
6.764699	6.420697	8.308863
3.785693	5.918265	2.771897
4.075517	7.443462	3.921220
0.612503	4.863375	4.228062
6.758616	1.498168	7.081917
7.655113	3.748613	3.507791
4.887808	3.234595	8.691135
0.247501	8.711957	9.242489
6.838993	2.105871	4.850464
4.174801	2.201154	9.662003
3.293744	5.355376	8.408042
2.603060	7.837307	5.580744
5.706957	1.708459	6.651349
3.617950	6.444893	2.378623
3.626337	3.149962	3.487476
0.180756	7.346923	8.148524
2.910760	1.146345	6.433237
7.571069	1.323719	2.200419
0.948147	3.985760	5.926522
0.422852	1.181520	3.335645
0.966995	8.770547	3.572901
7.639467	6.140872	6.100048
4.881460	4.484036	9.280059
6.915056	6.571308	7.524075
1.430408	8.669036	3.355281
5.833433	7.059960	6.044660
0.194332	5.580249	4.554125
2.940033	6.690175	3.932030
3.078076	7.524944	6.151364
2.207478	1.330730	9.823193
4.010132	4.115066	8.440269
3.065251	2.084944	8.732984
0.731988	8.145077	9.240520
2.766994	5.334719	6.746720
5.979540	1.280088	9.850897
2.182682	3.783992	3.040537
5.571177	2.520772	6.438429
5.378335	7.257434	3.084335
0.760445	1.335817	6.645388
2.785542	1.286661	2.638005
3.459417	5.782909	9.803528
4.025491	5.440463	3.701289
1.759224	7.610716	2.468341
5.481217	8.187170	5.571175
1.227997	2.830561	7.482371
2.963575	8.668521	9.870176
4.814393	5.835873	3.262256
7.450103	6.756998	5.542826
6.627766	1.882413	9.454816
1.292618	3.676399	9.359373
3.959341	8.573711	7.934825
4.328257	1.443820	3.005577
6.405293	2.330572	8.550237
7.501827	2.587726	4.892022
7.876246	3.552576	6.984871
0.692054	6.557584	2.248973
6.876916	2.145326	9.959023
5.625166	5.685732	2.867578
3.908739	5.469467	5.214869
4.077288	5.257738	3.145413
4.265545	4.938089	6.347809
2.254174	2.132154	7.317348
4.241741	6.342679	9.800864
0.424707	5.153039	6.570186
0.010696	3.590080	9.855073
4.758457	2.596728	7.137441
1.792881	8.893846	8.022502
1.086320	1.716881	5.277252
7.749308	8.319214	3.897405
7.629118	1.690619	6.589251
1.459878	6.138681	6.203588
1.952083	1.003493	9.527840
6.776163	4.160206	7.469171
1.988888	1.843320	8.710756
5.650414	3.777774	3.001986
1.822223	6.159076	7.372041
1.129841	6.517634	9.157676
0.678521	5.000728	8.934547
1.074837	8.876938	3.139689
4.280531	3.576346	5.911625
7.962142	4.554077	6.450118
0.156986	5.202807	2.126431
7.359711	5.120111	3.761331
7.845695	8.317597	8.636074
2.740152	7.306196	4.732596
2.190334	6.539060	6.536984
1.400630	5.751438	8.850589
4.907783	4.102091	6.906280
6.492835	5.226806	2.186460
3.416016	4.450112	4.403859
0.250634	4.916654	9.484420
6.027857	3.608507	2.464877
0.830141	6.665775	5.277510
3.551105	8.587858	9.748927
0.538321	3.153207	2.159317
6.587822	1.635046	5.093947
0.359564	5.810601	4.939547
6.798799	3.100116	3.879330
0.248653	1.100657	7.819446
4.584070	4.802139	5.438431
5.411601	4.412287	2.170097
7.771968	7.613550	2.244360
6.397380	5.743053	7.937113
6.441258	8.365438	3.975700
5.643758	1.256873	8.578910
2.387480	2.676648	8.322490
7.379497	8.483606	7.390502
5.368158	2.030306	4.543055
1.004180	3.347912	8.632915
3.925188	8.415922	7.877872
1.187699	1.085926	2.376050
5.371555	7.567640	3.220624
4.729453	1.086640	5.079009
3.502705	5.188733	2.714611
4.421662	7.259207	5.280421
5.018162	2.947266	5.198185
6.595169	5.935155	4.434425
7.899116	4.440769	6.790922
4.991762	7.534851	7.086653
3.676200	4.113183	3.439721
6.540050	3.429854	7.128988
1.379731	8.470618	2.932144
0.414497	8.200035	9.744791
1.803185	6.332042	2.450072
6.631360	6.568304	3.538685
4.370451	7.398811	4.207109
6.508361	6.849708	7.867565
0.576815	8.970747	2.911023
1.092165	1.433808	3.501306
5.006612	6.602525	8.602031
2.892782	2.104411	7.039613
7.258162	1.604281	5.027591
3.830523	1.204917	9.021379
6.806177	5.622385	4.412590
7.662218	5.667012	8.805328
5.373032	5.697620	8.075848
7.812293	7.001627	3.440252
4.507953	2.727902	3.166728
1.420654	7.512547	6.393231
4.292393	4.879885	2.707925
4.604748	2.944449	3.773563
5.781861	6.638132	8.015651
7.281384	1.679034	2.606755
4.257552	2.595771	5.308135
4.860976	3.237451	6.342268
0.158459	1.696140	8.140659
6.797677	4.369493	8.303266
3.506112	8.758977	2.918076
5.731036	3.062342	3.499799
7.329186	3.352655	6.431983
3.055396	6.966721	2.390690
2.876231	7.214566	8.400644
1.991183	7.308113	2.026307
1.436752	6.837723	3.817803
3.830648	6.816585	9.105923
0.577868	5.841357	8.926818
2.502766	1.511602	8.630104
6.662269	4.485980	4.599031
1.947895	8.464576	2.730073
6.655594	7.540697	9.460438
