5.480697	5.661641	5.111726
3.478221	6.114152	5.224479
4.004793	4.620522	3.424867
3.817505	3.689386	8.464178
3.151425	4.375454	8.181774
3.888476	4.468706	3.293789
4.851168	5.171348	8.984540
4.236286	4.730741	3.203685
4.025346	4.783748	3.337849
3.210111	3.857731	5.581676
3.619332	4.094780	3.588617
5.075740	4.174624	6.182829
3.024983	4.734854	3.392493
3.898948	5.108400	3.218778
3.912211	3.816217	8.735020
3.074207	3.691146	4.773295
3.445047	4.035714	7.816444
4.654904	6.714962	6.919067
5.535072	6.372066	6.461880
2.959302	3.461652	6.369266
3.545258	3.899552	8.217167
3.795788	4.827861	9.039670
4.257906	6.512188	4.548854
4.740492	4.269565	7.218088
3.661369	4.766731	8.847377
3.886910	5.741413	3.938296
3.287701	3.680297	7.400823
3.108676	3.979314	8.114758
4.222940	5.213856	2.868788
3.961053	4.901133	2.980326
3.292790	3.588248	4.897070
3.158674	4.602889	8.852783
4.960546	5.997999	3.144679
3.783164	4.005343	3.378114
4.578221	5.334284	8.308081
4.012101	5.376168	8.924744
3.564038	4.358715	3.770768
5.410092	6.446444	6.122561
4.562174	6.609158	7.347909
2.462696	3.716038	5.444526
4.959513	6.150451	3.999289
3.971879	5.373259	8.781528
4.154910	5.406799	9.007755
4.118946	5.279388	2.929684
4.891664	4.430670	5.691531
3.550339	4.100920	8.046538
4.077926	5.196103	9.072630
3.993556	5.366594	3.076038
4.967935	4.640433	8.850965
3.546829	3.799596	3.500395
2.581157	4.555788	4.415002
3.402886	5.055255	8.518472
5.487900	5.516702	3.972991
4.599221	5.173239	9.237330
4.172548	4.253659	8.739715
3.952425	4.835899	8.797014
4.492424	5.545405	3.236272
4.026062	4.272106	9.088636
4.293505	5.420686	2.965735
3.098821	3.824845	6.328669
2.671430	4.482885	6.522076
4.877460	5.414740	3.138102
5.091391	6.058197	8.469999
3.709117	5.286254	3.331682
3.709429	6.168372	4.576979
4.570766	3.899338	4.066060
5.488406	5.728186	4.194408
2.873754	4.863675	4.971400
4.116331	4.603789	9.258152
4.049213	4.744656	3.277295
2.795638	3.500613	4.254377
3.838074	5.961410	4.615205
3.912325	4.800960	2.764950
4.929629	6.427044	8.747091
2.669646	3.694910	6.322935
3.200462	5.391839	5.013092
2.578605	3.646287	5.946969
3.790274	3.245528	8.008212
4.232148	4.735333	8.104260
4.927382	6.719575	6.079199
4.399255	3.769371	7.198111
4.961648	5.453870	6.257780
3.863705	5.068684	9.055658
3.922710	5.588865	3.731095
4.123497	6.536182	5.938706
3.905744	5.193905	3.339883
4.180370	5.380107	9.392824
3.700946	3.014421	5.983647
4.320725	6.385534	3.193635
4.334541	3.458209	7.216127
4.367228	4.793290	9.069844
4.421047	5.400339	3.164728
3.018524	4.847964	4.770861
3.901314	5.528138	8.931031
2.907540	4.870067	8.378633
3.502703	5.553790	7.987881
4.909353	5.921573	8.488663
3.891484	6.455459	6.714597
3.881760	5.979453	7.401787
4.306927	5.110387	8.793047
3.664722	3.980107	3.975246
3.589821	3.336995	6.756225
3.478633	3.940563	3.894196
4.390934	4.384813	8.780584
4.830517	5.673440	7.969720
3.776390	5.060644	8.795014
4.003426	5.191775	9.299537
5.471765	4.692001	6.691815
4.654882	6.728380	6.603568
2.956850	5.354782	7.372470
3.853537	5.088568	8.858556
3.964450	3.899693	3.640879
4.365086	6.819416	5.034271
4.440764	3.676609	5.039342
3.800941	4.746792	8.710580
3.964349	5.540039	3.140839
4.499359	5.717770	8.329436
4.425236	6.481723	7.886776
2.703610	4.287927	4.342803
4.214219	5.156028	2.542755
4.459785	5.547906	8.862268
4.940116	5.001431	6.580286
3.714358	4.625964	3.077301
3.478500	5.492910	3.361186
3.301401	3.961835	8.774148
4.940924	6.531558	6.656215
4.884493	5.922856	7.546614
4.461239	4.936820	3.894805
4.152237	5.405120	8.636365
3.902766	5.233769	2.850644
2.699251	3.479917	6.283145
4.110125	4.464854	9.010066
3.326443	4.719620	4.104966
3.892594	5.890960	4.826237
4.611044	4.935079	7.951657
5.092938	7.103534	6.189390
2.719102	4.265056	6.909320
4.809157	4.100493	5.088084
4.299296	4.395162	3.224958
3.439813	5.097716	2.919707
3.926551	6.247740	5.235897
3.454920	4.008746	3.281878
4.254283	4.315212	3.731924
3.662033	4.020851	8.461321
3.908033	5.395723	9.018154
5.221999	6.416427	5.221101
3.975131	3.036296	6.359036
2.900457	4.806390	6.724689
4.650899	4.940435	2.867518
4.832290	6.797099	7.034576
3.287655	5.374049	6.411600
3.515020	4.377358	3.056522
4.290731	5.193880	8.880993
3.630771	4.357375	3.133052
5.015539	5.475603	3.928494
4.627296	3.981981	4.945306
3.066758	3.378945	3.937605
4.017301	4.799270	8.593630
4.007936	3.491847	6.506122
4.594489	5.923974	8.463615
3.890182	5.500304	3.450483
2.710631	5.397004	3.994860
4.748308	5.809194	3.989764
4.145217	5.123598	2.646289
4.088401	4.291900	3.012384
5.064610	5.469206	6.874569
4.659405	5.629178	8.566370
3.374229	4.331399	3.314808
3.088247	3.407366	5.106719
4.499771	4.304277	3.362952
3.972478	5.811861	8.409772
3.958448	5.247160	2.813827
4.162899	5.054315	2.987154
4.250738	6.168739	3.526018
3.358573	3.242427	5.315128
4.983073	6.499200	4.518802
4.055438	4.819590	3.134675
2.938432	4.534026	7.020337
3.579444	2.966535	4.997087
3.951802	5.451580	8.938686
4.005131	5.206944	8.909493
3.504984	3.454904	6.169834
4.024185	4.644164	2.753763
4.765931	4.873183	7.039542
2.976350	5.294289	7.410767
3.486579	4.545251	3.271476
3.856965	4.340790	2.385113
4.760146	5.935341	3.535478
3.910351	4.911282	8.895519
4.592026	5.099505	8.519396
3.409706	3.708039	5.502252
5.116028	4.977317	6.900753
3.021197	4.948503	6.665207
3.708693	3.611012	7.449505
3.416684	4.521002	3.733501
3.578938	3.503338	3.258773
5.149509	6.301835	7.036819
4.682609	4.768389	2.936337
2.986650	4.520759	7.837851
4.364292	6.517221	4.360077
3.108730	3.289624	5.055172
2.460825	4.061843	5.561546
3.738497	4.825138	2.755627
3.253385	3.784022	7.045299
3.439677	4.757158	7.786321
4.553476	4.469969	6.808163
4.883029	6.605002	4.449262
4.174004	5.839198	3.696115
4.400417	5.652858	7.696372
3.860375	5.154917	9.122135
2.812111	4.600689	8.233818
3.027090	4.937434	7.441812
3.443587	3.766214	7.659533
4.461129	6.647013	5.801629
3.455633	3.688387	8.609464
3.253645	3.769728	8.299531
5.439828	5.173863	5.002008
3.688993	4.687632	3.276250
4.784689	6.493703	7.517174
5.156062	6.182187	4.609882
4.406913	4.224017	8.712443
4.351434	3.721039	3.819309
4.061711	3.671735	8.409229
4.043276	6.205645	3.947327
3.812348	4.917359	3.475787
3.970895	3.937957	6.404130
4.478123	4.774614	8.106331
4.560098	6.011616	8.221957
4.148652	3.475427	4.973675
2.836617	4.763314	6.814643
2.689115	4.845257	6.093913
3.426369	4.831433	3.819760
4.992670	5.892858	7.280293
4.355688	4.193501	8.545731
3.878560	5.253772	8.697905
3.285485	5.046136	7.470587
4.027389	4.073908	8.006530
5.239485	6.059176	4.036780
2.358042	3.834927	7.740182
4.948069	6.443092	6.343684
4.151794	4.888142	3.325150
3.145841	5.288533	8.647438
3.571922	6.248700	8.113765
3.188000	3.538811	7.874608
2.710299	3.775888	5.605220
4.738785	6.888668	7.237104
4.798882	5.454139	8.285362
4.833408	4.104931	4.460025
3.442862	3.129945	5.442045
3.313232	3.532728	7.776684
3.571046	4.421171	8.285526
4.368557	6.386565	8.372570
4.214527	3.598107	6.052918
3.810151	4.923806	8.485309
4.234558	5.052919	2.584807
3.862530	4.841870	3.405084
3.578965	5.034813	8.876681
4.909262	5.953465	4.032513
4.212867	4.461775	7.973542
3.609422	5.464923	8.056198
4.337228	6.371952	4.611659
3.804193	5.583919	3.366316
3.054284	3.992101	3.878079
2.804273	3.313084	6.654901
3.745362	5.231077	2.610946
3.270265	5.183077	3.399047
4.935555	5.746667	7.862678
2.518084	5.100472	5.769286
3.913886	4.618889	8.903722
3.422255	5.192232	8.494225
3.239008	4.610593	3.078563
3.937964	3.974399	7.907078
3.231100	5.066343	4.037511
4.361241	4.346923	3.371405
3.762624	5.347169	7.771795
3.731821	5.284069	8.984860
4.920308	4.278956	4.264891
3.640748	6.738024	5.420074
3.202837	4.138925	8.275908
3.891427	4.962280	8.807496
3.517245	3.787452	4.691329
4.304453	5.759651	7.912491
3.798775	5.700755	8.489436
3.632776	5.051038	9.272357
4.263977	5.716363	8.209189
4.114548	6.271869	8.663944
3.255851	4.702559	4.809747
4.083084	5.394302	8.830700
5.421365	5.983864	5.464008
5.645251	5.879742	6.495997
3.681750	2.919265	7.574408
5.476172	5.779669	5.447828
4.996049	5.800303	4.479547
2.487144	4.362821	4.950835
4.614283	5.177838	5.761242
4.625658	7.000416	5.667643
4.108546	3.704803	7.790022
4.309645	4.389851	6.765786
3.016356	4.786201	6.962941
3.661218	5.582469	5.728221
3.815764	5.799451	4.237642
3.720716	5.410708	2.730914
3.228680	6.334228	5.811779
4.045490	4.530067	8.853797
4.282215	5.311022	8.940861
3.380510	5.693850	5.514115
5.053309	5.653813	7.194391
3.513548	3.707015	3.934354
5.318540	4.263464	5.023702
4.567542	6.163722	3.797711
4.010349	5.005238	2.674714
3.478762	3.296204	6.556325
3.082637	6.106679	7.145938
4.901238	4.589204	8.223931
4.450342	5.113469	2.383315
4.264000	3.907557	6.445498
4.727414	5.135631	9.156940
4.149808	4.957775	2.803228
3.188751	3.189171	4.917325
5.641418	6.638893	6.030998
3.363032	4.219940	9.085198
4.193235	4.202662	3.291136
4.164024	5.927615	7.259516
4.710076	4.866045	3.552804
4.635974	5.779314	3.404194
4.611643	4.935306	3.741420
4.304072	5.396353	2.553905
4.748141	6.074927	5.267157
4.198623	5.133214	8.612585
3.932016	4.114237	7.296241
4.216906	5.290450	3.386158
4.166744	5.985170	8.702422
3.582950	4.734342	4.120388
4.190183	5.234806	9.246859
4.461474	6.413025	3.811689
4.031464	3.262839	6.297503
4.673124	4.734727	3.809958
3.770747	5.046720	9.198418
4.826236	4.766444	3.113215
4.631734	6.173120	7.816254
5.340353	5.485079	5.737676
4.215916	5.686169	3.449898
3.948661	5.423595	9.161320
4.869201	6.228286	8.206219
4.027785	4.099604	3.072042
5.249241	5.471144	5.683128
3.871208	3.637686	5.280109
4.127639	4.832828	3.309475
4.496785	5.204372	3.412901
3.185743	3.210103	5.548467
3.697527	3.553357	5.482495
3.769793	5.207304	8.930818
3.239892	5.869098	6.703740
4.184914	4.063184	7.950572
4.059308	5.174906	3.424457
3.691358	4.547546	3.245376
4.437820	6.351032	5.380467
4.359876	4.783020	2.957055
4.297417	4.856953	3.177845
2.820131	4.192146	7.424466
3.785166	5.388949	3.234452
3.594268	4.791729	9.571454
3.691405	6.015092	6.797464
3.024655	5.563292	4.721308
3.601709	5.154782	3.226623
3.493778	6.407781	6.134924
3.565628	6.032351	6.485880
3.908010	4.865856	2.774893
2.511667	3.769485	6.868777
4.922208	4.644139	6.058089
4.289441	3.530977	4.212628
3.735998	5.119249	2.960286
2.888730	3.955098	3.904305
3.932155	5.564132	3.788726
4.566505	4.690262	3.902463
4.144578	5.028463	3.072164
3.937191	5.295976	3.136425
4.693201	4.853082	7.617470
4.008012	4.729527	8.998095
3.500931	4.234190	8.376898
2.386730	4.065278	6.036472
3.414673	5.938689	7.331669
5.032788	4.790283	5.334381
4.126406	5.369438	9.253956
4.838198	6.514812	7.071443
5.152209	5.762607	7.480697
4.148327	5.264108	9.360861
2.814352	3.739995	7.896118
3.842519	5.596743	3.697486
3.805827	3.274703	5.477855
4.149351	4.907104	9.478530
2.868736	4.867363	6.424384
4.097212	5.663867	8.584134
4.576939	4.391995	6.786231
3.451228	5.188085	9.290321
5.224927	5.798805	6.306303
4.076774	4.938417	3.139431
4.800235	4.997934	8.345581
5.231437	6.077350	6.839193
3.839905	5.127642	8.476025
4.293899	4.628755	8.376241
4.222532	6.187191	3.338520
3.636493	4.808018	3.165424
3.419675	4.919245	6.979190
5.187951	7.138728	5.556371
4.817755	6.549817	4.744900
4.162772	4.373412	8.311198
2.611398	3.162888	6.633413
3.865476	3.692682	7.625818
3.374353	4.050242	3.926319
3.788236	5.288116	2.998047
4.804650	5.287941	4.209880
4.350136	5.943332	8.946436
3.858174	5.278640	8.714620
2.580786	4.237742	7.847085
4.085871	3.990531	7.620003
3.410631	5.228998	2.762927
3.514794	5.365843	2.996878
3.723664	4.747326	9.104251
3.285009	5.660108	4.347060
4.718195	5.576780	3.315044
3.576579	4.916557	3.192910
4.846923	5.598335	8.726525
5.100078	6.594804	7.403873
2.775184	4.196540	5.212070
2.640377	4.657173	4.448114
3.531071	4.827037	8.657305
4.433478	6.607959	8.224956
4.464579	5.104430	3.615908
4.410856	4.291705	2.768110
3.680252	5.172099	2.793782
2.520746	3.852032	4.233735
3.968089	4.505625	3.381019
4.227048	5.470932	8.919109
4.366074	6.527485	3.960670
5.313844	6.018501	5.714874
4.316280	5.859011	2.962590
4.226280	5.247121	8.753700
4.614048	7.169546	4.507670
4.583342	6.282623	4.076293
2.950304	5.284767	7.807267
3.844677	3.863141	3.784366
4.147630	4.436873	2.766278
3.146032	3.791723	4.254156
3.649693	6.423561	5.531491
3.736685	5.167319	9.111047
4.296275	5.276740	2.938564
3.909813	4.906285	3.076920
3.471520	3.607122	4.455219
4.838493	4.314113	5.226415
3.438184	5.040444	3.587840
3.802169	5.600243	3.617763
3.658534	5.967157	5.857416
4.471906	4.141187	4.577509
4.330392	6.545033	6.226395
4.233236	5.187437	8.864490
3.619567	3.880618	3.322644
4.086746	4.837836	2.860694
4.170223	4.625009	9.566127
4.042520	5.183382	3.083198
4.495053	5.031793	9.023664
3.651060	3.767097	3.083290
5.243761	6.561613	5.715993
4.060307	6.184760	4.457354
4.335022	6.396465	4.070809
3.914150	5.948411	9.026223
3.923484	6.047108	8.186159
2.895849	4.174039	3.117327
4.358926	4.621090	9.041538
2.898949	4.361046	7.106880
4.182284	3.709517	4.462064
3.825825	4.788542	3.103839
4.168426	4.781850	8.715902
4.750423	5.044844	4.414189
3.364937	4.222615	8.182248
3.836274	4.810758	3.640969
5.040006	5.237131	7.355319
4.484050	4.880355	3.027856
3.569474	4.679600	8.962948
4.168750	3.510149	4.865091
4.394091	5.609457	8.780253
3.717422	4.386839	8.696088
4.879580	5.372313	3.658268
5.617140	6.585719	5.570981
3.923709	6.023850	4.517648
4.852678	6.538082	4.581627
4.252881	6.892540	6.074148
5.119302	6.657952	7.268042
4.552169	4.680441	3.167432
3.759528	4.958842	3.086551
4.234972	5.038900	8.857369
3.852866	4.587455	3.107139
3.320719	5.206948	4.315852
3.712628	4.640520	8.908234
3.222339	3.647098	7.526647
3.418847	4.101178	3.547653
3.873633	4.386088	8.626027
4.774993	4.878877	7.355265
4.622024	6.995300	4.668053
4.708614	4.183668	7.519303
6.094688	1.642854	9.759773
0.467916	8.310749	8.356979
7.889651	6.556824	3.956523
2.168292	5.427772	6.544125
0.494444	3.850649	9.784846
3.835395	7.485264	9.414220
0.095868	5.625319	6.524177
4.608088	6.750140	7.757114
0.927111	8.341801	4.038487
4.703466	7.556009	3.202829
1.987707	2.662945	9.774721
7.301993	2.813802	7.884621
4.969384	7.339211	5.092059
7.520447	4.686364	3.066135
7.934422	6.389448	8.106003
3.370031	2.740264	3.536137
2.405411	7.936834	7.727440
4.301315	5.928515	7.916032
3.210802	6.299492	8.091237
1.499226	2.121381	2.974989
3.675421	5.765019	7.680573
7.230018	1.351822	4.734922
6.516395	5.331909	3.698841
7.878519	3.690471	4.387176
4.318713	8.201890	5.228363
2.688228	1.268909	4.772114
6.055630	7.033089	3.463868
0.678974	7.905925	6.408115
3.883764	2.362059	6.286796
4.827385	5.913362	8.047934
0.323804	7.962874	2.191930
4.524518	2.800496	8.385153
7.161755	3.478873	9.268401
4.538290	4.291430	9.153531
7.402141	3.795267	6.239820
6.620880	3.084346	6.770016
1.046976	3.221936	4.393914
5.958539	4.246741	5.145780
5.035856	2.097286	8.841387
1.327537	1.185326	7.062551
3.742245	3.359008	4.121239
2.806189	7.713857	8.481436
7.181596	6.071127	7.317206
6.196883	4.112438	9.837170
0.330884	8.260190	8.984825
3.070599	5.747934	4.830593
6.966964	1.977822	6.574749
4.363502	2.344211	2.471964
1.939065	2.588306	6.736146
7.118652	5.114159	5.144005
6.539097	3.202516	2.503170
4.179597	5.417655	4.266781
6.979808	5.034242	8.996235
1.202313	5.544821	4.434409
0.505831	2.268720	6.161190
4.011336	4.821843	9.619284
5.961553	8.905079	6.272654
1.856770	1.088970	6.881398
0.446775	4.106478	9.459926
7.178079	2.316722	2.064141
3.335992	4.707035	2.958736
4.059587	1.860069	9.015350
0.864179	8.575501	9.030450
3.097207	7.168723	6.295102
2.789301	1.955667	4.399621
6.770343	7.148128	5.878531
4.114009	5.773926	3.264695
3.877203	6.598135	9.346786
4.558976	5.510170	5.949601
5.218207	5.873468	2.008660
5.848293	4.312692	5.059911
7.849143	4.968063	3.020206
0.091437	8.866119	3.464949
5.803429	7.051506	9.075720
2.520111	7.587451	8.962101
7.549080	1.152637	7.049333
1.074985	4.224566	3.134005
2.152413	5.590367	7.524693
3.588655	4.864036	9.405737
5.313312	7.019104	2.372244
7.928047	8.929184	8.186487
7.481830	8.281393	9.136545
4.395283	5.070626	7.230472
7.217006	8.836194	3.125326
3.101218	7.241409	6.152071
2.588354	6.868149	8.664914
2.227647	4.305002	5.693867
5.012749	4.635639	6.098000
7.915841	2.865219	6.150008
0.660989	1.282985	8.639333
4.147216	6.948639	9.014565
6.878426	3.768654	6.409937
4.330946	7.308426	2.411191
7.482775	2.790000	6.971707
2.001410	1.077497	5.669633
5.373936	1.557200	6.960720
0.269324	1.140133	2.621935
6.634145	5.705385	6.796247
3.379976	5.488620	5.052837
6.795917	8.392168	2.367566
6.386823	2.881360	8.573866
1.061238	6.277843	4.831969
1.962293	8.560739	6.989653
7.088148	6.438347	8.527807
6.626688	7.304880	6.106899
2.597094	7.935393	7.580685
7.834443	7.466101	3.517321
7.796703	7.222317	5.089972
7.407597	1.447013	9.827607
7.391264	7.989563	8.006597
4.901985	3.825962	3.139017
2.103442	5.637384	8.702435
0.969791	3.162473	6.231496
7.043874	6.170186	9.112474
0.188262	3.366809	9.464219
3.719147	3.211856	3.956711
2.848215	5.176262	5.528586
0.863732	7.709641	4.341725
0.718547	2.275038	4.330955
0.687711	2.979736	9.497915
5.189322	8.830648	8.227924
0.469182	8.800251	6.332651
2.828158	7.847354	9.281247
7.789354	3.860276	4.924728
3.196132	7.532055	8.584800
3.103774	2.918864	4.223663
7.242375	7.869362	4.824999
5.267047	5.612116	8.933243
0.536484	1.500334	8.140595
4.919599	6.249752	8.804426
2.746904	6.618560	3.129637
7.208191	7.774552	8.524772
4.157326	6.324926	7.360512
6.276773	1.081801	4.715751
5.073528	2.727796	4.385581
4.532215	7.998211	3.463279
7.386125	6.260356	2.113895
2.279107	2.745093	7.342468
2.576522	4.482459	8.545724
2.856780	8.449583	6.191568
0.594925	6.135817	9.230589
2.632936	1.943580	9.440763
1.837855	3.972432	4.329602
3.719313	8.548790	4.071738
2.273451	1.182948	3.104547
2.505303	6.478976	5.800142
6.359771	2.594433	5.233852
5.543636	1.283256	6.268347
6.688529	8.242888	9.360147
7.087470	7.294210	2.487857
2.238267	5.502374	2.853856
4.026312	6.736803	9.307722
1.856473	6.220608	4.322065
1.902231	4.798695	6.047335
6.023200	3.327138	3.470075
5.477423	1.625002	6.014540
3.307664	8.162819	6.203736
2.101162	7.984066	4.600353
2.043015	7.241663	7.002971
2.616768	2.039701	8.966581
0.049766	1.816211	2.102917
0.570173	4.990675	6.812018
1.277265	1.606022	9.508537
2.777601	6.085574	2.120047
1.190260	3.836205	5.783462
3.744359	6.381317	2.848102
2.477577	1.461980	5.517826
2.337793	3.920230	7.477473
5.066658	1.797872	8.581873
7.412693	4.004212	4.981109
5.061193	3.468955	5.681972
7.939662	7.230209	5.837416
6.625207	1.871879	8.528016
3.943850	5.482424	3.037509
3.037731	4.827561	7.784268
7.244085	3.738407	3.856690
0.978679	5.055204	5.588436
5.524689	5.372487	6.688164
3.937520	1.494409	4.012898
6.490040	7.251260	5.954674
2.329413	8.162421	5.241813
4.902546	2.818079	4.770595
7.767556	1.229396	7.983133
1.466346	6.461243	9.806731
3.744397	4.616901	9.777805
4.942876	6.860182	3.779113
5.869153	1.139163	4.545724
5.320463	7.888019	6.116012
7.988411	7.284258	7.290852
7.473229	6.907733	4.690525
0.920935	6.386580	8.359378
2.235492	5.663889	8.054853
7.136361	6.221118	9.201525
7.542653	5.203144	4.377616
0.298933	8.399005	7.508996
7.309874	4.055996	8.753505
5.916842	7.823879	8.167279
1.265619	6.989766	9.911205
0.720056	1.347924	2.617744
4.238178	4.966208	7.305488
