5.295149	6.736067	6.197370
4.044355	5.239258	3.359703
4.477798	7.031399	7.144475
3.439038	4.683524	4.018626
3.136857	5.291421	8.892162
4.113949	3.935697	8.216825
4.109477	5.231100	9.006010
3.205709	5.915188	5.014954
3.649104	5.874803	4.185283
4.786264	4.489612	4.036105
3.761284	6.285730	3.674138
3.155367	4.785366	8.607411
3.912608	4.907976	2.849447
5.457963	6.494248	4.872431
3.616195	4.759322	2.751635
3.582197	4.554579	3.173494
3.246501	4.893091	3.874039
3.089502	5.953886	5.913797
4.818249	6.622226	8.277457
4.729299	5.126882	3.243525
4.392121	6.213312	3.747120
3.606868	4.580068	3.149067
4.823654	4.075628	6.748775
4.079988	5.244831	2.712967
3.193755	5.187589	3.329671
5.257737	5.300067	7.173472
4.066350	5.874724	8.381939
4.252504	6.451437	6.655483
2.587804	4.163720	5.595460
4.924130	4.682065	5.768427
5.016502	4.890094	4.763589
4.266454	6.688863	4.520467
3.048780	4.418165	3.756144
5.001302	6.384923	7.204171
2.949053	5.687358	6.604121
5.079439	6.814553	5.645830
4.222351	4.789999	8.914854
3.817976	5.538558	3.303583
3.100897	4.218540	4.346003
5.207103	6.310513	7.007060
4.533791	5.221202	8.562977
3.963181	5.420036	8.920047
4.483732	4.982859	3.339491
5.027845	4.798854	3.019284
3.640074	5.173413	3.301239
3.406796	5.464334	8.304337
4.899110	5.247738	5.938881
3.071251	3.912379	3.327297
4.268789	5.085755	3.272780
5.186775	6.204983	6.136545
3.075901	3.338217	5.121587
5.031213	5.654079	8.909079
2.842719	5.324975	6.115913
3.714876	4.752057	3.234612
3.960291	5.359399	3.331036
3.015342	3.123069	6.113611
3.730917	3.923707	3.875560
4.804774	4.129343	7.371113
2.456528	4.536613	5.120041
2.978622	4.345678	7.098490
3.667398	4.835604	9.272081
3.364320	4.952760	8.737131
4.660357	6.218008	7.688238
4.391583	4.544001	8.702751
5.420963	6.286963	4.599959
2.940365	4.525857	3.880009
3.973830	4.792558	2.902756
4.041668	4.417572	3.396326
2.864935	3.005289	6.773719
3.365634	5.109247	8.911507
3.537906	3.978946	6.847429
3.905902	4.725499	3.147584
2.988939	4.216754	4.601393
2.892674	5.102214	7.174298
4.762817	6.214445	8.373790
4.350352	4.834763	9.075504
4.365254	5.060492	3.110699
3.308051	4.432723	3.688828
3.968526	3.725020	5.254858
2.923222	4.437762	8.709180
3.589159	4.942947	3.206979
5.182374	6.450025	6.693023
5.549702	5.340396	5.249509
3.768234	4.416018	3.766348
4.139414	4.990623	9.261337
3.782039	5.439837	3.045449
2.582480	3.858279	7.175198
3.108640	3.848077	7.317231
3.978827	4.008264	6.893778
4.007547	5.417294	2.465341
3.819508	6.667793	4.952992
2.866375	4.307024	7.745729
4.127315	5.323009	8.761415
3.659487	6.457490	5.641475
3.631986	5.087783	2.816613
3.780099	5.146982	2.943434
3.268740	3.617632	7.711802
5.388234	4.747714	7.854820
3.868369	5.433837	3.313190
4.874606	6.372580	6.430330
4.506731	6.712322	7.080020
3.483903	4.719035	8.896899
4.228295	4.889944	9.345586
3.908411	3.941420	6.330205
4.649062	5.273364	9.003862
4.579588	5.011760	3.088412
4.669835	5.778687	3.726572
3.141964	5.674772	4.272633
3.124196	4.554465	7.502260
3.407596	5.739199	7.003308
4.764170	4.979351	8.091606
3.136981	3.399976	4.957806
3.631181	4.718495	8.736573
3.826973	3.748675	3.625516
4.853754	6.659167	4.524743
3.606050	4.597257	8.813147
3.253382	2.968067	5.623829
4.546546	4.676691	7.916701
4.441906	6.796964	6.202495
4.596444	5.140000	3.714543
3.224217	5.193681	6.138509
4.525714	4.254139	5.303486
4.633945	5.373660	3.317482
3.789340	3.236543	6.170407
2.673452	3.802971	5.380924
3.396794	2.858518	4.609213
3.723621	4.619234	8.252011
4.153477	5.071553	2.953473
5.017928	4.477064	6.015867
4.094751	4.572629	3.126127
4.050437	5.230130	8.702666
5.023908	6.347421	7.503489
4.442902	3.992530	5.096451
2.698893	3.770672	3.970044
3.743288	4.244872	8.805231
4.506883	4.832132	8.329840
4.380296	5.824182	3.682340
3.898387	5.007700	3.708792
2.709432	3.323818	5.807216
4.083286	5.073972	8.636062
3.053716	5.369473	5.350663
5.044269	5.371388	5.898176
3.339655	3.646041	7.244246
2.895493	3.819965	6.154268
3.627616	5.233996	7.735327
5.260098	5.470016	3.941300
4.014905	5.083746	8.973054
3.911182	6.419462	8.154892
3.573338	4.474218	8.427887
4.242453	6.144665	3.652197
5.267818	5.977784	3.868979
5.067444	7.095882	5.517039
3.400185	3.701602	7.681688
4.390926	5.308483	8.187602
4.860517	5.586996	3.754098
3.917913	5.220471	2.989559
2.746259	4.888995	4.302485
4.397525	5.689417	8.749475
3.474918	5.372112	3.721945
2.811311	4.720168	8.126104
4.032521	6.079895	6.929700
4.844317	6.178662	5.997996
4.886498	4.792234	8.441535
4.227332	5.394297	8.865337
4.743486	5.163546	3.636963
4.389826	5.641175	3.307357
4.659084	4.831750	4.947946
4.379543	4.900734	8.838640
4.526531	4.585585	9.146970
4.118669	4.123711	6.083915
3.816393	4.263351	3.701373
4.783235	5.651867	6.696775
4.686609	4.274527	5.124811
3.934856	3.185341	5.080625
5.536863	6.432304	5.952006
4.966372	5.671193	7.914327
4.980416	6.820790	6.332615
4.950255	5.720786	3.825921
2.625527	4.287484	6.134707
2.455959	4.773943	6.668803
3.268114	3.992196	8.015994
4.443807	6.050196	8.088922
5.089265	5.990406	4.879649
3.687104	3.768677	4.265913
3.759082	6.448710	6.204249
3.362729	5.799268	7.714551
4.400797	4.375782	9.007990
3.934408	4.198423	8.468373
3.859468	4.760929	2.915910
4.483060	6.166563	3.304243
4.062438	5.017350	3.208584
3.321570	3.743999	7.543712
4.347357	6.069482	4.153334
3.635868	6.020523	7.667591
3.841920	5.552393	8.368339
4.200664	4.570669	8.873259
3.462207	5.122522	5.155308
4.087845	5.065684	2.653510
3.100425	5.775361	8.561024
4.558591	4.979230	8.286793
4.819052	4.509236	4.735521
3.509568	5.451287	2.984692
4.189675	5.343686	8.608746
4.513069	4.337549	8.151819
5.104448	5.173543	6.887164
2.939918	3.989091	7.763786
3.560209	4.108302	8.119285
3.410737	4.516713	3.888546
3.672413	4.330393	8.647222
5.035667	5.432112	4.257671
3.187889	4.352910	3.846078
4.440165	4.449158	8.329564
3.518648	3.429982	4.603574
5.339589	5.710746	5.996594
4.821805	6.172995	7.726169
5.089251	5.103339	7.929272
3.924709	4.185563	3.668208
4.898557	4.689654	8.284120
3.790529	4.091903	8.109125
4.921749	5.346685	4.021782
3.771327	5.799337	5.133566
2.645281	4.012637	6.097321
3.560844	5.671440	3.899601
4.063186	4.941123	2.901820
5.085110	6.249026	4.032817
3.758832	5.505386	3.210802
5.252947	5.440844	6.186443
2.690383	4.571919	6.433783
3.273820	4.194316	7.797199
4.406202	5.182310	8.373838
2.849800	2.908934	4.977863
4.124938	5.548626	9.061247
2.902591	4.002296	3.063520
5.352623	5.991882	4.998871
4.578206	6.176838	4.253823
4.895890	6.517863	4.788155
3.896115	3.738261	3.913486
3.938006	5.418945	8.507004
3.742251	4.643200	3.241498
4.498958	4.778757	3.282159
4.109582	3.850181	5.083644
4.364000	5.923688	3.170894
4.556437	4.006477	5.108291
3.085846	3.462588	4.944744
3.216848	5.677757	4.184855
5.281452	5.207230	7.515823
3.360698	4.247444	8.491098
4.807778	5.884239	4.558587
3.272697	4.096258	3.595076
3.850274	5.372053	2.937520
3.346996	3.269050	6.603069
3.743927	4.771484	3.077413
4.809921	4.081636	7.705593
3.596387	5.321994	2.982481
4.318433	5.992831	3.342276
4.530562	5.069394	9.106312
5.275945	6.343375	4.961524
3.469199	3.635297	4.737520
3.767209	4.233211	2.759313
3.917379	5.074192	8.966418
2.874052	4.346906	6.447699
3.112472	4.277322	4.710871
3.634813	5.066886	8.423611
3.254584	4.262697	2.868193
4.196628	5.007296	2.688959
3.330517	4.245695	3.548601
4.612276	6.193058	8.328198
3.564269	5.472213	4.583781
4.144534	4.327462	3.804068
3.719764	3.280842	6.627638
4.807892	7.325442	5.009830
3.834369	4.980157	8.624025
2.757196	3.609047	6.845446
4.222711	6.674325	5.400027
4.294906	4.188816	4.187541
4.395253	6.524200	8.067184
3.238403	4.482985	3.248547
4.208096	6.158971	7.670158
4.611624	4.729938	3.950846
4.915865	6.734810	6.064912
4.946238	6.795174	5.233515
5.621793	6.133160	3.327663
3.647717	4.805444	3.084565
3.713140	5.546662	2.843607
3.216404	3.088583	6.375965
2.968727	3.368582	5.543926
4.717042	4.665704	6.693405
3.846966	4.366297	3.744393
4.403952	6.537433	4.210851
4.070578	3.342203	7.005293
3.532684	5.608206	6.435280
3.924638	5.557274	3.024073
3.715482	4.630577	3.182408
4.182260	4.687762	2.797647
4.144713	4.529126	8.939506
3.388419	4.448252	8.649222
5.074052	4.339721	6.287708
3.156553	3.335659	7.178094
4.855529	3.951592	6.113162
5.062857	5.743207	4.383402
3.025865	3.756253	3.676806
4.903265	5.815790	5.338820
4.426594	5.308429	2.960327
3.461074	5.373779	3.128112
4.800262	4.131746	6.549649
3.797001	5.793906	4.023335
2.805926	4.085284	4.293582
3.674889	6.149834	6.593509
3.410503	4.996974	3.442574
3.809290	5.070468	2.743489
4.671022	4.758167	8.956259
4.836595	3.793906	6.170804
4.016322	5.639210	8.677791
3.580798	5.256252	4.558040
5.452877	6.628454	6.398027
4.210847	5.433703	8.864630
4.067256	4.081279	7.313661
4.228279	5.114763	8.901073
4.922762	5.994597	2.919275
3.950721	4.701964	8.562967
3.652107	5.511811	4.291524
3.100105	5.171148	7.933846
4.556728	5.946862	3.277563
2.770476	3.575721	4.911887
3.472724	4.163437	8.603764
4.068589	4.681341	3.141509
3.770728	5.849177	4.301772
3.629716	3.843900	8.010261
3.726356	5.022329	3.251991
3.822584	4.791525	2.905293
4.769209	6.429803	7.890197
5.031101	6.394976	4.063678
3.946619	6.595123	7.359830
4.221529	5.161567	8.992019
4.585556	4.242719	4.207633
3.193367	4.499943	3.076745
5.547846	5.588031	4.840567
3.851345	5.470568	9.432335
2.986995	5.016248	8.344172
3.500778	3.867679	6.648095
3.555338	4.856511	8.630843
4.722696	4.240987	5.790951
4.112151	4.869481	9.030014
3.973834	4.754695	3.045094
3.676997	5.770622	8.332286
3.833803	4.674882	3.276085
3.578638	5.554160	8.197008
2.479763	4.548543	5.138935
4.196510	5.340305	3.129807
3.815915	5.226693	8.845830
3.534722	4.904467	8.099612
3.827622	4.198687	8.856785
4.747221	4.578349	8.399362
5.065935	6.888168	5.579533
4.385855	6.414086	8.317706
3.317200	5.187853	8.189661
4.201446	5.216536	8.903302
3.170512	5.058361	7.500250
4.506249	5.858686	8.481652
3.297807	3.439847	7.058759
3.658267	5.078805	2.907092
3.609280	4.114413	8.710994
4.256542	3.716016	7.638951
5.070169	6.145395	7.773803
4.242191	5.510929	8.778672
3.233515	3.831483	8.650014
5.240274	5.902625	4.779450
2.849906	4.511010	4.671676
3.519667	5.123887	2.873546
4.124762	3.586280	5.796546
4.722510	4.495462	3.314398
3.767276	4.559168	9.031007
4.973294	5.919314	7.467541
3.331117	3.831641	6.640204
4.146124	4.514859	8.523962
4.185877	3.025713	5.580601
4.499318	3.513210	4.687947
3.684515	3.988947	8.719207
3.840148	5.201185	9.386868
4.061738	5.831230	8.266229
3.979667	3.791114	3.744408
3.080635	4.964713	7.386254
4.319948	4.825786	8.823265
3.953671	4.270942	8.271426
2.813882	4.769134	5.983781
4.680306	4.731033	3.296121
4.371533	6.516669	4.272622
4.662101	5.380807	3.153525
3.395872	5.993832	6.015653
3.008204	3.713005	4.857418
3.796558	4.867122	2.967393
5.022148	5.896649	6.042303
3.608632	5.265848	8.816369
4.409535	5.043778	3.479328
4.125168	5.858288	8.751998
4.602475	5.360546	4.100225
3.290960	5.461673	4.043685
2.953272	5.004111	4.412650
4.304124	5.000071	3.262349
5.063011	6.557905	7.258223
5.055868	5.208763	6.911358
2.644840	4.261052	5.586222
4.052143	6.800114	7.608607
4.967687	5.245761	8.611822
4.901316	5.504823	7.879627
4.643610	5.856257	9.139851
3.571023	5.309461	3.348884
5.479441	6.357756	7.735477
2.546801	4.366552	7.581523
3.020939	4.777575	6.213703
3.306652	5.344896	8.699773
3.895606	4.210300	2.705214
3.352315	5.544906	5.005641
3.700838	6.141741	7.054161
2.384294	4.566389	7.392914
4.297880	6.424998	6.883284
3.565911	4.653232	8.398109
4.542646	6.114770	4.642817
2.709422	3.644020	6.743675
3.678153	6.289733	4.817005
3.415353	4.856730	7.698838
4.207816	4.183254	7.946215
2.420668	4.215854	4.102804
3.273663	4.344120	3.895539
3.029078	3.541404	3.866762
4.405949	5.850815	3.354703
4.316571	4.017906	7.926362
3.405697	3.632479	8.131072
3.572787	5.080709	8.583719
2.980396	5.372932	4.747774
4.058932	6.045427	8.453257
4.133235	6.403965	5.845004
3.760127	4.853543	3.059080
3.227338	4.502224	3.065854
3.183241	3.583774	8.440942
3.995973	4.456612	8.598936
4.082916	3.587625	5.603352
4.278178	4.933957	2.526390
4.142306	5.408136	9.030280
4.879667	6.455151	5.940198
3.734450	5.727953	8.263408
4.194074	5.677136	3.800738
4.086479	3.933154	3.984676
4.456864	5.018199	2.938999
4.091520	5.354764	9.385599
3.327050	5.198190	9.187524
4.884736	5.196710	3.448969
5.240798	6.056528	6.998466
3.840822	5.006612	8.706965
3.033136	3.331467	7.306469
4.470824	3.658427	6.914858
3.028955	5.752540	6.047673
3.953957	4.718933	3.353660
4.237096	6.062552	3.267084
3.532598	3.940814	4.045316
4.557719	6.031816	3.920660
4.292213	4.749465	9.102403
4.468994	5.253803	3.041828
3.298238	3.539004	4.492025
2.900266	3.941631	7.659485
2.803805	3.025124	8.057617
3.539671	4.688093	8.934399
2.883814	5.056244	6.586082
4.070071	7.129685	4.967348
3.756886	4.641071	3.096587
4.399762	4.209043	6.918647
4.834163	6.615024	5.532172
4.019220	4.733862	8.889261
4.092512	5.187476	3.077753
3.729674	4.693393	9.205686
4.996114	5.191214	3.806737
2.706233	4.938797	5.582028
5.246748	6.155282	7.248550
3.415936	3.574834	3.959132
2.948929	3.740691	4.369908
4.392182	5.386966	3.221022
4.890472	6.497107	8.263016
4.270260	5.364162	3.184450
4.437286	4.243179	8.581200
3.259160	5.721002	5.484533
3.901824	5.806622	3.964620
3.964229	4.965210	9.010707
3.432645	5.039336	3.861029
4.096467	4.945884	2.712258
4.777718	5.617294	8.470876
4.924846	4.528310	8.005683
4.333666	5.168610	8.044517
3.200177	6.080650	7.480049
4.356985	6.008966	7.885559
4.198124	5.755085	2.845407
2.925717	3.863708	7.899826
4.630172	6.506186	7.243817
4.452373	4.025374	8.487232
3.380930	4.636390	2.906729
3.646158	4.501164	3.091067
4.550223	6.613025	6.702318
5.329167	4.768215	5.485237
4.018261	5.233354	7.602507
3.807627	4.689810	2.962483
3.551225	6.715974	5.246227
7.084484	6.746781	2.887711
7.414848	3.785096	3.318942
1.644068	1.774512	5.030539
4.611958	1.503865	4.869004
2.053443	6.468743	9.536350
5.574041	3.777100	8.380937
0.527093	2.475812	9.499513
6.462017	6.991499	4.605394
2.393670	2.319049	4.225807
1.700719	3.482999	4.329331
3.470236	5.157586	5.745040
2.104416	8.910911	4.354263
7.524431	6.907878	2.220237
2.008656	2.760556	9.828067
0.393392	7.833105	7.983164
2.283466	5.180424	3.111776
4.328305	7.012552	2.495191
4.407705	4.214126	9.293516
6.347425	2.802025	3.875428
4.330256	4.298537	2.374320
2.795008	4.272011	2.835162
4.169647	3.013836	6.273653
7.030573	6.934354	9.445632
5.947900	3.745027	3.750506
3.325144	4.414390	5.265691
0.941419	3.061734	4.708475
1.541806	8.325531	6.433754
1.643260	3.249422	6.962483
1.526210	6.268004	3.769167
0.473893	1.561250	5.707842
7.329607	2.371956	8.859432
7.127968	6.881221	7.083671
7.253078	3.664143	8.613332
7.104681	4.438253	4.521547
6.843087	1.427872	5.118001
3.480333	6.703052	3.941276
7.001644	7.596760	2.069807
3.445411	4.307516	6.402888
4.425100	1.690068	2.769934
5.788286	4.170131	8.529895
1.374883	1.529998	4.851176
6.296268	1.093214	5.033947
0.539865	2.548683	2.849519
5.927005	2.275229	7.478117
7.851476	5.408277	2.306272
1.189160	4.652739	7.595025
5.265017	7.740904	3.696165
0.148378	5.545853	2.264646
6.245955	2.910360	7.282579
4.991229	8.481244	8.246084
4.890354	6.561069	2.341088
7.449870	3.093540	9.236614
6.890632	1.626329	4.597244
3.971303	3.721915	5.159249
3.134066	7.446641	6.470409
4.414932	8.851761	9.609050
0.892688	5.057086	3.463815
4.112626	6.936421	4.502223
5.286197	7.355167	2.550757
6.327753	3.685916	2.814687
7.745914	6.691853	7.040241
7.672437	5.636087	6.016396
5.161090	3.792619	2.121223
7.607478	2.649363	2.923845
1.514699	7.213916	6.137742
1.294921	2.542403	4.391640
2.139493	7.583616	2.516997
2.354545	7.658557	4.337691
3.860866	2.254893	4.670759
3.178006	1.345180	2.704239
5.888749	8.866053	9.345561
6.459053	4.192833	7.519283
5.719141	6.034631	9.582866
1.941261	1.303062	9.215623
0.780180	7.649099	5.268232
0.724323	4.322702	3.428376
6.622790	2.191347	6.718299
7.259736	6.368848	9.034292
6.449492	6.734237	6.193471
4.069072	2.731553	9.524222
7.135171	1.531422	9.765372
7.267602	2.955684	6.993841
1.850704	7.977851	4.541413
2.243455	1.504656	5.770041
1.432567	5.518672	6.459943
2.985765	2.256340	6.296200
5.174810	7.600186	2.824931
0.012350	8.353373	3.705346
0.090476	3.842327	9.998494
1.679700	4.960578	4.569321
6.573700	4.954621	7.089254
4.381649	5.300094	3.218246
4.689746	1.015955	5.360305
4.896697	5.130880	6.578390
5.647692	2.106770	7.568881
1.803838	6.309854	9.711489
5.798821	6.459339	4.819743
5.623528	6.691030	8.107801
3.792296	4.111317	5.248842
7.186953	3.037106	6.452402
1.346658	5.673822	8.564825
5.021514	3.604155	6.797531
2.372841	5.422625	7.608687
2.643042	4.351432	6.456543
2.492356	8.317297	5.250312
5.111886	5.511876	9.565634
4.671085	8.651525	3.488563
3.170446	1.585532	4.638949
4.521833	3.987858	7.218672
1.141590	2.234585	7.449241
1.211420	8.394134	4.779703
7.049426	4.196657	5.774717
2.770692	4.895817	5.368306
2.353252	6.843114	3.960584
0.942537	2.890416	5.287075
4.818958	4.112841	2.581069
6.454393	4.144863	7.108192
6.578017	6.784891	2.002749
6.150377	7.660796	5.197130
1.363488	7.439196	7.240516
6.242550	5.894757	9.360506
4.651620	7.464136	8.697330
5.575802	2.163874	9.420416
7.636754	5.131205	9.097647
4.236208	6.068467	9.123405
1.854010	1.143214	5.432788
7.367868	7.291195	3.114147
1.720092	8.275243	4.027936
5.238302	5.301790	5.763981
1.886036	7.960277	8.152706
2.993096	7.612376	3.773533
6.517966	3.022567	5.495225
0.559830	7.075286	3.704942
0.044434	8.362008	3.926988
7.465432	1.878368	8.813874
5.099439	7.943467	6.389522
6.007368	3.238337	9.311790
3.986477	5.477309	7.017950
1.346396	6.179838	7.501765
2.474797	5.884702	9.158126
5.996248	2.801481	3.862385
5.415719	5.993821	6.426956
3.652857	3.606921	8.736059
0.044516	3.405098	7.453769
0.667780	8.654920	2.128981
6.483765	5.554000	8.291301
1.684677	6.375349	8.671945
3.259442	4.423182	8.978226
1.479239	3.456961	5.786919
4.857983	5.503541	5.117916
0.251420	4.055790	3.176034
6.594435	7.722417	2.246478
3.291008	6.909544	9.614735
4.220833	4.661707	2.720634
3.301307	8.736155	8.453582
4.657296	1.408500	7.709118
6.162389	1.433812	4.971228
0.673958	3.324960	3.473534
2.213168	1.612142	4.455046
0.030549	2.360057	2.550139
6.515381	3.830525	5.154535
3.425636	2.479950	3.878229
1.504815	4.297548	2.328088
5.662242	3.896847	5.232798
5.510595	1.200014	4.290226
5.013816	8.464081	9.805807
0.307707	2.954819	7.488076
3.704393	3.068309	6.407446
4.993395	5.605405	2.683602
2.536432	6.735259	5.561367
4.649075	5.846949	4.265837
7.778558	5.580995	9.711675
0.687656	2.023645	3.087010
4.157208	2.496354	3.444897
6.776533	8.841692	8.603919
2.979838	5.092766	8.981769
7.817616	7.849241	6.592647
1.191860	4.063968	8.820268
4.685642	1.910695	3.228096
2.300228	4.170667	5.427252
5.786451	8.332655	9.488401
6.310637	4.626273	6.037123
5.823534	3.402926	6.454728
2.091150	1.063823	5.135001
3.128034	7.378376	5.727913
6.222448	2.005592	6.510474
6.967707	5.905866	2.962617
7.668316	1.831160	9.122661
7.759111	2.600071	4.779504
7.397271	7.697024	7.300227
3.517660	8.737446	5.692881
5.185228	2.653638	3.017469
4.854030	8.859234	4.174219
6.782005	1.397992	5.868357
3.488194	8.196035	3.005137
7.835521	1.390428	8.695224
5.888295	5.854828	7.694923
7.629195	8.366585	2.394147
5.029269	2.904572	6.050543
3.767256	7.776774	5.185758
