4.303231	6.600078	7.658449
3.894355	4.903576	9.372986
4.086491	6.256032	3.494536
4.614429	5.272715	8.391950
2.883315	3.204846	5.500475
3.820782	4.996477	9.055503
2.766287	4.093645	5.812273
3.208481	4.653436	4.541792
3.071674	6.084896	6.823640
3.292003	3.509854	7.523614
3.597713	5.693656	4.230835
3.452939	3.817886	7.952506
4.687469	3.389322	5.863491
4.872127	4.988936	9.067129
4.942349	6.134724	4.047341
4.064389	4.861974	2.493507
2.641713	3.317838	6.201083
3.227652	3.353691	5.013717
4.157363	4.635417	3.296836
4.841282	5.642037	8.538098
4.794635	7.022576	5.058654
4.171743	4.945600	2.747358
3.685640	4.390546	8.563506
3.414266	4.614602	8.618843
3.345385	5.112192	7.418676
3.167778	3.433552	7.087190
4.136947	4.613457	9.289255
3.633356	4.899668	2.801022
4.098663	3.351169	7.575231
3.745325	5.334815	3.449395
2.836033	5.558174	5.866168
3.684380	5.542438	3.396813
3.357572	3.335792	4.102538
3.984836	5.379065	9.116305
2.649719	3.501483	6.956264
3.893581	3.401687	5.331216
3.982735	5.237569	8.927449
3.929547	4.149692	8.883661
3.300184	3.154211	7.763370
4.178018	6.084298	4.058020
3.322218	5.392866	7.520287
5.647065	6.116223	6.134054
4.537000	6.698912	5.871030
3.951410	5.754980	9.115051
4.524479	6.639703	6.505013
5.436928	6.075447	6.072242
3.848859	4.938014	3.633726
4.763937	6.482685	5.661797
4.118997	3.985254	6.593685
3.428017	5.079160	4.703603
3.486918	5.300078	8.120574
4.752034	6.438118	7.328945
4.146034	5.679876	8.871145
3.962903	4.838486	2.997227
3.517029	3.029420	7.269376
4.899430	4.975365	5.969443
3.988324	5.854894	3.540522
4.299395	3.840614	3.962028
4.453205	4.926527	8.802050
2.956300	4.940098	6.280971
3.963629	4.824614	3.379961
4.345310	5.558972	3.281255
3.818362	5.216456	3.065754
2.633899	4.528340	7.162849
3.276163	4.875621	3.672540
3.618635	6.688800	4.654950
3.530851	4.204049	3.122058
2.757858	4.042923	4.586122
4.646357	5.329551	7.419172
4.305899	5.294687	3.231950
5.389141	5.411757	5.820803
4.545164	5.453128	2.697544
4.405715	5.898883	8.963561
3.104890	4.568419	3.455697
4.707805	6.571822	4.114979
3.526179	5.490829	7.644343
4.146176	5.129230	9.244000
4.815716	3.933728	3.328565
3.306926	3.640666	8.828989
3.940118	3.692727	5.313917
4.102609	4.276953	3.645283
5.302329	6.161597	7.130837
4.187004	5.066678	9.103403
3.352818	6.140936	3.050013
2.991638	3.626961	6.015994
4.077923	6.237010	5.143661
3.506285	6.020091	5.735247
3.798756	4.900678	8.654955
5.483688	6.271430	6.499927
3.990052	4.665344	8.817717
4.556393	5.487238	3.274822
4.313391	5.651248	8.251793
4.695310	4.126811	7.716009
2.985338	3.349883	4.447768
4.281332	5.525867	2.974189
4.366322	6.467873	4.481021
3.972952	4.392828	3.048228
3.628286	6.103975	3.948092
5.244546	5.990582	4.659757
4.155093	6.259735	4.077659
4.804209	4.765654	6.420362
3.833374	5.884825	4.324956
3.769218	4.745126	8.856161
4.405048	5.227561	8.646691
4.421586	5.534856	3.425594
5.086798	4.383215	7.690732
3.727983	5.399182	3.457478
5.339165	5.347152	4.690424
4.046276	5.410720	3.191426
3.322291	6.174025	7.532502
3.951415	5.191465	8.421228
4.188971	4.865904	3.574543
3.883733	4.755281	8.965219
4.616088	4.381328	8.170586
3.379122	4.050448	4.330480
3.540826	3.882235	7.960731
2.498267	4.376139	5.754439
3.896755	5.946211	7.610399
4.483958	6.386906	8.257623
3.091879	3.931013	4.422181
4.980067	5.516276	4.216953
3.855130	6.369986	7.622684
4.860175	5.764837	3.480342
4.323090	4.969643	8.773009
3.975948	5.558765	9.258932
3.999629	5.033853	9.100831
4.096330	4.829549	3.496917
3.495345	4.814531	8.396920
3.275556	3.147795	5.203887
3.050046	4.332451	7.204613
4.681698	3.873234	4.986126
4.505533	5.751410	8.601942
4.764437	6.503998	7.159130
4.214450	4.750557	9.042811
4.495759	5.204802	3.094780
4.949549	6.735049	5.198286
5.446498	5.686202	5.082035
3.973973	4.261533	2.814121
4.802246	5.577148	8.403991
5.555083	6.521942	4.463060
3.364267	5.524229	4.102095
4.316799	5.328009	9.210931
4.371288	6.690879	4.411380
3.561380	5.350663	3.748538
4.400081	5.272532	8.844474
5.195851	4.492601	6.333998
3.013790	5.747353	4.583555
3.131025	5.443524	5.463847
3.440684	5.717479	5.474737
4.752671	6.677588	6.977199
4.437249	6.559521	5.931710
3.731960	4.810736	8.839022
4.079685	4.735317	2.609256
3.856087	4.313483	7.878969
3.259027	4.683711	5.161355
3.994422	6.023430	6.607201
5.484117	4.979923	6.260660
3.158919	3.184320	3.776295
3.301099	5.915498	4.694740
3.623587	3.585935	6.066287
3.209341	5.004638	3.289393
2.426753	4.059835	6.130033
4.340808	6.262165	4.271700
4.193487	4.062925	8.676069
3.184628	4.340178	8.384463
3.074946	5.388717	5.346369
4.952245	6.254795	4.489484
5.083504	6.086497	5.840236
4.815729	6.180538	7.295097
5.000619	6.240609	3.574669
2.823406	4.531327	8.117777
3.661836	3.196611	7.900640
4.385060	6.571814	5.138649
4.137556	4.988673	3.378270
5.319749	5.524228	7.908476
3.792026	4.502207	3.243984
4.481137	5.858797	7.776137
3.358820	4.541441	8.279204
4.856376	5.536879	4.322511
3.907279	5.685504	2.954362
4.515450	4.683989	3.373908
5.034634	4.624040	5.053489
3.626150	4.624633	9.006896
4.194774	6.030995	3.678112
2.884813	4.174322	7.282616
3.583245	5.244867	8.627874
4.808469	6.872456	5.343679
3.614728	4.921596	8.905944
3.192424	3.309911	4.802248
5.012448	5.602567	3.672360
2.883235	3.904269	3.852277
3.586986	4.939016	8.668387
4.405572	4.588472	4.561611
5.204333	5.167010	8.387857
3.456818	4.114789	3.065159
3.260720	5.954000	6.447739
4.606253	4.725109	6.865411
2.987417	4.952928	6.344267
4.256995	5.240659	3.333373
3.593612	5.626178	8.413433
3.822950	6.448036	5.975414
4.612934	6.691789	7.437877
4.117032	6.153318	8.402757
5.193084	6.117076	5.072735
3.959475	3.594468	4.498920
5.303172	4.834956	4.989900
3.752996	5.166042	8.026190
2.946246	4.658667	5.528679
4.428912	5.282120	3.270610
3.992743	5.678231	9.347230
4.890079	4.950030	4.080503
3.451971	4.007410	3.266710
5.201824	6.360939	6.239332
3.305970	4.037131	3.580562
5.382577	5.880829	4.696138
4.676713	4.489862	6.844921
4.477533	4.260187	9.000895
3.561691	3.478695	6.174552
4.234065	5.907291	8.884103
3.049830	3.436470	5.761498
3.043134	3.983031	8.317150
3.479361	5.575273	3.429739
4.094623	5.231681	8.912081
3.686603	3.600812	4.878802
2.999694	5.155696	8.297317
3.756914	4.406339	3.416423
3.070600	4.149915	7.376040
3.650069	5.340983	3.024351
2.309042	4.256742	6.342894
3.889398	4.636788	2.823416
4.113985	4.306059	8.522026
3.224981	4.015940	8.450491
4.230961	5.328689	2.918368
3.057243	5.039451	6.398648
3.713153	5.628413	9.164093
4.700222	3.784609	5.873017
3.514287	3.291609	7.747248
3.571421	5.603181	7.168257
4.885685	5.398276	6.702853
2.866493	3.198304	7.003446
4.112561	4.380082	3.296743
4.475122	3.839243	7.350401
3.861331	4.377196	8.724644
3.516460	6.204164	7.712718
2.713966	4.464353	3.995602
5.006817	6.224071	8.179812
3.305319	4.709805	2.905237
3.986195	4.244307	3.006250
4.170974	4.908801	3.060186
3.276381	4.754544	8.676166
3.065927	5.275993	6.760951
3.964615	4.533009	3.138020
4.536504	5.211126	3.064629
4.376984	3.828239	4.006011
2.718344	4.166839	7.166433
4.316411	5.060146	2.659348
5.202582	4.377432	7.150644
4.055906	4.412241	8.665072
2.960941	3.492523	6.788207
3.769971	3.363189	4.150931
3.168218	3.514140	7.122737
2.968248	4.892698	8.329397
2.540690	3.934314	4.379725
3.991422	5.516336	3.227170
5.077365	4.312452	5.749998
5.296998	5.184763	5.940926
4.285702	5.032791	8.627678
3.675886	5.656758	4.002973
3.780762	6.187992	5.260191
3.506251	4.246005	8.890482
4.182431	5.269699	2.960267
3.671817	6.239320	5.765893
3.896771	4.513638	9.153214
2.131919	3.772598	5.501976
3.642604	4.321266	8.430276
3.149054	3.837499	8.562506
3.676990	5.107613	8.591826
3.237720	5.617966	6.649883
4.179760	5.426962	3.312087
3.625483	3.404498	7.486970
4.496586	4.448182	8.706881
2.828300	3.882829	7.740401
5.587632	5.996190	4.115443
4.467772	4.306509	4.449092
4.924947	4.972749	7.360431
2.784798	3.687543	6.419445
3.804390	4.250091	8.767876
5.513481	4.777880	6.133536
4.705571	4.458915	4.791789
4.222264	5.318497	8.403811
4.523585	6.681508	7.728960
4.856163	4.827024	8.153564
5.425281	5.920139	4.389186
2.248668	4.113310	7.162195
3.463274	2.972524	5.854464
5.065888	5.616407	3.900491
3.611662	5.418270	3.339315
3.675503	4.584027	8.886290
3.273723	3.243555	6.516803
4.429396	4.936811	8.644690
4.067788	4.389747	2.995825
3.893304	5.128425	9.271080
2.810469	3.756237	8.335139
4.962247	6.530294	6.081465
3.898801	4.600388	3.470097
3.918137	4.819808	3.009361
3.067314	4.262703	8.418316
3.425062	5.024204	8.406456
5.142818	5.979170	5.037400
3.725904	5.782633	8.410562
4.058205	4.909295	2.787695
5.188262	6.922666	5.058767
3.364367	4.958554	8.797806
3.902246	4.889062	3.101965
4.195644	4.519076	3.216395
3.519629	4.727652	8.737157
5.178718	6.166723	4.252788
3.768913	4.578280	3.100729
4.653219	5.236118	3.607603
3.159998	5.605153	4.212442
4.640314	5.395547	9.024061
3.980415	3.327483	7.308731
4.518523	4.090649	4.539392
3.068377	4.700085	3.764477
4.610459	5.637971	8.627251
4.421323	4.176233	3.226085
5.423307	5.522257	6.891047
4.346186	4.970488	8.794527
4.167980	4.018662	3.504628
3.256629	5.027550	8.617212
4.134400	6.383524	5.948030
3.998563	5.148864	8.829179
3.896765	5.044969	8.912317
4.157353	6.171708	8.111864
2.911225	5.327634	3.755639
3.033241	3.348246	7.460520
4.105056	5.063537	9.094939
3.496324	3.360348	8.213672
4.475896	4.021814	4.698564
3.651389	3.690551	3.384173
3.270524	4.512453	3.021451
3.922274	6.289110	4.781511
5.037337	6.124411	8.017430
3.144879	5.794714	6.728998
2.783517	5.503280	4.608862
4.349937	6.569335	7.886991
4.225044	6.676872	7.627952
4.143289	5.352434	3.241397
2.872131	3.941883	7.267519
4.108446	3.436964	3.636526
3.464688	4.226358	3.727699
4.461300	5.661895	8.435798
4.527938	5.493856	8.893457
4.104284	4.873573	3.088033
4.634999	5.893879	8.805979
4.238274	4.355874	8.902265
3.894274	3.976774	3.991443
3.847763	4.791201	3.413602
3.600144	3.447800	7.140005
3.290273	3.835892	4.147034
4.879776	4.922612	8.791237
3.896439	4.977677	3.132006
2.948673	3.216988	6.355351
3.982208	3.886727	3.186043
4.710381	5.738379	3.348184
4.962517	4.968957	8.466028
4.513700	5.020912	3.724058
5.084999	6.097475	7.922097
4.269168	4.701793	8.552430
3.566617	5.855195	6.295481
5.221002	6.395858	4.858298
3.041208	3.502821	4.989021
3.884311	6.779246	6.166413
4.357108	4.724636	8.051238
4.653231	5.309055	8.776843
2.733832	5.053006	6.850181
4.113797	5.393749	8.968377
3.806291	3.951948	9.223755
5.511988	6.621427	5.572029
2.549536	4.587224	4.692157
4.165145	6.083344	9.444090
4.114826	5.570699	2.987991
3.213699	4.161675	3.377541
5.260402	4.877146	3.822484
3.452803	4.486757	7.897705
4.128098	6.529974	5.063188
3.920493	6.090819	6.124234
3.853702	5.688994	7.914883
2.966714	4.946305	6.245570
4.289490	5.323538	9.182933
4.621064	4.462276	7.277037
3.962588	5.211608	2.811742
3.130893	3.817007	8.025718
5.116197	6.046461	6.967619
3.747495	3.332888	7.412614
4.027474	6.923180	6.635939
4.928325	4.981903	3.987580
3.790436	5.008183	8.804882
4.844647	4.974890	4.276833
2.984835	4.112430	6.332916
3.132728	3.596430	4.562608
4.422151	4.059572	6.605889
4.790182	4.967723	3.413966
4.001853	5.600211	8.596188
3.260808	3.627776	8.042156
2.626655	4.041010	7.732973
3.155237	3.295586	5.689184
3.804189	4.053072	3.506198
4.744882	6.624310	7.109267
3.174915	5.401473	4.168175
5.111975	5.006924	5.716260
3.677719	5.259296	2.749070
3.747098	4.476277	3.486972
5.076530	4.801765	3.541578
3.958742	5.031723	2.992222
4.126437	4.315628	8.711957
4.286612	5.346834	3.904953
4.726168	4.712088	7.995070
4.138225	3.630008	5.509844
3.591789	4.846063	3.209866
3.659743	4.389089	3.673286
4.535987	5.417563	2.931315
3.678719	3.414231	6.864961
4.027290	5.476769	2.835588
4.115785	5.076897	2.936663
3.672897	4.349657	2.957174
4.658792	4.908286	8.327245
2.838767	4.146407	4.850057
4.990725	5.793513	7.673915
4.819541	5.766813	4.964945
4.020354	5.298226	2.957549
3.593426	5.077480	9.398464
4.574045	5.621682	4.338107
2.737012	3.556737	5.018689
5.149591	6.418745	7.439925
4.030296	4.942951	3.273567
3.181819	5.073497	3.784161
4.587003	6.290409	3.659529
3.795514	4.722685	8.603745
4.153724	4.881377	3.030904
4.391767	5.890948	3.429383
4.255628	6.246333	8.475464
2.541966	3.076536	5.417477
4.280908	4.413661	9.029747
2.944086	3.204804	6.634079
4.628047	4.135995	5.238712
4.768830	6.550333	7.051869
3.502089	3.536308	6.680518
4.084776	4.743610	3.953189
3.938113	4.899230	8.847144
5.264577	5.966834	7.591569
3.543862	6.089000	3.073227
4.619238	4.910599	3.242153
3.936450	4.383616	3.190099
4.444356	6.017809	8.267300
3.544725	5.431213	8.643971
4.243367	5.874059	8.862487
3.952885	5.212365	3.219466
3.049993	4.211396	5.292370
3.779350	4.938694	8.548043
4.571926	5.489433	3.145912
4.115408	6.406374	6.995827
3.588934	5.086812	2.514449
4.129594	5.085071	3.013156
4.841255	6.433093	7.301632
2.843204	3.901994	5.514761
4.883781	5.525571	7.921594
3.760767	5.181808	3.606691
3.201171	4.210492	8.636034
3.844864	4.700477	2.678527
3.488245	5.361674	3.096446
4.813479	6.177502	4.257093
5.081675	6.493274	6.319617
4.291535	4.860831	3.045400
4.108754	4.784219	3.010112
4.661238	3.924575	5.418041
4.004157	5.752022	8.542152
4.577010	6.279893	4.461255
3.862695	5.018870	9.028593
4.207131	4.794597	3.219056
2.668209	4.063235	4.641856
3.485685	4.980088	3.602457
5.322336	5.876264	5.682884
4.314808	5.686941	3.348480
3.399266	5.418465	8.300051
3.847408	4.254539	4.390077
4.136036	5.842761	3.433654
4.410450	4.365101	8.075731
4.459210	5.389311	4.002301
2.773870	3.834584	8.393521
4.018533	5.168183	8.972205
4.285455	5.938392	8.288755
3.531649	5.567454	8.183552
5.008341	5.196600	7.760051
3.585652	6.059318	5.017394
3.013094	3.764977	4.530501
5.218406	5.873291	7.315359
3.203560	4.600374	3.968275
3.972634	4.840390	8.879981
3.825570	3.784434	3.652831
5.519141	1.457853	2.396301
4.509733	2.834265	5.047352
2.318317	8.535952	6.457926
3.162591	8.586119	2.110278
2.186900	8.301709	7.704216
4.859844	1.144871	3.599943
0.193508	5.979656	2.873864
7.089305	8.332139	9.553301
6.584192	2.968586	3.899278
3.524002	1.759062	9.942328
3.302005	4.119276	8.043076
0.224571	2.944821	9.701032
1.764177	8.980577	4.724164
2.934791	2.697407	9.256633
4.856477	4.684426	7.579400
5.187531	4.550787	4.300856
1.061357	4.842286	2.003912
4.794204	5.562236	7.662463
5.488877	2.526047	5.151101
3.554778	6.422972	2.921774
4.552669	7.342116	8.262019
0.580676	5.335365	4.526008
2.938116	4.548941	4.983479
7.062458	6.645689	6.128495
4.351456	4.871568	2.049320
2.307240	3.984935	2.871495
6.366730	6.193928	7.541937
3.630480	4.339744	5.509314
1.959534	8.263707	4.781439
4.652264	4.939590	8.526403
3.946233	3.194332	5.707561
1.336492	3.104797	9.192670
1.451662	2.009003	7.865319
5.149370	7.119832	7.909515
2.376986	2.128568	9.913439
3.219953	5.597097	7.711261
7.671186	6.220312	6.677733
6.831997	6.684996	4.204657
6.940361	7.937663	5.295960
6.489865	2.779569	8.335517
6.075144	2.207665	7.921428
3.267979	8.770796	6.551156
4.391781	7.898203	9.315410
7.901031	8.165698	3.810753
6.746849	3.316251	6.507483
4.491429	7.012811	3.270723
7.981193	2.694076	5.794489
0.703988	4.682699	6.106672
4.279842	7.207267	3.526645
5.705235	1.813076	6.742804
2.622401	2.908777	5.974028
6.770995	8.390445	5.879294
3.237329	1.387704	6.246619
3.391646	2.258417	8.319839
6.940331	4.785153	7.646299
4.622814	6.602751	4.155901
0.997836	5.996916	5.399855
0.115181	5.695365	5.739218
1.870743	3.804840	8.296369
0.467384	2.802877	4.053695
7.250954	4.169439	4.174208
7.848044	4.412111	8.029486
0.946223	7.197609	9.134012
0.167341	6.248537	4.981069
4.425144	7.512206	2.546979
2.458462	4.361972	8.736420
4.731266	1.775826	9.406815
1.545699	7.999943	3.577832
4.424393	1.013072	2.052058
7.517523	7.782657	4.218150
6.174495	1.831131	3.139336
7.876310	6.735073	2.143775
7.954146	7.882426	6.685120
1.944048	1.580311	7.112354
3.337891	2.429294	7.498730
5.813749	1.477425	2.646690
7.140760	3.943230	8.276076
7.772049	7.559945	9.083629
5.554332	5.241564	6.241187
1.103427	1.257338	9.116777
2.795203	8.387530	6.112378
3.993833	7.518583	9.033068
4.110099	2.300690	7.634626
2.309540	2.356443	3.228856
5.253894	5.399624	2.271216
7.962259	2.989962	5.023645
3.730922	1.763848	4.002043
6.825691	4.434628	2.037300
0.459553	6.865134	6.104164
3.913586	1.701199	5.258343
0.541234	3.695347	5.557431
4.486177	4.522968	9.602423
2.629049	4.692946	5.989454
7.850656	2.674521	6.993481
4.902712	2.528870	7.839797
7.197460	7.939305	5.676937
6.763154	8.861480	5.618578
4.230711	2.404488	4.250626
0.177346	1.201046	5.565097
6.767423	1.305056	7.655934
0.799604	6.504088	8.823721
3.590245	5.025846	6.246978
7.690967	3.544048	8.768303
3.222454	5.547849	3.457881
1.665431	7.685105	5.932154
0.856884	8.486042	8.075049
7.263959	7.536379	3.346868
1.641980	8.780501	6.203101
7.897780	5.901649	2.837003
5.430456	5.537021	8.243461
5.649046	1.724084	3.949342
4.456653	8.159458	2.392919
7.129151	7.368648	2.280169
3.395254	7.085857	4.742478
6.527969	3.124089	5.090556
3.618030	6.984283	4.825750
1.564263	1.294358	7.487409
6.100666	1.499640	6.289277
6.221890	6.819933	5.799755
7.132554	7.660967	2.350183
5.181854	4.843717	7.100041
1.595886	3.581142	9.977689
4.216612	3.051744	2.574243
0.030660	3.156717	5.264217
1.136121	2.575760	8.156214
7.277825	8.102198	7.525214
5.618266	8.212366	2.311386
2.172092	3.166558	8.606249
5.942382	7.068205	3.518054
0.822233	2.583722	9.683484
7.798531	4.973630	3.466614
0.534709	3.085664	3.384282
2.643187	1.582506	4.938945
1.293032	4.998660	3.239374
6.512098	4.653914	6.267442
0.685232	3.861613	8.387739
4.616734	2.958549	8.033918
5.747752	6.771408	3.622492
2.794618	7.598491	9.527533
3.835065	6.565125	6.859383
4.015419	4.156771	4.355253
7.562365	4.036147	3.715017
0.499849	2.747494	6.930410
6.531176	2.424371	2.881950
5.318257	1.183834	2.852374
1.729977	7.373285	8.852931
1.191689	5.016952	5.072715
2.406321	7.552513	2.148758
4.069444	8.120115	5.049933
4.783390	6.061958	6.975355
3.056203	6.000666	6.117573
5.485533	2.543354	6.199544
6.867268	8.692836	9.608112
7.467696	5.376108	3.758679
7.290879	3.711211	6.118970
1.594000	8.067217	7.667752
3.602558	8.002101	4.460954
0.821057	5.661257	3.830507
5.916653	5.033327	4.638976
1.215353	6.771833	3.645988
6.789105	7.947516	9.268645
0.632685	1.865229	4.651530
2.175140	6.016082	7.449595
6.318674	2.160444	4.900304
2.307947	5.119861	7.611902
1.280502	5.907637	7.524528
1.240570	3.614234	6.213892
1.671892	4.685304	9.018775
6.011346	7.583937	8.267178
5.260188	7.255973	7.445498
2.301088	2.210384	3.871742
5.380104	7.975776	4.155387
7.708530	5.863236	7.925467
5.803640	2.381685	5.638659
3.619447	6.739907	2.061166
5.375068	4.250970	9.441360
6.299751	7.995116	5.360146
3.774683	7.654300	8.925939
2.904406	3.335412	2.212740
0.134023	8.718085	8.082064
0.629247	8.620840	9.075145
0.985362	2.534476	9.577189
1.869903	5.185168	3.183669
4.844674	8.570759	2.829962
6.515271	2.736476	8.457702
4.626418	2.205986	9.856498
4.420862	1.371761	6.535209
5.920376	7.006748	5.080831
5.372284	2.741146	8.979685
2.845510	6.246424	8.678421
3.366704	3.090916	9.760813
1.792973	4.840334	8.728505
7.713974	3.417885	3.867637
3.191638	3.571484	7.540857
5.562693	1.247960	6.288053
0.486484	1.469792	7.725383
1.229718	1.130641	2.446843
4.101886	6.318925	9.288368
0.533860	6.051547	5.549047
1.397140	8.889162	2.116511
