3.412881	4.323711	7.710906
3.691756	4.515733	8.828114
4.770273	4.446332	8.137714
3.217768	5.150520	7.858641
4.134058	4.285764	3.216591
4.095167	4.845574	2.713398
4.525318	4.951368	3.822036
5.297997	4.823327	7.782524
3.901366	4.589239	2.987525
3.536614	3.957663	8.630067
2.462140	4.143806	4.954071
4.238390	5.397867	9.087981
3.860665	4.755574	9.327415
3.856172	5.806112	2.811611
4.374807	6.183401	4.419240
4.022501	6.263283	5.087132
3.967834	5.254959	2.988581
4.399583	5.088583	2.910674
4.614047	4.267803	4.481463
2.783248	3.563649	5.696293
3.798765	5.034036	8.285698
4.372552	3.566409	5.942484
2.556849	4.338469	4.432191
3.013615	4.027018	8.250811
5.244760	4.721093	4.775291
3.463191	3.307841	6.950412
3.045975	5.194430	5.357949
5.117463	6.173254	6.647256
3.168229	4.752389	8.556955
4.750378	7.000246	7.300147
4.189113	5.941000	3.385298
3.492249	4.508261	9.098594
4.112074	6.203488	4.320121
4.096132	4.812274	2.971645
3.951873	4.843182	8.911209
4.170225	4.801764	3.084529
3.586782	4.716826	3.447528
2.914359	3.321634	5.188426
4.215036	4.707849	9.235335
3.064132	3.923997	6.979568
3.134691	4.146722	8.312131
5.298818	4.744328	6.554284
3.567955	4.442514	9.321035
3.715969	5.702590	8.725722
3.914799	4.425393	3.469506
4.151001	6.928987	7.674574
2.937536	3.901379	7.457893
4.179102	5.311433	9.033190
2.872538	3.525077	4.700227
4.040464	5.314690	2.825529
4.429853	4.403824	7.146889
3.187200	4.727322	5.591505
2.771080	3.928484	5.836750
4.761740	4.558596	7.556692
5.629727	5.632278	5.700967
4.107326	5.375734	3.016382
4.220469	5.400960	9.270712
3.823580	4.450733	9.088379
5.004334	5.375342	8.184410
3.591937	4.532939	3.120268
3.985563	6.299291	4.805403
3.923472	5.707854	3.115871
5.173643	6.470907	5.567015
4.735739	5.918518	7.867870
4.844670	5.289489	3.264370
4.209125	6.300336	8.076425
3.812935	5.063304	3.129328
4.284515	5.248865	3.225878
4.730574	4.807731	5.140379
3.788011	5.534496	2.670496
5.251008	5.532384	3.976570
3.119225	5.803818	4.750294
2.810516	4.008574	7.279052
5.041781	5.322399	7.357395
3.774002	5.369705	2.645926
4.214508	5.257786	3.021279
4.279724	4.803591	3.193615
4.371143	6.096213	3.756115
4.092306	4.389063	8.768759
5.339152	5.508024	4.369182
3.632059	4.816579	4.099396
4.814730	4.050738	7.745237
3.567808	3.630048	4.400536
3.794276	5.603958	3.872461
4.151276	5.750722	9.142997
5.506526	6.066930	6.330142
5.035878	5.421291	8.252838
3.356711	4.997058	3.707262
5.057576	4.082585	6.206217
3.349168	5.690376	4.083862
4.022915	5.016898	3.084509
3.258565	6.081045	7.623699
5.304390	6.261424	4.236242
4.778923	6.464355	4.139697
3.253545	5.419595	8.378841
4.156531	5.044499	8.800885
3.950389	4.367559	3.270012
3.812430	5.167362	9.280963
3.666389	4.204114	7.871140
3.161700	3.647942	4.914108
2.809454	3.612849	8.420712
4.114362	3.882388	4.322418
3.453248	5.265482	3.242884
4.194688	6.560278	5.133015
4.193657	3.715645	4.834583
3.888047	5.290541	3.212053
3.860816	6.169922	3.588066
3.573050	6.022090	6.889128
3.474212	5.125251	3.236924
3.351211	4.660411	8.556691
4.750887	5.095412	3.532429
2.830258	3.364571	7.147428
3.782192	4.571790	8.631635
4.372250	5.216646	9.116102
2.735612	4.921573	4.117004
2.520538	4.256001	8.141740
3.793526	3.496041	6.655443
3.980007	3.779097	5.198773
4.788515	5.101621	4.679236
3.119622	5.373893	6.602769
4.498965	6.180179	7.536847
3.171377	4.824895	3.556106
4.317407	5.244372	3.856176
3.117877	6.081565	6.840554
3.207246	3.673585	5.236536
4.161437	5.237045	8.852450
3.179967	4.079319	6.626531
3.823094	4.995907	3.013942
3.032285	5.745301	4.802841
4.368115	5.215217	8.752673
4.052614	4.994255	3.163782
3.798984	5.834787	3.894191
4.789304	4.037691	7.673454
3.433402	5.076148	7.576315
3.669382	4.905009	2.606202
2.749269	2.924792	6.297144
4.541905	6.391575	8.608316
3.502971	6.054774	5.812622
4.865831	4.630214	3.810844
3.790669	4.036176	8.133853
3.305105	5.392779	9.253097
4.408980	4.610340	8.681483
4.456608	6.466703	6.034590
3.467698	4.124223	9.206634
3.480450	5.274390	8.366036
2.506511	4.041146	6.424709
4.281171	4.916633	2.702498
3.769198	3.601735	6.189318
3.952295	5.334039	2.611882
4.484114	5.425537	3.849158
2.289039	4.127007	5.135667
4.740327	6.527384	3.858409
3.758780	4.356326	3.060822
4.147276	5.117319	8.903956
5.179694	4.784679	5.939590
3.867235	4.757741	2.643599
2.838238	4.495106	4.861213
3.714296	4.531728	3.902868
3.303698	3.781616	7.916666
4.522897	6.120642	8.217844
4.666266	4.786360	8.292734
3.358191	3.109263	5.820185
2.542594	4.379005	6.956413
3.368850	5.709008	8.285796
4.797798	5.491802	8.269187
3.223685	3.668971	4.327306
3.221841	4.168244	8.087104
4.848989	4.139710	6.439581
3.982346	3.846488	7.517943
4.273917	6.115593	3.528281
3.761358	6.464587	6.953197
4.375141	4.773129	3.041816
3.517851	2.885660	6.642814
4.524939	4.825645	3.636629
3.908296	3.966365	3.514311
4.310177	6.179401	3.396863
3.979360	3.610023	4.280503
3.661358	3.897404	9.021378
3.837231	4.192445	8.710775
3.718802	4.999074	3.065828
3.824598	4.798778	2.759105
3.499246	4.293274	8.331992
3.716942	4.865663	8.754111
3.685453	4.819049	3.063726
3.513782	3.087705	5.447787
3.550186	5.006800	9.344983
3.052810	4.161626	3.946194
4.180061	4.595911	8.554053
4.816441	6.173140	4.496392
4.966945	6.392251	5.541745
4.524965	5.765429	8.292679
3.668335	5.056446	8.718460
3.628833	4.892578	9.142223
3.766675	3.505392	6.656154
4.354139	3.537137	5.454991
3.401436	5.146659	9.256713
2.917790	4.490560	4.262981
5.183265	5.332843	5.529847
3.631827	3.113899	7.374563
4.876854	6.625221	4.803515
5.140868	5.515297	8.161015
3.254888	4.766459	9.352609
3.308628	3.041950	5.873058
3.828892	4.345873	8.854871
5.121476	6.596576	6.280172
4.645735	5.791995	3.869816
4.444451	4.865260	8.993086
4.723657	4.502379	8.241126
4.756172	6.196482	8.028224
4.168989	3.664578	4.615099
5.172184	6.340247	4.287128
3.659640	5.058181	9.396359
3.629095	5.158922	3.342720
4.148884	3.911653	4.004675
3.609004	6.495024	6.740051
2.644088	3.677072	4.434717
3.175314	4.378870	8.982988
4.071886	4.342490	9.423016
3.121349	5.860473	4.859132
3.209382	4.868576	7.800455
3.272451	6.066189	3.584679
5.061250	5.309017	3.369503
3.734154	4.949826	8.530136
3.194277	5.575750	5.183259
2.974082	4.432940	6.325902
3.056774	5.313878	5.670419
4.155712	6.441558	5.891813
3.702495	5.453964	8.586413
3.681917	4.670090	3.498571
4.283401	6.177041	8.260888
3.206846	4.376547	2.999823
3.159609	3.778999	7.850605
4.033754	5.033065	8.809903
4.750982	6.799481	5.539454
3.963718	4.630989	2.631908
4.250264	4.090640	3.211864
3.728193	5.868940	7.830773
4.946532	6.760815	4.423008
3.668469	4.908059	8.544591
3.887279	4.293577	8.740180
3.845348	3.973588	8.203267
4.217649	3.244306	5.785570
3.905216	5.088908	3.194329
4.007161	5.110956	9.349018
3.794729	3.853138	4.152381
5.083995	6.785846	6.836056
4.081129	5.580008	9.016860
4.720075	5.806943	3.640301
4.772223	6.416071	4.410119
4.404406	5.978394	8.196889
4.764133	6.436514	5.791296
4.461446	5.202980	8.893324
4.159952	4.839546	8.748683
3.824580	5.215426	8.766676
3.680741	4.807090	3.411579
3.718903	5.772032	3.657073
4.249356	4.981513	8.983291
3.616454	5.816321	8.918416
4.445664	4.887587	8.543237
4.109999	6.267125	5.913066
3.573102	5.116650	8.701942
4.364782	4.936834	3.174390
4.801841	4.702059	8.732316
4.558754	5.495252	2.801098
3.523680	3.333419	3.776646
4.407580	3.321425	7.800126
3.407119	5.404711	3.968683
4.908541	5.546619	3.396761
3.314072	3.099459	4.179077
4.165011	4.861019	9.091595
4.188810	6.095058	3.894795
3.786747	3.300088	3.579061
4.268173	4.886655	8.206764
3.200975	4.612185	8.176501
3.513691	6.038275	5.600069
4.731527	4.278883	6.516886
4.403829	6.548534	6.472553
4.584534	4.975779	2.783301
3.040261	4.069830	7.112574
5.082688	6.136005	4.520576
3.919045	4.738051	9.229203
3.578394	4.114282	3.470840
4.608310	6.525342	7.943461
3.910237	3.921357	6.777174
4.442665	6.035828	7.229789
3.310763	4.408687	8.931509
5.257210	5.445434	5.394196
4.185186	5.230772	2.954948
4.102049	5.194550	2.622099
3.972357	5.026299	3.094022
4.034566	6.048573	7.819694
4.730577	6.494036	5.129900
3.859270	6.737646	4.015131
4.213134	4.921183	3.024030
4.801864	4.077273	5.401587
4.393235	4.275190	3.362701
2.997631	4.701117	6.000865
4.074030	4.798365	9.306459
3.735184	3.778572	7.752651
3.416312	5.497223	7.877148
5.283192	6.210102	7.938964
5.342735	5.465577	6.678009
2.867551	4.674499	4.153504
5.129904	6.501066	5.780214
3.647619	5.274427	3.459821
3.774948	4.543564	3.047414
4.645926	5.094685	3.172038
4.252378	4.096771	4.221245
5.145812	5.960750	5.554167
5.096288	4.845987	5.088744
3.906332	5.009015	9.024209
4.785758	6.693409	5.241076
3.675218	5.368374	2.936581
3.503728	5.275208	8.241945
3.292579	3.460196	7.526393
5.553743	6.417577	6.896109
4.869460	6.151132	8.689472
4.110561	5.460779	9.021673
3.878286	5.035956	3.097207
5.090702	5.193262	8.148317
4.821829	6.873301	5.565436
2.913489	4.784979	8.194966
2.803798	5.190246	6.117557
4.144726	4.101989	3.646216
4.395307	4.652724	8.702790
4.767591	4.731551	5.765295
4.467123	5.629393	7.992772
3.808184	5.096383	2.781441
4.582924	6.257933	3.966607
4.449317	4.000373	7.945334
2.868552	6.059270	6.486397
4.644213	6.987269	6.897243
3.230708	3.806093	4.770414
4.324867	4.599425	3.177238
4.388253	4.447872	4.342421
4.193729	5.916781	8.845692
4.456680	5.189706	8.698761
3.599734	6.148111	3.325889
2.881304	3.777174	6.664064
3.225868	3.748503	8.433562
4.837474	4.955417	7.514582
4.868248	5.818639	8.695539
4.725410	3.896785	5.023265
4.500970	5.227627	9.142514
3.552299	4.500153	3.482066
4.265938	4.280876	3.077376
4.835901	4.143432	6.297494
4.730515	5.804207	8.750154
3.173489	5.841469	7.460804
3.284234	5.764907	6.508880
3.088934	3.332473	7.735160
4.108645	5.584232	9.230129
5.119883	5.535997	3.856314
3.785897	6.412152	5.203094
4.786238	4.834218	8.293086
4.507112	4.398576	2.846517
4.431013	6.552077	6.747649
3.707427	5.321962	3.401413
2.640114	5.333485	6.590408
4.059840	5.989929	3.546943
2.816877	4.211109	4.013000
4.475636	3.666005	7.698782
3.810587	3.481219	7.715167
5.239347	6.449691	5.733080
4.643094	5.070826	3.142227
3.375108	3.191707	5.786741
4.587329	5.201605	8.501839
2.733709	4.312579	6.551835
5.110547	6.087053	3.944678
4.382454	5.372664	3.428951
4.568733	5.146893	2.834219
3.469856	4.346410	3.556535
5.446172	6.021896	7.079293
3.274554	3.975288	3.302370
3.177970	3.411400	5.740871
4.539279	3.909594	8.249166
3.392121	3.730633	7.402435
3.301885	3.358696	3.438768
4.803306	6.208071	7.441530
4.929367	5.663288	3.694170
4.265700	4.338096	3.380298
2.882000	4.728582	8.301144
3.385888	4.503644	3.026496
3.037610	4.044208	8.745278
4.013157	5.304836	2.629127
3.466012	5.112305	4.718407
3.621443	5.745341	8.407203
4.099867	4.951989	8.963174
4.668632	4.366657	7.698395
5.431773	5.595872	4.621038
4.902863	6.028285	8.644489
3.919690	5.104553	3.432654
3.812686	4.671006	8.913415
3.209172	3.699816	5.458068
2.990933	4.861100	7.403360
4.073192	6.849165	7.748410
3.536786	5.094998	3.597118
2.901238	5.837336	8.393304
3.901050	5.349619	8.912759
3.153135	2.888827	6.695425
2.468704	4.526327	6.550162
4.061452	7.008957	6.412505
3.704492	4.660500	3.523305
2.869769	5.731910	6.044828
3.278664	4.335061	4.094269
5.008162	5.609246	7.658462
3.951673	4.905498	8.902193
4.044964	4.015192	4.188982
5.182573	5.382849	6.795289
4.470224	5.070544	9.202204
3.214512	4.703674	3.374755
4.595475	3.957214	7.759256
4.100129	6.435882	4.845703
2.567129	4.653239	6.579621
3.684751	5.472231	2.839121
3.711841	5.023987	3.430047
4.030910	3.937701	4.165196
4.243239	5.501939	8.868626
3.542169	3.036102	7.249703
3.207595	5.025886	3.767642
4.133159	5.022425	3.080213
4.889495	7.137594	6.923579
4.408570	3.265082	5.764780
4.916917	4.752844	3.422629
3.371172	3.578392	6.996610
4.033561	4.735479	3.290967
3.844700	5.155751	3.700805
5.394429	6.397651	6.629709
4.917083	5.106427	4.348907
5.256570	5.793599	5.082838
3.713851	5.082664	8.914815
3.675695	5.689763	8.629658
3.331003	2.961588	5.391300
3.822934	6.568705	7.271771
2.456778	4.584889	4.850451
4.284470	5.286000	2.911881
3.568968	3.128056	4.929919
3.372312	5.136137	8.365368
4.045073	3.099645	7.183176
5.335796	5.226294	4.704746
4.186853	4.352554	3.217634
2.913380	4.184097	4.346583
4.653332	3.960031	5.886559
3.943416	5.399997	3.295501
5.581605	6.210791	4.001478
4.322829	4.596871	3.982830
4.719074	6.829733	6.254549
3.486474	4.203622	3.520034
4.360163	6.166267	7.775417
4.456574	5.191336	8.402447
4.142427	5.174051	8.943409
3.767805	4.866046	3.091545
4.110800	4.979309	3.308246
5.208009	4.531636	6.373835
5.338600	6.415397	6.496883
3.943057	6.421766	7.903992
3.614391	4.561252	3.074571
3.749566	4.608669	3.324928
4.982884	6.023638	8.378866
4.237294	4.517471	8.810586
3.250822	4.594453	3.130742
4.052788	3.191004	5.340017
4.593658	5.401629	8.284078
3.752458	6.108890	4.034383
3.937153	4.713968	3.309395
2.819837	4.294508	6.516679
3.480846	6.164846	8.218777
4.165515	6.327009	3.819537
5.016356	5.367526	4.611885
3.963002	6.238163	8.134377
4.214862	4.353673	3.708441
3.539857	3.415116	4.891254
4.182445	4.693428	3.349108
2.797482	4.412722	3.646598
3.241249	5.191280	2.664393
4.700761	4.779989	8.349339
3.065993	4.544739	8.120976
3.055575	4.199616	7.734957
4.314638	4.472323	8.550624
4.856362	5.272177	3.179603
3.861949	6.202182	6.818311
4.012757	5.126510	9.170424
4.958097	6.797881	6.887692
4.924344	6.768109	7.223700
4.714080	6.969232	5.601331
3.299416	4.072028	4.308500
4.644895	6.445555	7.686506
3.010737	3.512136	6.745103
4.226395	3.712248	4.358587
3.964722	4.160477	9.026035
3.161888	5.670518	7.264533
3.000738	4.790567	7.322721
4.870238	6.354615	7.222285
4.284493	3.880823	4.055431
3.429373	4.969032	2.862932
5.138822	6.448484	4.577169
5.272853	5.315600	6.846624
4.681204	4.618104	3.039866
3.244006	4.062023	8.351361
3.762014	6.281937	4.717434
1.190312	2.868570	2.622177
4.241785	6.664644	2.140863
1.804199	3.103173	8.499156
1.654749	8.807662	2.405500
5.136339	4.582738	9.752074
3.795540	8.379400	7.121561
6.868576	1.865480	6.750592
3.789586	5.168152	8.176943
4.284989	4.022073	7.640803
7.615123	8.886832	2.541528
0.937845	5.636688	7.780749
0.300595	6.450794	3.063378
7.135499	3.921458	6.524245
1.632360	5.439876	2.555599
6.765179	8.479700	2.722840
0.653592	1.609609	4.002844
7.480714	5.404107	8.505068
7.786508	4.317859	8.495294
1.199607	6.918423	4.395422
5.297922	6.933248	9.539424
3.049543	4.849707	9.864403
4.872439	1.855817	7.588416
6.725459	1.013376	4.475283
6.097587	3.125034	7.362799
3.064759	3.732265	8.068205
4.627959	2.728173	9.568258
0.384939	3.561845	3.253199
1.504328	1.739637	5.139211
4.254686	3.279727	6.915651
0.254590	4.984195	2.062103
6.090855	8.244548	5.855153
0.095127	4.590195	2.552568
0.252527	7.766904	3.425877
4.042387	7.075684	9.344821
7.016301	5.508905	7.475876
7.969804	7.939147	8.866513
6.814078	2.880662	9.989685
3.199367	3.503423	9.152014
4.501324	2.686617	9.193745
5.045289	7.181657	9.601125
4.668329	7.048072	5.239075
7.429963	8.320692	6.454919
3.275227	2.498638	2.803410
4.836010	2.758554	6.798938
0.718284	1.491891	8.915795
0.200752	7.588030	6.529502
0.624373	1.191867	4.100289
4.119347	3.330719	4.950246
1.316782	3.018053	3.643765
5.502808	3.351960	9.193695
0.649528	2.968013	4.724222
3.301050	7.385709	2.020877
5.918308	2.171894	8.154726
7.649385	1.407335	7.218280
0.525011	1.975036	6.128579
5.888979	7.561834	8.419114
5.761566	2.647475	4.232482
3.864521	2.381256	8.271950
5.976163	2.129137	7.640887
3.999227	5.411385	9.882836
3.080982	3.393624	6.605836
2.268723	5.167000	3.075782
7.439141	2.556803	7.034336
4.680374	4.832834	7.775604
4.076208	8.084537	5.881698
2.475736	7.270432	7.725359
5.557793	6.252653	7.305525
1.463061	5.447525	6.572760
0.511900	8.475975	5.119303
7.608058	4.860143	8.235864
1.411861	5.942979	5.684724
5.615099	7.587644	9.730521
3.492122	2.016895	9.681066
7.632955	4.017756	2.965229
1.665017	7.945405	3.797820
7.266460	8.106143	4.530438
2.088691	6.648668	7.154961
3.682000	1.774819	7.634335
4.206320	3.320026	3.247352
6.915772	2.548645	6.265471
7.176983	2.935437	4.432133
3.784314	4.724714	5.942805
2.421432	4.798468	8.945644
5.300755	4.577269	9.608214
7.029628	2.993632	4.241809
5.735326	1.618702	4.103026
6.250990	7.850844	8.787133
1.247986	6.702048	9.593209
1.076424	1.873646	9.251105
4.427429	7.128200	8.394187
1.082302	1.658135	7.752772
6.783040	1.927075	3.841746
5.968140	5.164611	8.580841
3.483299	4.839138	3.623990
2.120012	8.295297	5.786204
6.008898	6.449318	5.796211
2.429634	4.771263	8.652106
1.816699	3.137777	8.875715
5.650690	2.065701	6.260948
3.531179	2.737096	8.682767
3.013471	6.147933	6.450659
4.162903	2.321215	9.388885
4.313521	1.859238	9.420475
4.940516	7.813775	3.765808
2.621862	1.496908	5.300188
4.596391	3.323137	2.176626
1.078723	4.723947	2.791019
4.469105	6.776372	4.076587
3.808888	4.638275	4.579286
3.832740	5.048880	3.244044
0.293087	6.698432	5.847476
4.481567	3.491371	2.139728
1.483605	4.611262	2.035642
2.070229	1.495144	9.227834
3.729876	6.855002	9.643479
6.247828	7.323114	3.442784
5.712577	5.740970	4.353517
6.975502	1.120056	6.084311
2.939800	6.275529	7.572272
7.805516	3.295906	7.859200
7.287092	1.798727	9.495934
3.504065	8.687425	8.627915
6.262948	1.388275	9.468570
7.484310	3.399360	3.000667
2.373770	3.421228	4.660898
1.616667	3.752309	8.873124
6.894328	2.390024	7.490660
7.463088	6.292726	7.866849
6.265257	7.291175	8.980113
6.282438	3.280961	4.815391
3.187843	5.666125	6.595049
7.188432	2.439521	3.350361
3.693162	2.230009	5.654553
5.571353	6.749639	5.412228
4.822260	3.902653	5.580495
6.736963	7.286741	5.429148
1.075154	4.112908	7.086560
7.956996	4.311335	8.112708
0.687029	3.959923	3.755930
5.578300	5.050599	5.188390
0.058179	2.994560	4.049480
5.975108	1.302948	2.834688
1.357713	4.428641	7.983060
2.603279	8.882204	5.055096
7.028318	7.363391	6.402716
6.566227	8.955867	8.554513
0.027896	4.688351	4.374952
6.689474	2.346738	9.975508
0.551916	5.385088	7.735366
6.806375	2.933752	9.977791
6.535261	7.304352	2.498009
2.627129	3.970700	4.129720
7.797884	2.777286	3.303343
1.659468	6.614554	2.580468
4.284559	2.850178	4.690950
4.703376	3.107601	4.434705
5.586083	1.832957	8.434738
5.851823	4.750377	7.518636
3.858336	2.322757	2.820416
5.394438	6.292410	2.865529
4.414294	6.708640	7.120835
1.461687	1.689930	2.999816
7.388576	3.707510	3.342738
4.962207	4.403666	4.192963
2.740132	4.206244	4.459187
2.311846	3.521516	5.854864
7.775924	1.511943	8.899368
4.038718	3.293250	2.638153
2.691027	7.604744	9.586962
2.229708	7.519394	9.555360
6.843265	2.625889	3.974840
3.512453	4.740125	2.050732
4.507503	4.316081	5.988388
6.180644	5.464482	3.224657
5.593395	6.968207	3.544594
5.695665	3.646401	6.562880
7.002379	8.270141	5.555527
1.765810	7.513903	9.232805
1.080037	5.656372	5.375234
7.927268	5.823933	4.949919
2.194314	5.275204	6.341803
2.898475	7.404349	6.069174
3.950663	4.696585	7.184632
6.199944	6.870361	3.886456
2.427549	2.696409	2.858433
2.263208	4.639302	6.409877
4.310269	1.924526	2.640581
0.961444	6.039784	4.444674
1.200096	1.247435	3.937473
4.461279	7.625759	2.673419
1.851227	8.120601	5.865734
3.971920	6.663349	2.738577
2.025630	6.560652	5.869124
6.474608	5.980263	9.235484
2.245773	1.500483	4.735216
0.017916	8.298815	7.469630
4.129503	6.014637	5.112251
4.955125	8.934390	4.378646
4.655191	6.667469	3.223623
6.799445	3.064892	5.961798
