0.013443	0.697000	0.015887
0.013192	0.684000	0.003598
-0.037558	0.691000	-0.023020
0.010604	0.672000	-0.010604
0.007332	0.697000	0.015887
0.019525	0.696000	0.012203
0.036136	0.687000	-0.019273
0.011172	0.708000	0.021103
0.046505	0.698000	-0.014686
-0.005839	0.666000	-0.019851
0.018852	0.672000	-0.018852
0.008199	0.668000	-0.017568
-0.023530	0.671000	-0.025883
0.004671	0.666000	-0.051380
0.008199	0.668000	-0.018740
-0.011625	0.663000	-0.027899
0.017989	0.684000	-0.000000
0.034932	0.687000	-0.045773
0.043742	0.693000	-0.031592
-0.001224	0.698000	0.017134
0.004951	0.706000	0.019806
0.013096	0.679000	-0.004762
-0.019188	0.684000	0.001199
0.017858	0.679000	-0.007143
0.015294	0.671000	-0.020000
0.024890	0.676000	-0.018964
-0.017516	0.666000	-0.047877
-0.003635	0.691000	0.010904
-0.025295	0.687000	-0.002409
-0.012168	0.694000	0.013385
-0.024669	0.670000	-0.032893
0.022353	0.671000	-0.034118
0.011677	0.666000	-0.028025
-0.030725	0.674000	-0.033089
0.019750	0.704000	0.018515
-0.003545	0.674000	-0.007090
-0.016765	0.683000	0.001198
-0.004769	0.680000	-0.065575
-0.010667	0.676000	-0.004741
0.010509	0.666000	-0.025690
0.016446	0.670000	-0.025844
-0.025844	0.670000	-0.035242
-0.012922	0.670000	-0.015272
0.018796	0.670000	-0.031718
0.008149	0.664000	-0.029105
-0.002479	0.707000	0.021073
-0.015317	0.672000	-0.010604
-0.015796	0.693000	0.008505
0.041372	0.694000	-0.041372
0.014875	0.707000	0.021073
-0.002395	0.683000	0.003593
0.000000	0.662000	-0.030178
-0.005812	0.663000	-0.023249
-0.012116	0.691000	0.010904
-0.022486	0.675000	-0.015386
0.037395	0.688000	-0.022920
0.002511	0.716000	0.026363
-0.010446	0.662000	-0.042946
0.012864	0.667000	-0.045609
-0.018568	0.706000	0.016092
-0.018796	0.670000	-0.022320
-0.033580	0.684000	-0.040776
-0.024854	0.675000	-0.044973
0.008186	0.667000	-0.051457
-0.012787	0.663000	-0.037199
-0.022453	0.674000	-0.017726
0.028699	0.682000	-0.019132
-0.024687	0.704000	0.007406
0.002339	0.667000	-0.016373
0.003487	0.663000	-0.033711
-0.009468	0.675000	-0.005917
0.004783	0.682000	-0.066963
0.022653	0.680000	-0.054844
-0.040155	0.694000	-0.015819
-0.025038	0.680000	-0.009538
-0.032523	0.687000	-0.044568
0.016047	0.704000	0.019750
0.015203	0.667000	-0.040932
0.003566	0.678000	-0.063004
-0.006198	0.707000	0.019834
-0.018094	0.688000	0.003619
-0.014055	0.668000	-0.053876
0.037395	0.688000	-0.025332
-0.013971	0.664000	-0.048897
0.041372	0.694000	-0.035288
0.036820	0.700000	-0.000000
-0.021082	0.668000	-0.048020
-0.027503	0.682000	-0.009566
-0.001162	0.663000	-0.024412
0.036136	0.687000	-0.032523
0.032665	0.690000	-0.004839
0.040155	0.694000	-0.018252
-0.030725	0.674000	-0.030725
-0.017647	0.671000	-0.014118
0.009314	0.664000	-0.032598
-0.001185	0.676000	-0.004741
-0.002321	0.662000	-0.047589
0.003487	0.663000	-0.043011
-0.042588	0.694000	-0.023119
-0.028909	0.687000	-0.004818
0.041372	0.694000	-0.019469
0.000000	0.663000	-0.024412
0.032381	0.684000	-0.020388
0.010667	0.676000	-0.060448
-0.021019	0.666000	-0.037367
0.021271	0.674000	-0.022453
0.020239	0.679000	-0.005953
0.043742	0.693000	-0.026731
0.025516	0.693000	0.007290
0.042834	0.698000	-0.003671
0.008174	0.666000	-0.025690
0.041193	0.691000	-0.025443
-0.011853	0.676000	-0.062818
-0.007069	0.672000	-0.061268
0.000000	0.670000	-0.014097
0.003577	0.680000	-0.000000
0.044058	0.698000	-0.017134
0.036136	0.687000	-0.028909
0.000000	0.696000	0.013424
0.011677	0.666000	-0.036199
-0.010525	0.667000	-0.017542
-0.005891	0.672000	-0.062447
0.027341	0.678000	-0.029719
0.035084	0.690000	-0.012098
0.025406	0.690000	0.003629
0.003740	0.711000	0.022439
-0.032712	0.691000	-0.006058
0.036136	0.687000	-0.033727
0.047729	0.698000	-0.015910
0.041372	0.694000	-0.018252
0.036136	0.687000	-0.039750
0.001162	0.663000	-0.047661
0.034365	0.700000	0.001227
0.032333	0.683000	-0.016765
0.002339	0.667000	-0.017542
0.019160	0.683000	-0.063469
-0.009370	0.668000	-0.016397
0.026153	0.678000	-0.023775
-0.019525	0.696000	0.007322
-0.004783	0.682000	-0.066963
0.001222	0.697000	0.014665
0.024336	0.694000	0.008518
0.013115	0.680000	-0.003577
-0.004678	0.667000	-0.015203
0.033678	0.686000	-0.020447
0.000000	0.697000	0.014665
-0.008788	0.716000	0.026363
0.039923	0.690000	-0.030245
-0.034983	0.688000	-0.041014
0.039499	0.704000	0.003703
0.023565	0.672000	-0.036525
-0.002353	0.671000	-0.060001
0.022486	0.675000	-0.021303
0.027156	0.704000	0.011109
0.038601	0.688000	-0.025332
-0.020149	0.676000	-0.059263
0.027704	0.687000	-0.057818
0.011853	0.676000	-0.005926
0.029894	0.682000	-0.041852
0.044957	0.693000	-0.030377
0.004825	0.688000	0.008444
-0.025921	0.672000	-0.025921
-0.010478	0.664000	-0.023284
-0.001168	0.666000	-0.053715
-0.034932	0.687000	-0.037341
0.033727	0.687000	-0.010841
0.037341	0.687000	-0.027704
0.005926	0.676000	-0.004741
0.009356	0.667000	-0.021051
0.017937	0.682000	-0.003587
-0.014602	0.694000	0.012168
-0.023670	0.675000	-0.049707
0.002381	0.679000	-0.064288
-0.028362	0.674000	-0.025998
-0.003756	0.714000	0.026289
-0.010462	0.663000	-0.048823
0.017621	0.670000	-0.031718
-0.022653	0.680000	-0.005961
-0.029456	0.672000	-0.028278
0.004846	0.691000	0.010904
-0.008125	0.662000	-0.037143
-0.012116	0.691000	0.009692
0.019132	0.682000	-0.003587
0.004657	0.664000	-0.026777
-0.015363	0.674000	-0.059087
0.005821	0.664000	-0.027941
-0.017568	0.668000	-0.023425
0.013154	0.682000	-0.001196
0.005944	0.678000	-0.063004
-0.017011	0.693000	0.007290
0.023951	0.683000	-0.061074
0.024091	0.687000	0.001205
0.005821	0.664000	-0.029105
0.002321	0.662000	-0.042946
-0.021776	0.690000	0.003629
0.029982	0.684000	-0.008395
-0.001161	0.662000	-0.034821
-0.001196	0.682000	-0.066963
0.001191	0.679000	-0.000000
-0.015180	0.666000	-0.025690
0.010509	0.666000	-0.046709
-0.025883	0.671000	-0.028236
-0.007133	0.678000	-0.065382
0.029938	0.683000	-0.021555
-0.025001	0.679000	-0.011905
0.001185	0.676000	-0.062818
-0.023565	0.672000	-0.022387
-0.030999	0.680000	-0.017884
-0.023495	0.670000	-0.028194
0.008284	0.675000	-0.007101
0.039499	0.704000	-0.000000
-0.022220	0.667000	-0.040932
-0.013154	0.682000	0.002392
-0.028404	0.675000	-0.041422
0.012864	0.667000	-0.026898
0.017963	0.683000	-0.001198
-0.029456	0.672000	-0.031812
0.010509	0.666000	-0.028025
-0.008690	0.708000	0.019862
0.018824	0.671000	-0.025883
-0.023530	0.671000	-0.043530
0.028614	0.680000	-0.038153
0.034932	0.687000	-0.021682
0.024582	0.701000	0.012291
0.016495	0.672000	-0.048308
0.020865	0.700000	0.013501
0.027341	0.678000	-0.043984
-0.007006	0.666000	-0.018684
-0.013950	0.663000	-0.030224
-0.012999	0.674000	-0.060269
-0.010462	0.663000	-0.027899
0.035237	0.693000	-0.007290
0.013154	0.682000	-0.000000
-0.004818	0.687000	0.007227
-0.011625	0.663000	-0.044173
-0.003482	0.662000	-0.034821
0.023705	0.676000	-0.016594
0.014854	0.706000	0.019806
0.017621	0.670000	-0.032893
0.021208	0.672000	-0.044773
-0.037558	0.691000	-0.024231
-0.002321	0.662000	-0.033660
-0.028951	0.688000	-0.003619
-0.003487	0.663000	-0.025574
0.012221	0.697000	0.015887
0.024817	0.674000	-0.035452
0.038714	0.690000	-0.019357
-0.001178	0.672000	-0.061268
0.003493	0.664000	-0.048897
-0.032002	0.676000	-0.024890
0.021555	0.683000	-0.002395
-0.022220	0.667000	-0.043271
0.023810	0.679000	-0.008334
0.038102	0.701000	0.003687
-0.020030	0.672000	-0.014139
-0.005917	0.675000	-0.004734
-0.012787	0.663000	-0.029061
0.032381	0.684000	-0.026384
-0.003535	0.672000	-0.062447
0.021271	0.674000	-0.047270
0.017647	0.671000	-0.025883
0.040907	0.707000	0.001240
0.017330	0.706000	0.021044
0.023775	0.678000	-0.051117
0.027422	0.680000	-0.019076
0.016569	0.675000	-0.011835
0.020030	0.672000	-0.022387
0.005839	0.666000	-0.045541
0.012941	0.671000	-0.015294
0.028614	0.680000	-0.023845
-0.005839	0.666000	-0.054883
-0.037558	0.691000	-0.021808
0.028909	0.687000	-0.001205
0.002420	0.690000	0.009678
0.028699	0.682000	-0.017937
0.008174	0.666000	-0.024522
0.004790	0.683000	-0.068259
0.035491	0.698000	-0.001224
0.008248	0.672000	-0.010604
0.036136	0.687000	-0.043363
-0.034983	0.688000	-0.013269
0.027341	0.678000	-0.042795
0.030596	0.698000	0.003671
-0.008174	0.666000	-0.054883
-0.015636	0.686000	0.003608
-0.023565	0.672000	-0.044773
-0.009286	0.662000	-0.030178
-0.015864	0.696000	0.010983
-0.033874	0.690000	-0.008469
0.015819	0.694000	0.012168
0.028741	0.683000	-0.008383
0.037395	0.688000	-0.034983
0.036189	0.688000	-0.031364
0.041610	0.698000	-0.012238
0.039923	0.690000	-0.032665
0.033678	0.686000	-0.018042
0.003508	0.667000	-0.054965
-0.009426	0.672000	-0.009426
0.036820	0.700000	0.001227
0.014034	0.667000	-0.026898
-0.003593	0.683000	-0.068259
0.009566	0.682000	-0.000000
0.001175	0.670000	-0.058737
0.001229	0.701000	0.019665
0.022453	0.674000	-0.044906
0.028867	0.686000	-0.006014
0.033580	0.684000	-0.032381
0.003493	0.664000	-0.045404
0.016741	0.682000	-0.001196
0.021044	0.706000	0.019806
0.020149	0.676000	-0.054522
-0.010794	0.684000	0.004797
0.029330	0.697000	0.004888
0.037341	0.687000	-0.026500
0.007048	0.670000	-0.015272
0.000000	0.678000	-0.001189
0.033678	0.686000	-0.048111
-0.021713	0.688000	0.002413
-0.007048	0.670000	-0.011747
-0.020209	0.678000	-0.007133
0.020328	0.682000	-0.002392
-0.023705	0.676000	-0.056892
-0.023810	0.679000	-0.009524
-0.004643	0.662000	-0.044107
0.010541	0.668000	-0.051534
0.040155	0.694000	-0.017035
0.025148	0.683000	-0.056284
-0.013950	0.663000	-0.036036
0.001185	0.676000	-0.004741
-0.025295	0.687000	0.001205
0.019020	0.678000	-0.009510
0.004790	0.683000	-0.069457
-0.038882	0.693000	-0.010936
0.008174	0.666000	-0.023354
0.000000	0.664000	-0.051225
0.004678	0.667000	-0.017542
-0.028951	0.688000	-0.002413
0.030727	0.701000	0.008604
0.017183	0.700000	0.015955
0.038770	0.691000	-0.016962
0.003556	0.676000	-0.004741
0.045217	0.697000	-0.021997
-0.021019	0.666000	-0.038535
0.026076	0.676000	-0.027261
0.004741	0.676000	-0.004741
0.021713	0.688000	0.003619
0.033580	0.684000	-0.014391
-0.009342	0.666000	-0.021019
-0.032570	0.688000	-0.008444
-0.023495	0.670000	-0.039941
0.004678	0.667000	-0.053796
-0.030771	0.675000	-0.026037
0.043805	0.694000	-0.024336
0.002458	0.701000	0.018436
0.018936	0.675000	-0.049707
-0.009594	0.684000	0.004797
0.019525	0.696000	0.010983
0.012845	0.666000	-0.029193
0.007511	0.714000	0.025038
-0.013076	0.678000	-0.065382
0.014644	0.696000	0.013424
-0.021145	0.670000	-0.023495
-0.011220	0.711000	0.023686
0.001161	0.662000	-0.041785
-0.033383	0.680000	-0.034576
0.003587	0.682000	0.001196
0.000000	0.682000	-0.066963
-0.015226	0.668000	-0.052705
0.025295	0.687000	-0.000000
-0.010478	0.664000	-0.025613
0.011267	0.714000	0.025038
0.007017	0.667000	-0.053796
0.018824	0.671000	-0.040001
-0.006023	0.687000	0.007227
-0.024743	0.672000	-0.042417
0.004888	0.697000	0.015887
-0.027180	0.674000	-0.021271
-0.003614	0.687000	0.007227
0.021555	0.683000	-0.061074
0.028572	0.679000	-0.032144
-0.037667	0.693000	-0.010936
-0.018852	0.672000	-0.014139
-0.002321	0.662000	-0.041785
0.006084	0.694000	0.012168
0.038102	0.701000	0.001229
-0.011172	0.708000	0.018620
0.029894	0.682000	-0.035873
-0.021019	0.666000	-0.036199
0.010730	0.680000	-0.002385
0.009398	0.670000	-0.017621
0.012961	0.672000	-0.054199
-0.036294	0.690000	-0.041133
-0.020388	0.684000	-0.063562
-0.038770	0.691000	-0.021808
0.036189	0.688000	-0.045839
-0.025921	0.672000	-0.024743
0.014433	0.686000	0.004811
0.032381	0.684000	-0.044373
0.018824	0.671000	-0.042354
0.005909	0.674000	-0.059087
0.009482	0.676000	-0.005926
0.010509	0.666000	-0.043206
0.009510	0.678000	-0.003566
0.027664	0.686000	-0.056531
-0.019048	0.679000	-0.005953
-0.002406	0.686000	0.006014
0.005891	0.672000	-0.011782
0.028572	0.679000	-0.025001
-0.033580	0.684000	-0.016790
0.028572	0.679000	-0.044049
0.034932	0.687000	-0.022886
0.006145	0.701000	0.018436
0.004657	0.664000	-0.029105
0.002328	0.664000	-0.023284
0.001176	0.671000	-0.010588
-0.002325	0.663000	-0.024412
0.032333	0.683000	-0.039518
0.018824	0.671000	-0.032942
-0.004678	0.667000	-0.057304
-0.034932	0.687000	-0.018068
0.026076	0.676000	-0.036743
-0.008248	0.672000	-0.061268
0.030157	0.688000	-0.002413
0.026069	0.708000	0.014896
0.012845	0.666000	-0.033864
0.034881	0.686000	-0.031272
-0.004937	0.704000	0.018515
-0.029587	0.675000	-0.023670
0.014013	0.666000	-0.029193
0.027583	0.684000	-0.004797
-0.006964	0.662000	-0.031339
-0.028951	0.688000	-0.001206
-0.032286	0.682000	-0.041852
0.012961	0.672000	-0.012961
0.016471	0.671000	-0.023530
-0.021903	0.694000	0.006084
-0.028236	0.671000	-0.032942
0.030070	0.686000	-0.006014
0.001212	0.691000	0.010904
-0.016299	0.664000	-0.040747
-0.029077	0.691000	0.001212
-0.013385	0.694000	0.012168
0.022986	0.690000	0.004839
0.000000	0.662000	-0.037143
0.025148	0.683000	-0.059876
0.027233	0.706000	0.012379
0.025001	0.679000	-0.014286
0.018436	0.701000	0.017207
0.003682	0.700000	0.018410
-0.034932	0.687000	-0.015659
-0.002339	0.667000	-0.016373
0.009819	0.700000	0.018410
-0.010001	0.713000	0.026253
-0.020000	0.671000	-0.018824
-0.002339	0.667000	-0.056135
-0.003566	0.678000	-0.002378
0.010478	0.664000	-0.037255
0.002367	0.675000	-0.005917
0.022586	0.678000	-0.053494
0.031136	0.683000	-0.023951
-0.016348	0.666000	-0.049044
0.035644	0.701000	0.003687
0.036136	0.687000	-0.037341
0.008174	0.666000	-0.044373
0.028741	0.683000	-0.009580
0.033727	0.687000	-0.012045
-0.020686	0.694000	0.006084
-0.027261	0.676000	-0.016594
-0.041372	0.694000	-0.019469
-0.017035	0.694000	0.008518
0.043805	0.694000	-0.023119
-0.026191	0.679000	-0.051192
-0.018684	0.666000	-0.044373
-0.036189	0.688000	-0.026538
-0.008174	0.666000	-0.053715
-0.040097	0.693000	-0.021871
-0.014349	0.682000	-0.000000
0.034932	0.687000	-0.034932
0.015408	0.676000	-0.060448
0.009566	0.682000	0.001196
-0.001205	0.687000	0.007227
0.041610	0.698000	-0.003671
0.012883	0.668000	-0.048020
0.001189	0.678000	-0.064193
-0.010636	0.674000	-0.008272
-0.006145	0.701000	0.017207
-0.003482	0.662000	-0.047589
0.023635	0.674000	-0.029544
-0.011625	0.663000	-0.045336
0.001162	0.663000	-0.026737
0.011141	0.706000	0.019806
0.027341	0.678000	-0.038040
-0.021208	0.672000	-0.050664
0.016594	0.676000	-0.056892
-0.013154	0.682000	0.001196
-0.024964	0.678000	-0.051117
-0.008370	0.682000	0.002392
0.007301	0.694000	0.012168
0.037721	0.694000	-0.010951
0.024854	0.675000	-0.041422
