-0.064382	0.680000	-0.033383
-0.055625	0.675000	-0.036688
0.024711	0.783000	0.008237
0.025613	0.664000	-0.046569
-0.061377	0.761000	-0.001334
-0.028699	0.682000	-0.066963
-0.053933	0.769000	-0.005393
-0.002770	0.790000	-0.005541
0.006943	0.792000	0.024996
0.000000	0.789000	0.005534
0.025918	0.778000	-0.027282
-0.014034	0.667000	-0.057304
-0.046635	0.682000	-0.059789
-0.029938	0.683000	-0.067061
-0.052768	0.684000	-0.052768
-0.017984	0.789000	-0.020751
-0.006926	0.790000	-0.011081
0.037655	0.767000	-0.032275
-0.016601	0.789000	0.004150
-0.006917	0.789000	0.016601
0.044379	0.767000	-0.024207
-0.024743	0.672000	-0.061268
-0.018459	0.658000	-0.044994
0.016474	0.783000	-0.021966
0.066283	0.727000	-0.015296
-0.027597	0.787000	0.012419
0.050370	0.684000	-0.043174
0.042922	0.680000	-0.050075
-0.047498	0.774000	0.002714
-0.022134	0.789000	-0.008300
0.050075	0.680000	-0.039345
0.048979	0.755000	-0.037065
0.009426	0.672000	-0.060090
-0.031737	0.787000	-0.004140
-0.022078	0.787000	0.004140
0.047340	0.675000	-0.035505
0.023775	0.678000	-0.059438
0.031576	0.667000	-0.040932
-0.039559	0.778000	-0.020461
-0.056261	0.764000	-0.025451
-0.044049	0.679000	-0.055954
0.056922	0.755000	-0.000000
0.039355	0.774000	0.005428
0.036499	0.771000	0.017574
0.048979	0.755000	-0.034418
-0.059022	0.687000	-0.050591
-0.022134	0.789000	-0.006917
-0.073193	0.759000	0.002662
-0.068049	0.761000	0.002669
-0.059171	0.767000	-0.013448
-0.058077	0.676000	-0.030817
0.020593	0.783000	-0.019220
-0.027941	0.664000	-0.048897
0.046455	0.757000	-0.037164
-0.058169	0.754000	-0.038338
-0.059613	0.680000	-0.044114
-0.046260	0.776000	0.005442
0.005534	0.789000	-0.008300
0.055156	0.749000	-0.032831
0.044726	0.773000	0.010843
-0.069018	0.757000	-0.000000
-0.061377	0.761000	-0.013343
0.006917	0.789000	0.013834
-0.017847	0.783000	-0.028830
-0.038293	0.780000	-0.005470
0.035284	0.774000	-0.018999
-0.054213	0.773000	0.005421
-0.056040	0.761000	-0.033357
0.012450	0.789000	-0.012450
0.005534	0.789000	0.005534
0.044494	0.769000	-0.014831
-0.011067	0.789000	-0.019367
0.016373	0.667000	-0.054965
0.013799	0.787000	0.008279
-0.064382	0.680000	-0.030999
0.045843	0.769000	0.001348
0.020540	0.781000	-0.026018
0.023179	0.661000	-0.044040
0.044610	0.771000	-0.010815
0.002770	0.790000	0.015236
-0.046260	0.776000	-0.001361
-0.040060	0.672000	-0.051843
0.026084	0.783000	0.019220
-0.001161	0.662000	-0.052232
-0.011537	0.658000	-0.044994
-0.023279	0.781000	-0.026018
-0.054706	0.761000	-0.030689
0.051871	0.688000	-0.048252
0.023339	0.783000	0.005491
0.027212	0.776000	-0.028572
0.005856	0.668000	-0.058561
0.000000	0.662000	-0.052232
0.024706	0.671000	-0.052942
0.040555	0.771000	0.014870
-0.002339	0.667000	-0.057304
0.002753	0.785000	-0.027527
-0.004643	0.662000	-0.052232
0.044494	0.769000	-0.013483
-0.035603	0.781000	-0.001369
-0.050017	0.771000	-0.022981
-0.038440	0.783000	0.019220
0.067929	0.731000	-0.010253
0.009610	0.783000	-0.027457
0.034102	0.778000	-0.015005
0.024711	0.783000	-0.020593
0.025497	0.661000	-0.042881
0.036594	0.773000	-0.018975
0.008284	0.675000	-0.063909
0.055156	0.749000	-0.028891
-0.028977	0.787000	0.002760
0.009454	0.674000	-0.061451
0.037928	0.676000	-0.047410
0.026018	0.781000	-0.020540
0.066921	0.734000	-0.007722
0.005505	0.785000	-0.026151
0.042015	0.773000	0.006777
-0.010383	0.658000	-0.044994
0.023109	0.659000	-0.041596
-0.008346	0.680000	-0.069151
-0.062547	0.759000	-0.003992
-0.055281	0.769000	-0.006742
0.043034	0.767000	-0.024207
-0.024901	0.789000	-0.006917
-0.072229	0.749000	-0.010506
-0.058765	0.684000	-0.046772
-0.069881	0.752000	-0.005274
0.056319	0.747000	-0.023575
0.039355	0.774000	-0.013571
-0.042290	0.670000	-0.046989
-0.040923	0.778000	-0.016369
0.008279	0.787000	-0.000000
0.020149	0.676000	-0.060448
0.035466	0.778000	0.012277
-0.002378	0.678000	-0.066571
0.037262	0.759000	-0.038593
0.009684	0.789000	-0.006917
0.056284	0.683000	-0.033531
0.005926	0.676000	-0.065189
0.004119	0.783000	-0.028830
-0.042069	0.774000	-0.023070
-0.011067	0.789000	-0.000000
0.009684	0.789000	0.016601
-0.030126	0.781000	-0.021910
0.055065	0.766000	0.009401
0.002770	0.790000	0.016622
-0.018052	0.792000	0.022218
-0.003477	0.661000	-0.050994
-0.048855	0.774000	0.005428
-0.033927	0.774000	-0.032570
0.041798	0.769000	-0.021573
0.009482	0.676000	-0.065189
0.057783	0.749000	-0.011819
0.070989	0.723000	-0.019015
-0.018007	0.790000	-0.000000
-0.067651	0.742000	-0.023418
-0.035715	0.679000	-0.060716
0.036641	0.774000	0.002714
0.025785	0.774000	-0.031213
-0.001169	0.667000	-0.057304
-0.013834	0.789000	0.005534
-0.026084	0.783000	-0.023339
-0.015454	0.678000	-0.065382
-0.026218	0.787000	0.009659
-0.048792	0.773000	-0.012198
-0.009684	0.789000	-0.001383
-0.023517	0.789000	0.004150
-0.011081	0.790000	-0.004155
-0.028756	0.781000	-0.021910
-0.019269	0.785000	-0.024775
0.046772	0.684000	-0.047971
0.050770	0.762000	0.002672
-0.059789	0.682000	-0.045439
-0.015317	0.672000	-0.061268
0.013038	0.676000	-0.065189
0.050770	0.762000	0.004008
0.037998	0.774000	-0.014928
-0.035663	0.678000	-0.059438
-0.027387	0.781000	-0.026018
-0.022078	0.787000	0.012419
0.069721	0.723000	-0.015212
-0.009635	0.785000	-0.026151
-0.036688	0.675000	-0.055625
0.050436	0.757000	-0.029200
0.008300	0.789000	-0.011067
0.045366	0.761000	-0.030689
-0.043651	0.778000	0.002728
0.024648	0.781000	0.004108
-0.012450	0.789000	-0.000000
0.004727	0.674000	-0.062633
-0.063288	0.752000	-0.019778
0.027387	0.781000	-0.001369
0.039355	0.774000	0.009500
0.017893	0.785000	0.016516
-0.031576	0.783000	0.001373
-0.004166	0.792000	-0.006943
0.047068	0.767000	-0.016138
0.002767	0.789000	-0.002767
-0.018007	0.790000	-0.005541
0.052106	0.762000	-0.021377
-0.023517	0.789000	-0.008300
0.031907	0.674000	-0.050815
-0.063469	0.683000	-0.041913
0.008300	0.789000	-0.005534
-0.040299	0.676000	-0.054522
-0.057818	0.687000	-0.051795
0.050966	0.676000	-0.033187
0.013799	0.787000	0.019318
-0.026191	0.679000	-0.064288
0.001159	0.661000	-0.049835
-0.004734	0.675000	-0.063909
0.013928	0.662000	-0.051071
-0.047498	0.774000	-0.002714
0.010652	0.675000	-0.062725
-0.020239	0.679000	-0.066669
0.001191	0.679000	-0.069050
0.025984	0.780000	-0.024617
0.013865	0.659000	-0.045062
0.020593	0.783000	-0.021966
-0.051502	0.773000	-0.000000
-0.035694	0.783000	0.017847
0.044114	0.680000	-0.046498
-0.029018	0.662000	-0.044107
-0.041177	0.671000	-0.049412
0.034102	0.778000	0.009549
0.013799	0.787000	0.005519
0.032654	0.776000	-0.001361
0.024711	0.783000	0.012356
0.010652	0.675000	-0.063909
-0.041607	0.678000	-0.055872
0.051900	0.759000	-0.006654
0.021555	0.683000	-0.064666
-0.061458	0.762000	-0.016032
0.046362	0.678000	-0.041607
-0.039559	0.778000	-0.021825
0.017938	0.787000	-0.012419
0.067377	0.739000	-0.001296
0.008186	0.667000	-0.057304
-0.046700	0.761000	-0.037360
-0.031386	0.663000	-0.043011
0.037648	0.671000	-0.042354
-0.057601	0.764000	-0.024112
0.011554	0.659000	-0.046218
-0.008258	0.785000	-0.026151
-0.042015	0.773000	-0.031173
0.024711	0.783000	-0.012356
0.031495	0.781000	0.009585
0.002770	0.790000	-0.009696
0.048979	0.755000	-0.031770
0.047191	0.769000	-0.013483
0.011554	0.659000	-0.045062
-0.024375	0.662000	-0.049910
0.044244	0.682000	-0.050222
0.037998	0.774000	0.002714
0.039101	0.769000	-0.022921
-0.036973	0.781000	-0.009585
-0.039113	0.676000	-0.056892
0.037998	0.774000	0.010857
-0.031718	0.670000	-0.055212
-0.031386	0.663000	-0.045336
-0.031656	0.785000	-0.001376
0.055009	0.747000	-0.019646
-0.013851	0.790000	0.013851
0.001385	0.790000	0.022162
0.064698	0.738000	-0.006470
0.003566	0.678000	-0.066571
0.019146	0.780000	-0.027352
-0.010588	0.671000	-0.061177
0.009684	0.789000	-0.019367
0.048224	0.764000	-0.020093
0.014139	0.672000	-0.060090
-0.036973	0.781000	-0.015063
0.035375	0.776000	-0.010885
-0.030178	0.662000	-0.044107
-0.032191	0.680000	-0.064382
-0.019048	0.679000	-0.065478
-0.012450	0.789000	-0.017984
-0.038293	0.780000	-0.006838
0.067372	0.725000	-0.013983
-0.042396	0.780000	-0.009573
-0.035466	0.778000	-0.027282
-0.023130	0.776000	-0.031293
0.058702	0.744000	-0.014349
-0.015179	0.787000	-0.022078
-0.019643	0.659000	-0.045062
0.049563	0.764000	-0.008037
-0.038342	0.781000	-0.009585
0.008300	0.789000	0.016601
0.043258	0.771000	0.017574
0.037851	0.771000	-0.022981
-0.032949	0.783000	0.002746
-0.052923	0.686000	-0.054125
-0.060813	0.754000	-0.038338
-0.070160	0.755000	-0.002648
-0.049781	0.676000	-0.047410
-0.040001	0.671000	-0.050589
-0.052447	0.767000	-0.025551
0.044049	0.679000	-0.045240
0.012419	0.787000	-0.005519
0.013764	0.785000	0.012387
-0.045015	0.778000	-0.012277
0.008279	0.787000	0.002760
-0.018007	0.790000	0.020777
0.024890	0.676000	-0.058077
0.050002	0.679000	-0.038096
-0.023517	0.789000	-0.004150
-0.034576	0.680000	-0.063190
-0.031293	0.776000	-0.031293
-0.006922	0.658000	-0.047301
-0.049433	0.762000	-0.034737
-0.061216	0.759000	-0.029277
-0.006882	0.785000	-0.026151
0.016558	0.787000	-0.015179
0.039355	0.774000	-0.004071
0.015044	0.780000	-0.030087
-0.007143	0.679000	-0.070240
-0.031576	0.783000	0.002746
0.006899	0.787000	-0.023458
-0.001385	0.790000	0.023547
-0.042669	0.676000	-0.053336
-0.011067	0.789000	0.001383
0.015179	0.787000	0.020698
-0.061377	0.761000	0.001334
0.034234	0.781000	0.015063
0.020239	0.679000	-0.061907
0.053494	0.678000	-0.034474
-0.025918	0.778000	-0.030010
-0.006954	0.661000	-0.050994
-0.026218	0.787000	0.012419
0.026307	0.682000	-0.062180
-0.034015	0.776000	-0.031293
0.061475	0.746000	-0.002616
-0.022078	0.787000	-0.016558
0.027387	0.781000	-0.010955
0.015066	0.661000	-0.048676
-0.051457	0.667000	-0.035084
-0.053889	0.683000	-0.050296
-0.031576	0.783000	0.009610
-0.015275	0.792000	0.022218
0.019269	0.785000	0.009635
0.005534	0.789000	-0.000000
-0.039711	0.781000	0.016432
-0.062711	0.761000	0.001334
-0.012883	0.668000	-0.058561
-0.018007	0.790000	0.019392
-0.005944	0.678000	-0.066571
-0.021953	0.659000	-0.045062
-0.036254	0.667000	-0.049118
0.047782	0.757000	-0.031855
0.000000	0.790000	0.022162
0.012710	0.659000	-0.047373
-0.050017	0.771000	-0.020277
0.069684	0.736000	-0.005162
0.054274	0.755000	-0.011914
-0.015021	0.659000	-0.046218
0.028756	0.781000	-0.006847
-0.013851	0.790000	0.015236
0.048811	0.679000	-0.040477
0.053722	0.766000	0.010744
0.046909	0.686000	-0.049314
-0.001385	0.790000	-0.013851
0.009684	0.789000	-0.005534
-0.031907	0.674000	-0.057906
0.013038	0.676000	-0.064004
-0.030357	0.787000	-0.008279
-0.027597	0.787000	0.004140
-0.046260	0.776000	-0.000000
-0.028977	0.787000	0.013799
-0.038342	0.781000	0.006847
0.031293	0.776000	-0.000000
-0.030087	0.780000	-0.025984
0.012864	0.667000	-0.056135
-0.001191	0.679000	-0.069050
-0.029105	0.664000	-0.048897
0.070989	0.723000	-0.016480
0.055377	0.752000	-0.013185
0.023284	0.664000	-0.047733
-0.061377	0.761000	-0.005337
-0.061458	0.762000	-0.017369
0.002335	0.666000	-0.056051
0.000000	0.789000	-0.008300
0.009684	0.789000	0.019367
0.015408	0.676000	-0.062818
0.016250	0.662000	-0.049910
-0.018007	0.790000	-0.001385
-0.054204	0.687000	-0.053000
-0.010715	0.679000	-0.070240
0.048524	0.675000	-0.034322
-0.060448	0.676000	-0.030817
-0.014265	0.678000	-0.067759
0.002328	0.664000	-0.054718
-0.017984	0.789000	0.004150
-0.056613	0.687000	-0.054204
0.053371	0.761000	0.001334
-0.004155	0.790000	0.022162
-0.056776	0.771000	0.006759
0.023279	0.781000	-0.026018
0.008300	0.789000	-0.009684
-0.008076	0.658000	-0.046148
-0.016558	0.787000	-0.023458
-0.053442	0.762000	-0.032065
-0.057977	0.769000	0.004045
-0.032738	0.778000	-0.028646
-0.030280	0.785000	0.001376
0.004636	0.661000	-0.049835
0.056319	0.747000	-0.020956
0.022022	0.785000	0.019269
-0.056040	0.761000	-0.030689
0.033966	0.668000	-0.040993
-0.026218	0.787000	0.004140
-0.020777	0.790000	0.020777
-0.008300	0.789000	-0.009684
0.051103	0.767000	0.010758
-0.008279	0.787000	-0.024838
-0.042287	0.778000	0.004092
-0.038293	0.780000	-0.013676
-0.058249	0.678000	-0.041607
0.018627	0.664000	-0.048897
-0.037067	0.783000	0.005491
0.023339	0.783000	0.004119
-0.016397	0.668000	-0.058561
0.060248	0.747000	-0.002619
-0.003551	0.675000	-0.063909
-0.029051	0.789000	0.017984
0.039355	0.774000	-0.005428
-0.031718	0.670000	-0.054038
-0.041852	0.682000	-0.062180
-0.064435	0.750000	-0.018410
0.043146	0.769000	-0.000000
-0.048792	0.773000	-0.010843
0.031173	0.773000	-0.031173
0.035375	0.776000	0.002721
-0.069695	0.750000	-0.009205
0.017893	0.785000	0.002753
-0.001191	0.679000	-0.067859
-0.038342	0.781000	-0.008216
-0.015454	0.678000	-0.067759
0.005795	0.661000	-0.049835
-0.039711	0.781000	0.012324
0.049386	0.687000	-0.049386
0.056319	0.747000	-0.027505
0.025536	0.662000	-0.044107
-0.058249	0.678000	-0.040418
-0.041028	0.780000	-0.001368
-0.031955	0.675000	-0.059175
0.052600	0.750000	-0.015780
-0.037123	0.683000	-0.064666
-0.031737	0.787000	-0.006899
-0.012748	0.661000	-0.048676
-0.022078	0.787000	-0.001380
0.004150	0.789000	0.013834
0.034474	0.678000	-0.051117
0.022022	0.785000	-0.006882
0.044049	0.679000	-0.044049
0.025111	0.682000	-0.062180
0.035375	0.776000	-0.013606
0.028720	0.780000	-0.021882
-0.022078	0.787000	0.015179
-0.057977	0.769000	0.005393
0.057073	0.757000	0.006636
0.024669	0.670000	-0.051688
0.005534	0.789000	-0.017984
-0.002770	0.790000	-0.006926
0.015021	0.659000	-0.046218
-0.070531	0.759000	0.001331
-0.053257	0.675000	-0.041422
-0.071483	0.755000	-0.002648
0.036525	0.672000	-0.042417
0.040712	0.774000	-0.008142
-0.008300	0.789000	-0.020751
0.021019	0.666000	-0.050212
-0.022253	0.668000	-0.058561
-0.051036	0.766000	-0.029547
-0.035603	0.781000	0.009585
-0.004155	0.790000	0.013851
-0.002767	0.789000	0.005534
-0.025574	0.663000	-0.049986
-0.028977	0.787000	-0.004140
0.016516	0.785000	0.002753
0.009659	0.787000	-0.001380
-0.032794	0.668000	-0.052705
-0.041028	0.780000	0.008206
0.054706	0.761000	0.006671
-0.013928	0.662000	-0.051071
-0.060043	0.761000	-0.006671
0.026153	0.678000	-0.058249
-0.028977	0.787000	0.009659
-0.002293	0.654000	-0.042427
0.000000	0.790000	-0.013851
-0.051267	0.680000	-0.051267
-0.028977	0.787000	-0.005519
0.003487	0.663000	-0.053473
-0.031737	0.787000	0.017938
-0.040418	0.678000	-0.057060
-0.001383	0.789000	0.017984
0.053077	0.688000	-0.044633
-0.066539	0.759000	-0.001331
-0.055893	0.759000	-0.035931
0.031011	0.769000	-0.033708
-0.034728	0.683000	-0.065864
-0.067244	0.752000	-0.013185
