-0.002469	0.704000	-0.049374
0.011819	0.749000	0.018385
0.030420	0.694000	-0.002434
-0.048750	0.662000	-0.023214
-0.006207	0.708000	-0.053378
0.036610	0.696000	0.014644
-0.011867	0.752000	0.022415
-0.022281	0.706000	-0.047038
-0.040509	0.722000	0.031648
-0.017095	0.750000	0.021040
0.024196	0.690000	-0.007259
0.006163	0.703000	-0.044373
-0.045336	0.663000	-0.025574
-0.011782	0.672000	0.008248
0.016643	0.678000	0.007133
0.022029	0.698000	-0.023253
0.014388	0.746000	0.032700
-0.030815	0.703000	-0.006163
-0.024854	0.675000	0.014202
0.025739	0.734000	0.036035
0.010936	0.693000	-0.029161
0.024056	0.686000	0.003608
-0.021044	0.706000	-0.055703
0.020805	0.698000	-0.025700
-0.027210	0.739000	0.040167
0.001215	0.693000	-0.030377
-0.009861	0.703000	-0.045606
0.015659	0.687000	-0.013250
-0.021682	0.687000	-0.012045
0.007364	0.700000	-0.040502
-0.037030	0.704000	-0.024687
-0.046428	0.662000	-0.019732
0.014286	0.679000	0.001191
-0.002399	0.684000	-0.016790
0.034365	0.700000	-0.011046
-0.007227	0.687000	-0.020477
-0.050061	0.664000	-0.024448
0.002363	0.674000	0.005909
-0.024757	0.706000	-0.042087
-0.016138	0.708000	-0.052137
0.013132	0.749000	0.018385
0.017884	0.680000	0.005961
0.030990	0.707000	-0.022313
0.000000	0.749000	0.034144
0.020703	0.738000	0.041407
-0.034905	0.711000	-0.034905
-0.036715	0.698000	-0.015910
0.005232	0.746000	0.047088
0.017183	0.700000	-0.033138
-0.037030	0.704000	-0.027156
0.002644	0.754000	0.021152
0.018140	0.739000	0.044054
0.009524	0.679000	-0.000000
0.034218	0.697000	-0.008555
-0.015363	0.674000	0.008272
-0.025700	0.698000	-0.029372
-0.037341	0.687000	0.015659
-0.002469	0.704000	-0.048140
0.029438	0.730000	0.033278
-0.032174	0.734000	0.042469
-0.034558	0.730000	0.028159
0.013366	0.693000	-0.023086
-0.028506	0.739000	0.036280
0.032665	0.690000	0.013308
-0.028404	0.675000	0.003551
-0.023020	0.691000	-0.018173
0.024685	0.741000	0.022087
-0.029582	0.703000	-0.030815
0.033138	0.700000	-0.009819
-0.004769	0.680000	-0.007154
-0.023020	0.691000	-0.016962
0.015612	0.742000	0.039029
-0.010604	0.672000	0.008248
-0.042038	0.666000	-0.003503
-0.001313	0.749000	0.036771
-0.018964	0.676000	0.001185
-0.027866	0.691000	-0.012116
-0.022087	0.741000	0.040276
0.003740	0.711000	-0.057345
0.027026	0.734000	0.033461
0.025884	0.703000	-0.024652
0.002644	0.754000	0.019830
-0.047589	0.662000	-0.015089
-0.029793	0.708000	-0.040965
0.023353	0.701000	-0.029498
-0.041193	0.691000	0.018173
-0.004881	0.696000	-0.034169
0.020703	0.738000	0.045289
0.024452	0.734000	0.038608
-0.004727	0.674000	0.002363
0.018673	0.710000	-0.044815
-0.024685	0.741000	0.046772
-0.005891	0.672000	0.007069
0.024519	0.736000	0.033552
-0.039406	0.725000	0.036864
-0.026770	0.694000	-0.018252
-0.025627	0.696000	-0.021966
-0.007090	0.674000	0.002363
0.015717	0.747000	0.026195
0.010699	0.678000	0.003566
-0.012063	0.688000	-0.021713
0.023845	0.680000	0.019076
0.004769	0.680000	-0.002385
-0.024890	0.676000	0.007112
0.025038	0.680000	0.011923
-0.022986	0.690000	-0.015727
-0.042946	0.662000	-0.024375
-0.028390	0.704000	-0.033327
-0.020686	0.694000	-0.026770
0.023353	0.701000	-0.028269
0.019301	0.688000	-0.010857
-0.014446	0.749000	0.035458
-0.035796	0.704000	-0.027156
0.004867	0.694000	-0.032854
0.028274	0.733000	0.038556
0.027117	0.703000	-0.024652
0.001313	0.749000	0.038084
0.002444	0.697000	-0.037884
-0.022218	0.704000	-0.043202
-0.014504	0.752000	0.019778
0.011788	0.747000	0.031434
0.002619	0.747000	0.040602
-0.030377	0.693000	-0.009720
0.031956	0.701000	-0.013520
0.024477	0.698000	-0.018357
0.027026	0.734000	0.029600
-0.020984	0.704000	-0.044436
0.032777	0.719000	-0.034037
0.012961	0.672000	0.011782
0.021163	0.710000	-0.042325
-0.014665	0.697000	-0.031774
0.021997	0.738000	0.028467
0.022029	0.698000	-0.026924
0.037939	0.698000	0.011014
-0.032174	0.734000	0.032174
-0.020775	0.697000	-0.030552
0.028390	0.704000	-0.029624
-0.026847	0.696000	-0.020745
0.014446	0.749000	0.018385
-0.023544	0.746000	0.017004
-0.014349	0.682000	-0.008370
-0.028511	0.707000	-0.038428
0.009903	0.706000	-0.047038
-0.044373	0.666000	-0.032696
-0.024743	0.672000	0.001178
0.023323	0.739000	0.025914
0.012961	0.672000	0.010604
-0.036136	0.687000	0.007227
0.006549	0.747000	0.036673
-0.004916	0.701000	-0.044247
-0.014202	0.675000	0.005917
-0.008469	0.690000	-0.027825
-0.034169	0.696000	-0.012203
0.034365	0.700000	-0.000000
-0.008272	0.674000	0.005909
-0.032854	0.694000	-0.009735
0.019436	0.739000	0.042759
-0.040790	0.727000	0.022944
-0.032991	0.672000	0.002356
-0.031055	0.738000	0.021997
0.036715	0.698000	-0.007343
0.023323	0.739000	0.023323
-0.007090	0.674000	0.003545
-0.030771	0.675000	0.003551
0.005232	0.746000	0.044472
-0.007069	0.672000	0.007069
-0.037016	0.728000	0.026805
-0.002342	0.668000	0.012883
-0.035982	0.662000	-0.016250
0.008628	0.703000	-0.041908
0.009650	0.688000	-0.020507
0.000000	0.704000	-0.048140
-0.004762	0.679000	-0.004762
-0.009735	0.694000	-0.032854
-0.019620	0.746000	0.028776
0.025809	0.736000	0.029680
-0.033762	0.664000	-0.004657
-0.007143	0.679000	-0.004762
-0.027261	0.676000	0.008297
0.034709	0.707000	-0.017354
-0.007238	0.688000	-0.022920
0.031364	0.688000	0.012063
-0.010464	0.746000	0.040548
-0.022117	0.742000	0.033825
-0.009205	0.750000	0.028930
-0.008432	0.687000	-0.020477
-0.023453	0.704000	-0.041968
0.004706	0.671000	0.010588
-0.011898	0.754000	0.017186
-0.031728	0.696000	-0.015864
0.001191	0.679000	-0.003572
-0.035928	0.661000	-0.026656
-0.043076	0.664000	-0.004657
-0.041912	0.664000	-0.029105
-0.001206	0.688000	-0.022920
0.029751	0.707000	-0.019834
-0.030377	0.693000	-0.012151
0.017453	0.711000	-0.049865
0.010936	0.693000	-0.026731
-0.012999	0.674000	0.007090
-0.033327	0.704000	-0.030859
-0.018964	0.676000	-0.000000
-0.028108	0.697000	-0.021997
-0.021776	0.690000	-0.016937
0.000000	0.670000	0.010573
-0.024718	0.742000	0.028621
0.019567	0.744000	0.022176
0.015636	0.686000	-0.007217
0.013019	0.675000	0.008284
0.015549	0.739000	0.046646
-0.001175	0.670000	0.010573
-0.041312	0.693000	0.013366
-0.031911	0.700000	-0.023319
-0.019515	0.742000	0.039029
-0.030589	0.671000	0.001176
-0.034169	0.696000	-0.013424
0.024619	0.739000	0.023323
0.001183	0.675000	0.003551
0.009720	0.693000	-0.027946
-0.017072	0.749000	0.022325
0.004846	0.691000	-0.027866
-0.027156	0.704000	-0.038265
-0.031718	0.670000	-0.002349
0.028390	0.704000	-0.018515
0.037884	0.697000	-0.004888
0.022920	0.688000	-0.007238
0.003714	0.706000	-0.050752
0.022092	0.700000	-0.030683
0.015978	0.701000	-0.034414
0.020703	0.738000	0.040113
0.001313	0.749000	0.034144
-0.019515	0.742000	0.037728
-0.042881	0.661000	-0.018543
-0.044107	0.662000	-0.013928
0.029479	0.731000	0.039732
0.009205	0.750000	0.018410
-0.025443	0.691000	-0.015750
-0.030815	0.703000	-0.028350
-0.040565	0.723000	0.032959
-0.030971	0.736000	0.024519
0.015545	0.682000	-0.002392
0.020686	0.694000	-0.018252
0.034169	0.696000	0.003661
-0.006075	0.693000	-0.029161
0.021997	0.738000	0.041407
0.018263	0.744000	0.024785
-0.020656	0.693000	-0.025516
-0.008346	0.680000	-0.007154
0.000000	0.703000	-0.045606
0.010636	0.674000	0.011817
0.009931	0.708000	-0.050896
-0.002448	0.698000	-0.039162
0.004881	0.696000	-0.035389
0.023852	0.716000	-0.051471
0.010825	0.686000	-0.010825
0.010841	0.687000	-0.015659
0.021997	0.738000	0.038819
0.035445	0.722000	0.031648
-0.038265	0.704000	-0.018515
0.026307	0.682000	0.017937
-0.039569	0.728000	0.021699
-0.007396	0.703000	-0.045606
0.005274	0.752000	0.019778
-0.040790	0.727000	0.024219
0.031318	0.687000	0.013250
-0.009594	0.684000	-0.014391
0.005917	0.675000	0.003551
0.019488	0.741000	0.025984
-0.020956	0.747000	0.022266
0.004986	0.711000	-0.056098
-0.001206	0.688000	-0.021713
0.031592	0.693000	-0.001215
-0.003545	0.674000	0.002363
0.035288	0.694000	0.009735
-0.016047	0.704000	-0.043202
-0.012273	0.700000	-0.038047
-0.028506	0.739000	0.031097
-0.009636	0.687000	-0.020477
0.032854	0.694000	0.002434
-0.044173	0.663000	-0.008137
-0.032412	0.711000	-0.044878
-0.023219	0.697000	-0.030552
0.027026	0.734000	0.027026
0.017035	0.694000	-0.023119
-0.020894	0.701000	-0.038102
0.010464	0.746000	0.035316
0.006233	0.711000	-0.056098
0.011220	0.711000	-0.054851
-0.015612	0.742000	0.042932
-0.014875	0.707000	-0.049584
-0.042922	0.720000	0.034085
-0.013501	0.700000	-0.038047
-0.042038	0.666000	-0.031528
0.019525	0.696000	-0.023186
0.014349	0.682000	-0.003587
0.027619	0.716000	-0.033895
-0.024757	0.706000	-0.043325
0.011788	0.747000	0.027505
0.007238	0.688000	-0.020507
-0.032174	0.734000	0.038608
0.021997	0.738000	0.046583
-0.004937	0.704000	-0.046905
-0.030508	0.696000	-0.017084
0.031911	0.700000	-0.012273
-0.034748	0.734000	0.021878
-0.032191	0.680000	0.008346
-0.009524	0.679000	-0.004762
0.009833	0.701000	-0.039331
0.030634	0.728000	0.030634
-0.027271	0.707000	-0.039667
-0.017027	0.747000	0.030124
0.008714	0.710000	-0.053529
-0.013150	0.750000	0.024985
0.007879	0.749000	0.023638
0.007227	0.687000	-0.016864
-0.028446	0.676000	0.008297
-0.019515	0.742000	0.040330
-0.030552	0.697000	-0.020775
0.003666	0.697000	-0.037884
0.028108	0.697000	-0.012221
-0.010464	0.746000	0.041856
-0.013154	0.682000	-0.004783
0.006505	0.742000	0.049437
0.000000	0.678000	-0.000000
-0.019620	0.746000	0.034008
-0.021903	0.694000	-0.025553
-0.010366	0.739000	0.050533
0.003929	0.747000	0.047151
0.013501	0.700000	-0.033138
0.035237	0.693000	0.010936
0.009454	0.674000	0.007090
-0.047589	0.662000	-0.018571
-0.032174	0.734000	0.024452
-0.043742	0.693000	0.015796
0.028783	0.684000	0.013192
0.000000	0.678000	-0.002378
-0.003598	0.684000	-0.016790
-0.008186	0.667000	0.012864
0.002381	0.679000	-0.002381
-0.003608	0.686000	-0.019245
0.015363	0.674000	0.014181
-0.019646	0.747000	0.024885
-0.037395	0.688000	0.009650
0.002619	0.747000	0.048460
0.022439	0.711000	-0.042385
-0.018489	0.703000	-0.040676
-0.024854	0.675000	0.013019
-0.015659	0.687000	-0.016864
0.005288	0.754000	0.017186
0.002349	0.670000	0.014097
-0.040625	0.662000	-0.008125
-0.046428	0.662000	-0.022053
0.025739	0.734000	0.045043
0.016320	0.716000	-0.053982
-0.017183	0.700000	-0.036820
0.016888	0.688000	-0.014476
0.006566	0.749000	0.034144
0.008665	0.706000	-0.048276
-0.009903	0.706000	-0.049514
-0.037367	0.666000	-0.036199
-0.031623	0.668000	-0.003514
0.014602	0.694000	-0.025553
0.037830	0.696000	0.019525
0.003929	0.747000	0.048460
-0.029761	0.738000	0.027173
0.018964	0.676000	0.011853
0.028390	0.704000	-0.025921
-0.033383	0.680000	0.011923
-0.019806	0.706000	-0.048276
0.031998	0.730000	0.025599
-0.030589	0.671000	-0.000000
-0.030552	0.697000	-0.019553
-0.019385	0.691000	-0.024231
-0.010794	0.684000	-0.014391
0.007890	0.750000	0.021040
-0.032097	0.678000	0.005944
-0.008370	0.682000	-0.011958
-0.037143	0.662000	-0.009286
0.007438	0.707000	-0.049584
0.034365	0.700000	0.001227
-0.025921	0.704000	-0.045671
0.030718	0.730000	0.025599
0.017575	0.716000	-0.052726
-0.009254	0.754000	0.021152
-0.026037	0.675000	0.015386
0.033043	0.698000	-0.008567
-0.028511	0.707000	-0.042147
-0.023519	0.706000	-0.045801
-0.021713	0.688000	-0.015682
0.005944	0.678000	0.001189
-0.004811	0.686000	-0.019245
0.029288	0.696000	-0.008542
-0.036084	0.686000	0.014433
-0.014504	0.752000	0.021096
-0.013076	0.678000	-0.002378
-0.039724	0.708000	-0.019862
0.001198	0.683000	-0.011975
-0.036305	0.714000	-0.042564
-0.040097	0.693000	0.008505
0.006172	0.704000	-0.045671
-0.032174	0.734000	0.025739
-0.037423	0.667000	-0.001169
0.034709	0.707000	-0.021073
-0.020239	0.679000	-0.003572
0.015717	0.747000	0.024885
0.018189	0.741000	0.035079
0.007827	0.744000	0.044352
-0.032949	0.696000	-0.012203
-0.029498	0.701000	-0.028269
-0.024619	0.739000	0.040167
-0.015717	0.747000	0.014407
0.024452	0.734000	0.039895
0.024519	0.736000	0.030971
-0.005961	0.680000	-0.007154
-0.008383	0.683000	-0.014370
0.035288	0.694000	0.007301
0.010936	0.693000	-0.024301
-0.002413	0.688000	-0.021713
-0.035745	0.703000	-0.022187
-0.022218	0.704000	-0.039499
-0.006049	0.690000	-0.026616
-0.041722	0.661000	-0.024338
-0.018094	0.688000	-0.020507
0.007290	0.693000	-0.031592
-0.040625	0.662000	-0.010446
-0.029680	0.736000	0.038714
-0.033461	0.734000	0.023165
-0.030971	0.736000	0.027100
0.019245	0.686000	-0.003608
-0.023951	0.683000	-0.007185
-0.001210	0.690000	-0.026616
0.010408	0.742000	0.042932
0.007448	0.708000	-0.052137
-0.002342	0.668000	0.011712
0.032777	0.719000	-0.032777
0.011888	0.678000	0.004755
0.010478	0.747000	0.026195
-0.016741	0.682000	-0.007175
0.006566	0.749000	0.028891
0.033422	0.706000	-0.023519
-0.029368	0.670000	-0.001175
-0.036136	0.687000	0.018068
-0.007501	0.713000	-0.057506
0.000000	0.679000	-0.003572
0.028274	0.733000	0.042411
-0.005218	0.744000	0.048266
-0.029600	0.734000	0.046330
0.037884	0.697000	0.012221
-0.036966	0.727000	0.034416
0.036820	0.700000	0.004909
-0.009266	0.755000	0.018533
-0.029763	0.679000	0.007143
-0.018336	0.747000	0.028814
-0.034414	0.701000	-0.007375
0.004860	0.693000	-0.029161
-0.046709	0.666000	-0.031528
-0.013154	0.682000	-0.009566
0.017453	0.711000	-0.047372
-0.025914	0.739000	0.038871
0.015545	0.682000	0.002392
-0.028446	0.676000	0.007112
0.028699	0.682000	0.020328
0.020507	0.688000	-0.012063
0.004818	0.687000	-0.019273
0.019020	0.678000	0.009510
-0.050061	0.664000	-0.026777
0.016115	0.707000	-0.042147
0.028274	0.733000	0.034700
0.008334	0.679000	-0.001191
0.000000	0.747000	0.044531
-0.044107	0.662000	-0.022053
-0.003682	0.700000	-0.044184
0.036711	0.722000	0.034179
0.011788	0.747000	0.024885
0.020703	0.738000	0.038819
0.021461	0.680000	0.008346
0.014223	0.676000	0.008297
0.022886	0.687000	-0.001205
0.021682	0.687000	-0.006023
-0.002378	0.678000	-0.002378
0.014539	0.691000	-0.019385
-0.007112	0.676000	-0.000000
-0.048897	0.664000	-0.027941
0.001176	0.671000	0.008235
-0.013616	0.706000	-0.048276
-0.043206	0.666000	-0.032696
0.019862	0.708000	-0.039724
-0.016024	0.703000	-0.040676
0.019806	0.706000	-0.034660
0.017109	0.697000	-0.026886
0.033422	0.706000	-0.013616
0.034071	0.694000	0.006084
-0.003945	0.750000	0.032875
0.036662	0.697000	-0.008555
-0.010794	0.684000	-0.015591
0.035237	0.693000	0.015796
-0.031637	0.694000	-0.012168
-0.001319	0.752000	0.029007
-0.034169	0.696000	-0.014644
-0.034779	0.684000	0.016790
