-0.006505	0.742000	0.042932
-0.055237	0.716000	0.043939
0.026384	0.684000	0.014391
-0.003661	0.696000	-0.041491
0.003556	0.676000	-0.003556
0.008628	0.703000	-0.045606
0.015380	0.731000	0.034606
-0.027899	0.663000	0.018599
0.014286	0.679000	0.001191
0.001215	0.693000	-0.034022
0.010604	0.672000	0.010604
0.001183	0.675000	-0.002367
-0.028909	0.687000	-0.024091
-0.028506	0.739000	0.040167
-0.024852	0.746000	0.027468
0.009482	0.676000	0.001185
-0.022520	0.676000	-0.007112
0.008567	0.698000	-0.037939
-0.051543	0.717000	0.037714
-0.042957	0.700000	-0.024547
-0.010436	0.744000	0.040439
0.028672	0.711000	0.043632
-0.015612	0.742000	0.045534
-0.007343	0.698000	-0.046505
-0.023020	0.691000	-0.033923
-0.015386	0.675000	-0.005917
-0.041968	0.704000	-0.032093
0.005197	0.741000	0.032480
-0.008199	0.668000	0.005856
0.000000	0.664000	0.015135
0.000000	0.707000	-0.057022
-0.032640	0.716000	-0.056492
-0.043570	0.710000	-0.038591
0.001192	0.680000	-0.016692
0.020328	0.682000	0.005979
-0.022786	0.684000	-0.021587
0.003551	0.675000	-0.002367
0.009538	0.680000	-0.007154
0.010324	0.736000	0.032261
-0.037123	0.683000	-0.005988
0.015682	0.688000	-0.015682
-0.033552	0.736000	0.049037
-0.008444	0.688000	-0.030157
-0.003566	0.678000	-0.013076
0.020030	0.672000	0.024743
-0.029719	0.678000	-0.005944
-0.018214	0.742000	0.053340
-0.055237	0.716000	0.045194
-0.019620	0.746000	0.030084
-0.023284	0.664000	0.015135
-0.040958	0.730000	0.035838
0.020477	0.687000	-0.004818
0.014137	0.733000	0.042411
-0.017411	0.662000	0.023214
-0.003913	0.744000	0.035221
-0.002321	0.662000	0.017411
-0.019515	0.742000	0.037728
0.009058	0.738000	0.037525
-0.017989	0.684000	-0.023986
-0.016471	0.671000	0.001176
-0.028614	0.680000	-0.009538
-0.046635	0.682000	0.015545
-0.012273	0.700000	-0.047866
-0.048104	0.722000	0.043041
0.011346	0.719000	-0.060511
-0.037123	0.683000	-0.007185
-0.029761	0.738000	0.046583
0.008604	0.701000	-0.043018
-0.006049	0.690000	-0.033874
0.008395	0.684000	-0.017989
0.001299	0.741000	0.041575
0.005839	0.666000	0.015180
0.019581	0.698000	-0.025700
0.027619	0.716000	0.045194
0.004755	0.678000	-0.009510
-0.021966	0.696000	-0.040271
0.027382	0.679000	0.022620
0.027866	0.691000	0.003635
0.010667	0.676000	0.002371
-0.020447	0.686000	-0.025259
-0.002434	0.694000	-0.038938
-0.011712	0.668000	0.004685
-0.044906	0.674000	0.024817
-0.034984	0.739000	0.028506
0.010324	0.736000	0.037423
0.006084	0.694000	-0.034071
-0.016225	0.661000	0.017384
0.001217	0.694000	-0.035288
-0.038593	0.667000	0.024559
0.018699	0.711000	-0.042385
-0.006505	0.742000	0.053340
-0.011788	0.747000	0.028814
0.009566	0.682000	-0.010762
-0.028867	0.686000	-0.021650
-0.030596	0.698000	-0.037939
-0.002476	0.706000	-0.055703
-0.051543	0.717000	0.050286
-0.042834	0.698000	-0.023253
-0.037341	0.687000	-0.013250
0.010699	0.678000	-0.000000
-0.001191	0.679000	-0.014286
-0.037556	0.714000	-0.050075
-0.013097	0.747000	0.031434
-0.011740	0.744000	0.041743
-0.015568	0.683000	-0.020358
0.007343	0.698000	-0.039162
0.004867	0.694000	-0.035288
0.000000	0.739000	0.047941
-0.050105	0.697000	-0.006110
-0.039055	0.675000	0.011835
0.017109	0.697000	-0.026886
-0.018627	0.664000	0.013971
0.022502	0.713000	-0.040004
-0.041361	0.674000	0.016544
-0.002455	0.700000	-0.045411
-0.007269	0.691000	-0.035135
-0.037136	0.706000	-0.042087
0.014454	0.687000	-0.014454
-0.034525	0.679000	-0.001191
-0.056729	0.719000	0.047905
-0.041975	0.684000	-0.001199
-0.009538	0.680000	-0.016692
-0.006540	0.746000	0.036624
-0.003487	0.663000	0.015112
-0.032712	0.691000	-0.025443
-0.003903	0.742000	0.041631
-0.023686	0.711000	-0.061084
0.011583	0.734000	0.036035
-0.033689	0.739000	0.027210
-0.012238	0.698000	-0.044058
0.005162	0.736000	0.050328
0.001240	0.707000	-0.057022
-0.054234	0.703000	-0.007396
0.010636	0.674000	0.008272
-0.024338	0.661000	0.022020
-0.001168	0.666000	0.014013
-0.048252	0.688000	0.006031
-0.033327	0.704000	-0.044436
-0.040299	0.676000	0.011853
-0.046704	0.683000	0.010778
0.006964	0.662000	0.025536
0.014137	0.733000	0.035985
0.024964	0.678000	0.022586
-0.020788	0.741000	0.036378
-0.003556	0.676000	-0.009482
-0.025914	0.739000	0.057011
0.018357	0.698000	-0.026924
-0.025984	0.741000	0.032480
-0.034842	0.736000	0.041295
-0.050105	0.697000	-0.004888
-0.014291	0.741000	0.055866
-0.005891	0.672000	-0.001178
0.010936	0.693000	-0.027946
-0.038601	0.688000	-0.014476
-0.005917	0.675000	-0.007101
-0.020477	0.687000	-0.028909
-0.037423	0.667000	0.024559
-0.027221	0.675000	-0.004734
-0.011093	0.703000	-0.051769
-0.008567	0.698000	-0.044058
-0.011709	0.742000	0.045534
-0.041238	0.672000	0.028278
0.018173	0.691000	-0.014539
-0.043111	0.683000	0.002395
-0.049370	0.722000	0.043041
-0.026858	0.666000	0.012845
0.002409	0.687000	-0.024091
0.029456	0.700000	-0.017183
-0.009342	0.666000	0.011677
0.009033	0.736000	0.041295
0.002367	0.675000	-0.002367
-0.002598	0.741000	0.046772
-0.019881	0.667000	0.010525
-0.002598	0.741000	0.053268
0.024091	0.687000	0.004818
-0.010478	0.747000	0.027505
-0.036133	0.736000	0.033552
0.026500	0.687000	0.007227
-0.029372	0.698000	-0.037939
0.007743	0.736000	0.050328
0.023652	0.710000	-0.037346
0.025332	0.688000	0.002413
0.015727	0.690000	-0.016937
-0.038917	0.716000	-0.048960
-0.025914	0.739000	0.051829
-0.031718	0.670000	0.012922
0.011583	0.734000	0.048904
-0.038556	0.733000	0.035985
0.019146	0.728000	0.052333
-0.018312	0.746000	0.030084
-0.012273	0.700000	-0.046639
-0.013616	0.706000	-0.056941
0.016183	0.710000	-0.043570
-0.004636	0.661000	0.017384
-0.046903	0.723000	0.041833
-0.026938	0.668000	0.009370
0.001168	0.666000	0.014013
0.001299	0.741000	0.042874
0.012466	0.711000	-0.051111
0.014391	0.684000	-0.009594
-0.031956	0.701000	-0.039331
-0.011923	0.680000	-0.017884
0.001178	0.672000	0.001178
-0.029801	0.739000	0.031097
-0.049674	0.691000	0.004846
-0.038917	0.716000	-0.051471
0.016495	0.672000	0.017674
0.021073	0.707000	-0.034709
-0.033187	0.676000	-0.000000
0.008542	0.696000	-0.034169
0.017621	0.670000	0.023495
0.001161	0.662000	0.022053
-0.001234	0.704000	-0.053077
-0.048823	0.714000	-0.033801
0.024547	0.700000	-0.018410
-0.006224	0.710000	-0.060998
0.018094	0.688000	-0.010857
0.014938	0.710000	-0.044815
0.015203	0.667000	0.023389
-0.037241	0.708000	-0.044689
0.032184	0.706000	0.042087
-0.050002	0.679000	0.027382
0.000000	0.676000	-0.007112
-0.043339	0.727000	0.038240
-0.019851	0.666000	0.012845
-0.033334	0.679000	-0.003572
-0.010904	0.691000	-0.035135
-0.043399	0.728000	0.034464
0.020894	0.701000	-0.027040
-0.037423	0.736000	0.032261
-0.001227	0.700000	-0.044184
-0.022313	0.707000	-0.055782
-0.045606	0.703000	-0.024652
0.003903	0.742000	0.028621
-0.043399	0.728000	0.045951
0.001162	0.663000	0.019762
-0.044000	0.717000	-0.045257
-0.013173	0.683000	-0.021555
-0.018852	0.672000	-0.000000
-0.029680	0.736000	0.050328
0.017919	0.730000	0.031998
-0.021145	0.670000	0.005874
0.006023	0.687000	-0.024091
-0.034842	0.736000	0.037423
-0.048739	0.678000	0.021398
-0.047729	0.698000	-0.018357
-0.041975	0.684000	-0.000000
0.000000	0.744000	0.031308
-0.012203	0.696000	-0.041491
-0.048171	0.723000	0.040565
-0.005232	0.746000	0.031392
-0.001304	0.744000	0.035221
-0.044614	0.727000	0.036966
-0.013019	0.675000	-0.008284
0.014137	0.733000	0.047552
-0.019441	0.693000	-0.035237
-0.010541	0.668000	0.005856
-0.007858	0.747000	0.028814
-0.030908	0.678000	-0.003566
-0.025295	0.687000	-0.027704
-0.041729	0.700000	-0.027001
-0.027059	0.671000	0.005882
-0.020956	0.664000	0.013971
0.001182	0.674000	-0.001182
-0.044626	0.707000	-0.030990
0.014034	0.667000	0.023389
0.005804	0.662000	0.026696
-0.031097	0.739000	0.034984
0.017502	0.713000	-0.047505
-0.046125	0.711000	-0.034905
0.025774	0.700000	-0.017183
-0.002469	0.704000	-0.054311
-0.044906	0.674000	0.023635
0.002479	0.707000	-0.057022
0.029919	0.711000	0.041138
0.011975	0.683000	-0.010778
-0.014311	0.742000	0.049437
-0.051106	0.694000	-0.003650
0.003887	0.739000	0.041463
0.022886	0.687000	0.001205
0.006224	0.710000	-0.057264
-0.021208	0.672000	-0.000000
0.002588	0.738000	0.046583
-0.009370	0.668000	0.005856
-0.006964	0.662000	0.019732
-0.032549	0.714000	-0.055083
0.007480	0.711000	-0.057345
-0.012768	0.662000	0.019732
-0.052614	0.682000	0.033482
-0.010525	0.667000	0.008186
-0.010778	0.683000	-0.021555
-0.036152	0.711000	-0.049865
-0.048595	0.676000	0.023705
-0.023386	0.741000	0.035079
-0.009107	0.742000	0.049437
0.009861	0.703000	-0.044373
0.017779	0.676000	0.014223
0.008297	0.676000	-0.000000
-0.018489	0.703000	-0.050536
-0.033138	0.700000	-0.036820
-0.010525	0.667000	0.009356
-0.025914	0.739000	0.042759
0.030003	0.713000	0.038754
-0.035237	0.693000	-0.024301
-0.045005	0.713000	-0.041254
0.007743	0.736000	0.049037
0.027040	0.701000	-0.018436
-0.021429	0.679000	-0.013096
-0.028583	0.741000	0.031181
-0.023986	0.684000	-0.019188
0.004811	0.686000	-0.020447
-0.005232	0.746000	0.030084
0.013385	0.694000	-0.026770
0.027619	0.716000	0.040172
0.007154	0.680000	-0.010730
0.007743	0.736000	0.052909
-0.043363	0.687000	-0.000000
0.026153	0.678000	0.023775
0.021524	0.682000	0.007175
0.015386	0.675000	0.011835
0.018824	0.671000	0.023530
-0.027664	0.686000	-0.021650
-0.026654	0.691000	-0.031500
0.008690	0.708000	-0.052137
-0.047691	0.680000	0.017884
0.026076	0.676000	0.028446
-0.048171	0.723000	0.034227
-0.009286	0.662000	0.019732
-0.005891	0.672000	-0.000000
0.004881	0.696000	-0.036610
0.001178	0.672000	0.003535
-0.005197	0.741000	0.045473
-0.023810	0.679000	-0.011905
0.022920	0.688000	-0.001206
0.004699	0.670000	0.010573
0.016639	0.730000	0.046078
0.017516	0.666000	0.026858
-0.053605	0.711000	-0.026179
-0.029631	0.676000	-0.002371
-0.013928	0.662000	0.020893
-0.020865	0.700000	-0.046639
-0.011695	0.667000	0.008186
0.026191	0.679000	0.021429
0.019048	0.679000	0.011905
0.004818	0.687000	-0.024091
0.024890	0.676000	0.027261
0.002469	0.704000	-0.054311
-0.019862	0.708000	-0.057103
0.005917	0.675000	-0.001183
-0.004783	0.682000	-0.020328
-0.026731	0.693000	-0.034022
0.027946	0.693000	-0.000000
-0.010762	0.682000	-0.020328
0.022786	0.722000	0.041775
-0.016864	0.687000	-0.027704
-0.001169	0.667000	0.010525
-0.033285	0.678000	-0.001189
-0.022853	0.686000	-0.025259
0.025213	0.719000	0.042862
-0.036504	0.694000	-0.025553
-0.011772	0.746000	0.036624
-0.042325	0.710000	-0.039836
-0.028467	0.738000	0.050464
-0.053694	0.696000	0.002441
-0.047387	0.693000	-0.004860
0.021550	0.723000	0.041833
0.009622	0.686000	-0.018042
0.006137	0.700000	-0.042957
0.011314	0.717000	-0.059086
-0.053529	0.710000	-0.022408
-0.025185	0.684000	-0.019188
-0.042543	0.674000	0.018908
-0.041975	0.684000	-0.002399
-0.044689	0.708000	-0.032275
0.006479	0.739000	0.037576
0.011614	0.736000	0.034842
-0.035768	0.680000	-0.001192
-0.019188	0.684000	-0.022786
0.005176	0.738000	0.047877
-0.053831	0.714000	0.042564
-0.031097	0.739000	0.033689
-0.019946	0.711000	-0.061084
-0.028783	0.684000	-0.016790
0.001296	0.739000	0.047941
0.021073	0.707000	-0.035949
-0.013097	0.747000	0.027505
-0.019665	0.701000	-0.047934
-0.031318	0.687000	-0.019273
-0.014749	0.701000	-0.049163
-0.041312	0.714000	-0.045068
-0.012449	0.710000	-0.060998
-0.039750	0.687000	-0.009636
0.025921	0.704000	-0.023453
-0.046039	0.691000	-0.004846
-0.001299	0.741000	0.040276
0.016864	0.687000	-0.012045
-0.028236	0.671000	0.005882
-0.035288	0.694000	-0.027987
-0.022087	0.741000	0.044173
0.029793	0.708000	0.042206
0.009356	0.667000	0.015203
0.012852	0.733000	0.053978
0.003614	0.687000	-0.022886
-0.039750	0.687000	-0.010841
0.000000	0.698000	-0.042834
-0.020928	0.746000	0.028776
0.020239	0.679000	0.010715
-0.023119	0.694000	-0.037721
-0.052097	0.691000	0.013327
0.027341	0.678000	0.027341
-0.013097	0.747000	0.035363
-0.015612	0.742000	0.039029
-0.005926	0.676000	-0.009482
-0.034067	0.670000	0.015272
-0.020788	0.741000	0.038977
0.002381	0.679000	-0.013096
-0.043399	0.728000	0.044675
-0.007069	0.672000	-0.001178
-0.027210	0.739000	0.042759
-0.013231	0.686000	-0.025259
0.009356	0.667000	0.017542
-0.018312	0.746000	0.032700
-0.029161	0.693000	-0.032807
-0.017884	0.680000	-0.016692
-0.018263	0.744000	0.035221
0.014644	0.696000	-0.029288
-0.032349	0.738000	0.038819
0.017870	0.728000	0.039569
-0.017330	0.706000	-0.055703
-0.006058	0.691000	-0.035135
-0.016206	0.711000	-0.062331
0.025332	0.688000	0.004825
0.014791	0.703000	-0.038210
-0.017109	0.697000	-0.041550
-0.013173	0.683000	-0.022753
-0.041193	0.691000	-0.014539
0.018831	0.716000	-0.050215
-0.024669	0.670000	0.007048
-0.011853	0.676000	-0.011853
0.003703	0.704000	-0.050608
-0.016890	0.741000	0.055866
-0.022236	0.746000	0.028776
0.002588	0.738000	0.051758
0.020339	0.725000	0.034322
-0.053755	0.713000	0.038754
0.012379	0.706000	-0.044563
0.000000	0.682000	-0.019132
0.015203	0.667000	0.025728
-0.032696	0.666000	0.018684
-0.023845	0.680000	-0.014307
0.002413	0.688000	-0.030157
0.029708	0.706000	-0.022281
0.020209	0.678000	0.014265
0.004706	0.671000	0.009412
-0.019301	0.688000	-0.028951
0.005197	0.741000	0.035079
-0.002325	0.663000	0.015112
0.020119	0.675000	0.017753
-0.013080	0.746000	0.036624
0.010857	0.688000	-0.021713
0.014137	0.733000	0.050123
-0.009156	0.746000	0.035316
-0.039732	0.731000	0.042296
-0.008370	0.682000	-0.020328
0.004783	0.682000	-0.015545
-0.015002	0.713000	-0.063756
-0.013385	0.694000	-0.038938
0.010043	0.716000	-0.059003
0.009058	0.738000	0.034937
-0.050296	0.683000	0.016765
-0.015978	0.701000	-0.049163
-0.004888	0.697000	-0.042773
0.015363	0.674000	0.014181
-0.037395	0.688000	-0.015682
-0.011788	0.747000	0.031434
0.003882	0.738000	0.047877
-0.020788	0.741000	0.037677
-0.017411	0.662000	0.019732
-0.015294	0.671000	0.002353
-0.020686	0.694000	-0.037721
0.010478	0.664000	0.025613
-0.044614	0.727000	0.042064
-0.023915	0.682000	-0.016741
0.014202	0.675000	0.009468
-0.043789	0.675000	0.018936
-0.036305	0.714000	-0.051327
-0.015612	0.742000	0.050738
-0.009791	0.698000	-0.046505
-0.008370	0.682000	-0.019132
-0.032367	0.710000	-0.052284
-0.015066	0.661000	0.018543
0.024792	0.707000	-0.029751
0.015023	0.714000	-0.052579
-0.046125	0.711000	-0.038645
-0.014202	0.675000	-0.005917
-0.034562	0.704000	-0.040733
-0.030543	0.670000	0.011747
-0.040733	0.704000	-0.033327
0.010324	0.736000	0.046456
-0.028583	0.741000	0.029882
