-0.034067	0.670000	0.043465
-0.009622	0.686000	-0.014433
-0.025332	0.688000	-0.015682
0.003482	0.662000	0.048750
0.007396	0.703000	-0.048071
0.008420	0.686000	-0.012028
0.002413	0.688000	-0.022920
-0.035505	0.675000	0.056808
0.006172	0.704000	-0.054311
0.008505	0.693000	-0.027946
-0.015477	0.679000	-0.001191
-0.018410	0.700000	-0.039275
-0.002318	0.661000	0.034769
-0.001206	0.688000	-0.025332
-0.004783	0.682000	-0.008370
-0.004895	0.698000	-0.039162
-0.008518	0.694000	-0.032854
-0.009566	0.682000	-0.004783
-0.010999	0.697000	-0.037884
-0.035237	0.693000	-0.002430
0.011677	0.666000	0.042038
-0.023951	0.683000	-0.002395
0.032367	0.710000	-0.021163
0.023886	0.717000	-0.050286
-0.035796	0.704000	-0.029624
-0.007175	0.682000	-0.007175
-0.040907	0.707000	-0.021073
0.012238	0.698000	-0.034267
-0.034169	0.672000	0.054199
0.001205	0.687000	0.001205
-0.007175	0.682000	-0.002392
-0.003698	0.703000	-0.050536
0.008383	0.683000	-0.003593
-0.011109	0.704000	-0.053077
0.006172	0.704000	-0.053077
-0.009286	0.662000	0.041785
-0.027156	0.704000	-0.041968
0.022218	0.704000	-0.032093
0.027156	0.704000	-0.011109
-0.025728	0.667000	0.039762
-0.044815	0.710000	-0.017428
0.032184	0.706000	-0.011141
-0.014518	0.690000	-0.021776
-0.039724	0.708000	-0.027310
-0.029982	0.684000	0.001199
-0.018436	0.701000	-0.041789
-0.033611	0.710000	-0.043570
-0.035796	0.704000	-0.030859
-0.015568	0.683000	-0.009580
0.022439	0.711000	-0.043632
-0.001234	0.704000	-0.050608
-0.004937	0.704000	-0.051843
-0.032367	0.710000	-0.044815
0.003661	0.696000	-0.035389
-0.013501	0.700000	-0.042957
0.005988	0.683000	-0.005988
0.011014	0.698000	-0.035491
0.026076	0.676000	0.052151
0.003629	0.690000	-0.024196
0.008640	0.704000	-0.053077
0.032367	0.710000	-0.019918
-0.031911	0.700000	-0.027001
0.011975	0.683000	-0.003593
0.022218	0.704000	-0.035796
0.013578	0.704000	-0.046905
0.013616	0.706000	-0.048276
-0.020358	0.683000	0.001198
0.002469	0.704000	-0.054311
0.010999	0.697000	-0.034218
0.014391	0.684000	0.003598
0.006075	0.693000	-0.026731
0.030424	0.723000	-0.040565
0.006023	0.687000	-0.014454
0.029035	0.720000	-0.036610
0.008383	0.683000	-0.004790
-0.003587	0.682000	-0.003587
-0.008370	0.682000	-0.008370
0.013250	0.687000	-0.014454
0.025995	0.706000	-0.016092
-0.035242	0.670000	0.042290
0.011093	0.703000	-0.048071
0.017183	0.700000	-0.029456
-0.013154	0.682000	-0.007175
-0.006084	0.694000	-0.031637
-0.019665	0.701000	-0.044247
0.029624	0.704000	-0.009875
-0.013385	0.694000	-0.030420
0.031122	0.710000	-0.023652
-0.039724	0.708000	-0.024827
0.027382	0.679000	0.054764
-0.012326	0.703000	-0.049304
0.034562	0.704000	-0.006172
-0.021966	0.696000	-0.030508
-0.009580	0.683000	-0.010778
-0.004937	0.704000	-0.053077
0.017035	0.694000	-0.019469
-0.003714	0.706000	-0.055703
0.029161	0.693000	0.004860
0.005795	0.661000	0.041722
-0.015454	0.678000	0.002378
-0.018068	0.687000	-0.015659
-0.013115	0.680000	0.001192
-0.006075	0.693000	-0.029161
-0.020567	0.690000	-0.019357
-0.025690	0.666000	0.051380
-0.035084	0.690000	0.003629
-0.044815	0.710000	-0.022408
-0.024827	0.708000	-0.054620
-0.008469	0.690000	-0.025406
-0.021650	0.686000	-0.010825
-0.029582	0.703000	-0.034513
0.024687	0.704000	-0.019750
0.025553	0.694000	-0.001217
-0.009875	0.704000	-0.053077
0.022986	0.690000	-0.000000
0.004797	0.684000	-0.010794
-0.009650	0.688000	-0.021713
-0.008432	0.687000	-0.018068
-0.001224	0.698000	-0.044058
0.019918	0.710000	-0.044815
-0.008505	0.693000	-0.030377
-0.032893	0.670000	0.049339
0.030815	0.703000	-0.003698
-0.036347	0.691000	0.003635
0.013655	0.708000	-0.052137
-0.001198	0.683000	-0.002395
-0.039134	0.720000	-0.046709
0.018740	0.668000	0.044507
-0.021587	0.684000	-0.007196
0.026770	0.694000	0.009735
-0.009538	0.680000	-0.001192
-0.011993	0.684000	-0.013192
-0.023553	0.707000	-0.053303
0.010857	0.688000	-0.019301
-0.029498	0.701000	-0.033185
0.009580	0.683000	-0.005988
-0.002318	0.661000	0.049835
0.022353	0.671000	0.044706
0.020000	0.671000	0.052942
0.033138	0.700000	0.014728
-0.004916	0.701000	-0.046705
0.000000	0.697000	-0.037884
-0.025295	0.687000	-0.009636
-0.009777	0.697000	-0.037884
0.031034	0.708000	-0.029793
-0.009735	0.694000	-0.034071
0.013192	0.684000	0.003598
0.015203	0.667000	0.047948
0.023752	0.713000	-0.043754
0.008383	0.683000	-0.007185
-0.004895	0.698000	-0.040386
0.027734	0.719000	-0.049165
0.021177	0.671000	0.049412
-0.030727	0.701000	-0.030727
-0.016299	0.664000	0.036091
0.023951	0.683000	0.058679
0.009861	0.703000	-0.045606
-0.026069	0.708000	-0.052137
0.024757	0.706000	-0.027233
-0.003477	0.661000	0.049835
-0.020388	0.684000	-0.008395
-0.027987	0.694000	-0.021903
-0.026858	0.666000	0.046709
-0.013520	0.701000	-0.045476
-0.009300	0.663000	0.038361
0.019273	0.687000	0.010841
-0.010462	0.663000	0.040686
0.008370	0.682000	0.002392
0.016115	0.707000	-0.049584
-0.042325	0.710000	-0.026142
0.029288	0.696000	0.010983
0.027987	0.694000	0.012168
-0.039050	0.696000	-0.003661
-0.033753	0.713000	-0.046255
0.030596	0.698000	0.014686
0.001205	0.687000	-0.021682
0.024301	0.693000	-0.001215
-0.011062	0.701000	-0.046705
-0.043939	0.716000	-0.038917
-0.016092	0.706000	-0.054466
-0.025811	0.701000	-0.040560
0.025443	0.691000	0.065424
-0.023249	0.663000	0.047661
0.024231	0.691000	0.001212
0.034758	0.708000	-0.018620
0.017354	0.707000	-0.048345
0.004818	0.687000	-0.018068
0.014476	0.688000	-0.016888
0.010825	0.686000	-0.012028
0.022986	0.690000	0.010888
0.026037	0.675000	0.048524
-0.014728	0.700000	-0.044184
0.028551	0.708000	-0.017379
-0.042147	0.707000	-0.016115
0.000000	0.693000	-0.030377
-0.004636	0.661000	0.040563
-0.039443	0.703000	-0.011093
0.016790	0.684000	0.002399
-0.013308	0.690000	-0.024196
0.019665	0.701000	-0.030727
-0.028067	0.667000	0.039762
-0.001233	0.703000	-0.048071
0.022920	0.688000	0.003619
0.012343	0.704000	-0.045671
-0.030946	0.706000	-0.042087
0.025443	0.691000	0.002423
0.002311	0.659000	0.046218
-0.015659	0.687000	-0.015659
0.007375	0.701000	-0.045476
-0.024091	0.687000	-0.014454
-0.033923	0.691000	-0.001212
0.012845	0.666000	0.042038
-0.037928	0.676000	0.053336
-0.039113	0.676000	0.054522
0.006058	0.691000	-0.025443
-0.023353	0.701000	-0.043018
0.011062	0.701000	-0.041789
0.008420	0.686000	-0.010825
-0.036417	0.670000	0.042290
0.031819	0.698000	0.017134
-0.008370	0.682000	-0.004783
-0.004636	0.661000	0.049835
0.032367	0.710000	-0.022408
-0.001234	0.704000	-0.051843
-0.004860	0.693000	-0.029161
0.020000	0.671000	0.050589
-0.024448	0.664000	0.048897
-0.002318	0.661000	0.037087
-0.026898	0.667000	0.049118
-0.025921	0.704000	-0.045671
0.018796	0.670000	0.048164
0.022218	0.704000	-0.027156
0.003593	0.683000	-0.007185
0.023419	0.703000	-0.022187
0.014791	0.703000	-0.038210
-0.035440	0.697000	-0.007332
-0.023951	0.683000	-0.000000
-0.012291	0.701000	-0.047934
-0.018684	0.666000	0.037367
-0.004951	0.706000	-0.055703
0.020984	0.704000	-0.034562
-0.022853	0.686000	-0.009622
-0.041312	0.714000	-0.038808
-0.031455	0.690000	-0.004839
-0.023951	0.683000	-0.001198
0.018147	0.690000	-0.013308
-0.002441	0.696000	-0.034169
-0.020507	0.688000	-0.014476
-0.030727	0.701000	-0.031956
0.003593	0.683000	-0.002395
-0.029161	0.693000	-0.020656
-0.009735	0.694000	-0.031637
0.019750	0.704000	-0.034562
0.003671	0.698000	-0.040386
0.000000	0.658000	0.049609
0.001217	0.694000	-0.030420
0.024231	0.691000	0.007269
0.008591	0.700000	-0.041729
0.022281	0.706000	-0.037136
-0.036634	0.674000	0.051997
-0.010762	0.682000	-0.005979
-0.040418	0.678000	0.049928
0.026770	0.694000	0.008518
0.026847	0.696000	-0.003661
0.020000	0.671000	0.051765
-0.012291	0.701000	-0.046705
-0.035644	0.701000	-0.022124
0.007406	0.704000	-0.054311
0.018620	0.708000	-0.044689
-0.011958	0.682000	0.003587
-0.027866	0.691000	-0.015750
-0.046060	0.710000	-0.014938
-0.009763	0.696000	-0.036610
-0.019762	0.663000	0.046498
0.009735	0.694000	-0.029204
-0.019160	0.683000	-0.001198
0.017134	0.698000	-0.024477
-0.024827	0.708000	-0.053378
0.014370	0.683000	0.002395
0.028511	0.707000	-0.019834
0.021776	0.690000	0.008469
-0.005979	0.682000	-0.002392
-0.022920	0.688000	-0.015682
-0.020924	0.663000	0.045336
0.018147	0.690000	-0.008469
-0.042206	0.708000	-0.021103
-0.032996	0.697000	-0.010999
0.000000	0.687000	-0.018068
0.003682	0.700000	-0.042957
0.005795	0.661000	0.046358
0.024687	0.704000	-0.022218
0.011993	0.684000	-0.005996
0.029372	0.698000	0.015910
0.002448	0.698000	-0.040386
0.026032	0.707000	-0.033469
-0.041610	0.698000	-0.004895
-0.038047	0.700000	-0.011046
-0.034267	0.698000	-0.009791
-0.015568	0.683000	-0.005988
0.031774	0.697000	0.012221
0.022886	0.687000	0.061432
0.007217	0.686000	-0.010825
-0.012063	0.688000	-0.019301
0.008481	0.691000	-0.023020
0.019301	0.688000	-0.007238
0.017256	0.703000	-0.034513
-0.039724	0.708000	-0.026069
-0.039499	0.704000	-0.019750
0.005795	0.661000	0.045199
0.003477	0.661000	0.042881
0.022986	0.690000	0.012098
0.010857	0.688000	-0.018094
-0.001215	0.693000	-0.030377
0.002311	0.659000	0.047373
-0.018305	0.696000	-0.031728
-0.018410	0.700000	-0.040502
-0.015750	0.691000	-0.025443
0.004860	0.693000	-0.026731
-0.032942	0.671000	0.055295
-0.015545	0.682000	-0.002392
-0.030452	0.668000	0.048020
-0.018627	0.664000	0.040747
0.006075	0.693000	-0.027946
-0.014728	0.700000	-0.042957
-0.022120	0.664000	0.041912
-0.006954	0.661000	0.045199
-0.024792	0.707000	-0.052063
-0.008137	0.663000	0.036036
0.021163	0.710000	-0.044815
0.007332	0.697000	-0.035440
0.012045	0.687000	-0.010841
-0.002392	0.682000	-0.001196
0.008469	0.690000	-0.020567
0.022986	0.690000	0.002420
-0.017989	0.684000	-0.011993
0.013173	0.683000	-0.001198
0.001206	0.688000	-0.022920
-0.003629	0.690000	-0.026616
0.020477	0.687000	0.003614
0.022092	0.700000	-0.020865
-0.032996	0.697000	-0.015887
-0.029237	0.667000	0.044440
0.024854	0.675000	0.052074
-0.016790	0.684000	-0.010794
0.021903	0.694000	-0.015819
-0.026924	0.698000	-0.031819
-0.036452	0.693000	-0.000000
-0.041312	0.714000	-0.036305
-0.037816	0.674000	0.049633
-0.017134	0.698000	-0.037939
0.027657	0.717000	-0.040228
0.025516	0.693000	0.004860
-0.023319	0.700000	-0.040502
-0.025259	0.686000	-0.008420
0.000000	0.661000	0.039404
-0.014476	0.688000	-0.018094
-0.003593	0.683000	0.001198
0.023519	0.706000	-0.033422
-0.023253	0.698000	-0.037939
0.025038	0.680000	0.057229
-0.015659	0.687000	-0.016864
0.009650	0.688000	-0.018094
-0.021019	0.666000	0.037367
-0.038373	0.706000	-0.028471
-0.003593	0.683000	-0.007185
-0.019834	0.707000	-0.053303
-0.007343	0.698000	-0.044058
-0.011958	0.682000	-0.008370
0.003614	0.687000	-0.018068
0.027156	0.704000	-0.013578
-0.008420	0.686000	-0.014433
0.027657	0.717000	-0.045257
-0.011046	0.700000	-0.044184
0.025627	0.696000	-0.012203
0.003593	0.683000	-0.008383
0.020775	0.697000	-0.018331
-0.002434	0.694000	-0.031637
0.007343	0.698000	-0.039162
-0.010730	0.680000	-0.002385
0.022353	0.671000	0.049412
-0.011958	0.682000	-0.003587
0.007227	0.687000	-0.014454
0.020507	0.688000	0.007238
0.032093	0.704000	-0.003703
0.020567	0.690000	-0.007259
-0.038373	0.706000	-0.033422
-0.023986	0.684000	-0.003598
0.002395	0.683000	-0.000000
-0.024547	0.700000	-0.039275
-0.014854	0.706000	-0.055703
-0.012063	0.688000	-0.021713
0.014602	0.694000	-0.021903
-0.034267	0.698000	-0.015910
-0.033422	0.706000	-0.038373
-0.029582	0.703000	-0.036978
0.014034	0.667000	0.050287
-0.047105	0.707000	-0.012396
-0.028269	0.701000	-0.034414
-0.024091	0.687000	-0.010841
0.032230	0.707000	-0.027271
-0.020388	0.684000	-0.002399
0.016047	0.704000	-0.039499
-0.033923	0.691000	-0.003635
0.012063	0.688000	-0.016888
0.018568	0.706000	-0.038373
-0.036504	0.694000	-0.002434
0.019357	0.690000	-0.009678
0.017354	0.707000	-0.047105
0.010478	0.664000	0.041912
-0.015978	0.701000	-0.045476
0.030946	0.706000	-0.009903
-0.031318	0.687000	-0.001205
-0.007175	0.682000	-0.003587
0.000000	0.661000	0.040563
-0.040271	0.696000	-0.002441
-0.025774	0.700000	-0.038047
0.019911	0.668000	0.043335
-0.022786	0.684000	-0.003598
-0.008370	0.682000	-0.003587
0.003608	0.686000	0.001203
0.021713	0.688000	-0.000000
-0.022124	0.701000	-0.043018
-0.030420	0.694000	-0.014602
0.004783	0.682000	-0.001196
-0.003608	0.686000	-0.015636
0.023453	0.704000	-0.034562
-0.027946	0.693000	-0.019441
0.016373	0.667000	0.042101
-0.001224	0.698000	-0.041610
0.004937	0.704000	-0.050608
0.006954	0.661000	0.048676
-0.015477	0.679000	-0.000000
0.024792	0.707000	-0.033469
0.023453	0.704000	-0.035796
-0.007217	0.686000	-0.016839
-0.004818	0.687000	-0.019273
0.000000	0.698000	-0.044058
0.015591	0.684000	0.002399
0.021177	0.671000	0.048236
-0.013443	0.697000	-0.036662
0.014854	0.706000	-0.045801
-0.002395	0.683000	-0.011975
-0.036715	0.698000	-0.008567
-0.022187	0.666000	0.039702
0.006049	0.690000	-0.022986
-0.032047	0.703000	-0.032047
-0.034118	0.671000	0.051765
-0.044563	0.706000	-0.008665
-0.001224	0.698000	-0.042834
-0.038265	0.704000	-0.022218
0.006145	0.701000	-0.044247
-0.017207	0.701000	-0.043018
-0.024448	0.664000	0.043076
-0.020924	0.663000	0.046498
-0.029288	0.696000	-0.023186
-0.026886	0.697000	-0.028108
0.029161	0.693000	0.006075
-0.001222	0.697000	-0.037884
0.005979	0.682000	-0.002392
-0.004916	0.701000	-0.047934
-0.003587	0.682000	-0.005979
0.008137	0.663000	0.043011
0.009300	0.663000	0.044173
0.004867	0.694000	-0.030420
-0.016937	0.690000	-0.024196
-0.005988	0.683000	-0.010778
-0.007196	0.684000	-0.013192
0.023635	0.674000	0.053179
-0.016765	0.683000	-0.009580
-0.040733	0.704000	-0.011109
-0.003477	0.661000	0.040563
-0.032893	0.670000	0.044640
0.021208	0.672000	0.053021
-0.016274	0.663000	0.039524
-0.008444	0.688000	-0.021713
0.000000	0.686000	-0.000000
0.007406	0.704000	-0.050608
0.003650	0.694000	-0.032854
0.028148	0.698000	0.014686
-0.031364	0.688000	-0.003619
-0.030552	0.697000	-0.023219
-0.013250	0.687000	-0.015659
-0.036715	0.698000	-0.007343
-0.040965	0.708000	-0.024827
0.030946	0.706000	-0.008665
0.029372	0.698000	0.014686
0.019581	0.698000	-0.019581
-0.019806	0.706000	-0.051990
-0.007154	0.680000	-0.001192
-0.044815	0.710000	-0.023652
-0.030113	0.687000	0.003614
-0.019665	0.701000	-0.043018
-0.034118	0.671000	0.045883
-0.033280	0.703000	-0.029582
-0.013269	0.688000	-0.021713
0.008432	0.687000	-0.014454
0.000000	0.691000	-0.027866
-0.037872	0.675000	0.055625
0.014454	0.687000	-0.008432
0.019970	0.670000	0.045815
