-0.059022	0.687000	0.037341
0.039724	0.708000	0.017379
0.029708	0.706000	0.019806
0.000000	0.693000	0.058323
-0.026495	0.657000	0.033406
-0.021713	0.688000	0.053077
-0.009791	0.698000	-0.031819
-0.057345	0.711000	-0.026179
-0.035982	0.662000	0.013928
0.029479	0.731000	-0.033324
0.002444	0.697000	0.061104
0.002392	0.682000	0.022720
-0.031150	0.658000	0.036918
0.021871	0.693000	0.027946
0.002434	0.694000	-0.003650
0.038819	0.738000	-0.038819
-0.020984	0.704000	-0.058014
0.008665	0.706000	-0.017330
-0.057685	0.700000	-0.001227
-0.002490	0.710000	-0.042325
-0.035768	0.680000	-0.022653
0.029600	0.734000	-0.038608
-0.041550	0.697000	-0.047661
-0.025774	0.700000	-0.054003
-0.047251	0.691000	-0.016962
0.007133	0.678000	0.047550
-0.008665	0.706000	-0.043325
0.013694	0.710000	-0.016183
0.034022	0.693000	0.054678
-0.021555	0.683000	-0.014370
-0.047172	0.708000	-0.054620
0.005961	0.680000	0.030999
0.023020	0.691000	0.031500
-0.011172	0.708000	-0.054620
0.024231	0.691000	0.032712
0.028874	0.716000	-0.007532
0.038871	0.739000	-0.041463
-0.008420	0.686000	-0.002406
0.022976	0.728000	-0.044675
-0.061016	0.725000	-0.044491
0.036610	0.696000	0.046372
0.039678	0.730000	-0.016639
0.019665	0.701000	0.062683
-0.051040	0.710000	-0.046060
-0.043325	0.706000	-0.060655
-0.003608	0.686000	0.004811
0.023319	0.700000	0.019637
0.030045	0.714000	-0.002504
-0.005926	0.676000	0.048595
-0.023179	0.661000	0.031292
-0.022853	0.686000	-0.020447
-0.031292	0.661000	0.019702
0.020745	0.696000	0.057355
0.008714	0.710000	-0.028632
-0.013019	0.675000	0.011835
-0.038361	0.663000	0.009300
-0.021713	0.688000	-0.027745
0.031297	0.714000	-0.001252
0.006110	0.697000	-0.006110
-0.051548	0.700000	-0.014728
-0.006110	0.697000	0.062326
0.037016	0.728000	-0.015317
-0.001183	0.675000	0.030771
-0.056457	0.700000	-0.004909
-0.061342	0.714000	-0.027541
-0.008555	0.697000	0.059882
-0.043011	0.663000	0.013950
0.004867	0.694000	-0.000000
-0.029237	0.667000	0.044440
0.000000	0.693000	-0.003645
-0.031318	0.687000	-0.037341
-0.057902	0.688000	0.019301
0.013867	0.719000	-0.035298
0.001222	0.697000	-0.010999
-0.015864	0.696000	-0.036610
-0.023086	0.693000	-0.036452
0.013520	0.701000	-0.004916
0.010825	0.686000	0.024056
-0.058756	0.713000	-0.026253
-0.054283	0.688000	0.024126
-0.056256	0.713000	-0.033753
-0.001206	0.688000	0.002413
-0.029077	0.691000	0.058155
0.005008	0.714000	-0.041312
-0.043271	0.667000	0.043271
0.019188	0.684000	0.043174
-0.060578	0.691000	0.029077
0.029582	0.703000	0.023419
-0.056256	0.713000	-0.032503
-0.054543	0.707000	-0.028511
-0.004958	0.707000	-0.037188
0.022029	0.698000	0.019581
-0.011677	0.666000	0.039702
0.003687	0.701000	-0.015978
-0.004839	0.690000	-0.008469
-0.012045	0.687000	0.055409
-0.028614	0.680000	-0.019076
0.015023	0.714000	-0.023786
-0.060315	0.688000	0.036189
-0.036750	0.655000	0.032156
-0.004888	0.697000	-0.020775
-0.004762	0.679000	0.016667
-0.047621	0.679000	0.003572
0.009538	0.680000	0.041729
-0.037087	0.661000	0.018543
-0.015545	0.682000	-0.000000
-0.032854	0.694000	-0.047456
-0.055086	0.683000	0.051494
-0.018489	0.703000	-0.051769
-0.043984	0.678000	-0.003566
-0.002511	0.716000	-0.053982
-0.030406	0.667000	0.043271
-0.003714	0.706000	-0.034660
0.035347	0.720000	-0.003787
-0.008567	0.698000	0.062415
-0.040502	0.700000	-0.058912
-0.046704	0.683000	-0.010778
0.031691	0.723000	-0.016480
-0.032991	0.672000	-0.005891
-0.016643	0.678000	0.048739
-0.012028	0.686000	0.054125
-0.017568	0.668000	0.021082
0.032807	0.693000	0.054678
0.001199	0.684000	0.016790
-0.022020	0.661000	0.033610
0.002514	0.717000	-0.049028
-0.052460	0.680000	0.048883
0.029035	0.690000	0.043553
0.017649	0.719000	-0.031516
-0.026858	0.666000	0.014013
-0.030634	0.672000	-0.000000
-0.049093	0.700000	-0.030683
-0.009692	0.691000	-0.019385
-0.029719	0.678000	-0.014265
-0.020328	0.682000	-0.010762
-0.023951	0.683000	-0.017963
-0.045173	0.678000	0.047550
0.037169	0.731000	-0.023070
0.000000	0.682000	0.020328
0.019015	0.723000	-0.038030
0.037872	0.720000	-0.003787
0.025529	0.728000	-0.035740
0.002385	0.680000	0.025038
0.037346	0.710000	0.014938
-0.051327	0.714000	-0.056335
-0.009777	0.697000	-0.028108
-0.004818	0.687000	-0.000000
0.013655	0.708000	-0.014896
-0.036852	0.678000	-0.015454
-0.013636	0.707000	-0.053303
0.009622	0.686000	0.024056
-0.022853	0.686000	-0.019245
0.036133	0.736000	-0.033552
-0.011747	0.670000	0.029368
-0.032996	0.697000	-0.057437
0.011923	0.680000	0.047691
0.039162	0.698000	0.046505
-0.057932	0.703000	-0.006163
-0.027815	0.661000	0.039404
-0.008432	0.687000	-0.006023
-0.058014	0.704000	-0.007406
-0.016864	0.687000	-0.020477
-0.002406	0.686000	0.007217
0.034558	0.730000	-0.025599
-0.033660	0.662000	0.010446
0.008555	0.697000	-0.000000
-0.009959	0.710000	-0.054774
0.015296	0.727000	-0.050987
-0.050514	0.670000	0.037591
0.001205	0.687000	0.066250
0.002363	0.674000	0.038998
-0.061717	0.704000	-0.002469
-0.048140	0.704000	-0.044436
0.034562	0.704000	0.024687
-0.017207	0.701000	-0.046705
-0.059992	0.728000	-0.051057
-0.025700	0.698000	-0.051401
-0.002353	0.671000	0.042354
0.016790	0.684000	0.041975
-0.027899	0.663000	0.018599
-0.024412	0.663000	0.023249
-0.039702	0.666000	0.042038
-0.029456	0.672000	-0.001178
0.007364	0.700000	-0.009819
-0.040299	0.676000	-0.008297
-0.019385	0.691000	0.056943
0.035796	0.704000	0.033327
0.029438	0.730000	-0.031998
-0.006023	0.687000	-0.003614
0.006163	0.703000	-0.014791
0.023453	0.704000	0.009875
0.003635	0.691000	0.002423
-0.030683	0.700000	-0.060139
-0.014349	0.682000	0.051418
-0.002406	0.686000	0.004811
0.010001	0.713000	-0.031253
-0.015591	0.684000	0.052768
0.033689	0.739000	-0.042759
-0.014013	0.666000	0.031528
-0.028951	0.688000	-0.036189
-0.036136	0.687000	-0.038545
-0.031576	0.667000	0.043271
-0.053982	0.716000	-0.052726
-0.018094	0.688000	-0.025332
-0.047948	0.667000	0.035084
-0.009468	0.675000	0.018936
0.012063	0.688000	0.020507
-0.004860	0.693000	-0.014581
0.007469	0.710000	-0.028632
-0.017621	0.670000	0.017621
-0.044107	0.662000	0.029018
0.011993	0.684000	0.028783
0.023253	0.698000	0.024477
-0.037898	0.655000	0.032156
-0.064186	0.704000	0.003703
0.011109	0.704000	-0.013578
-0.029288	0.696000	-0.048813
0.017747	0.723000	-0.036762
0.011362	0.720000	-0.045446
0.020865	0.700000	0.014728
0.007332	0.697000	-0.003666
0.006110	0.697000	-0.003666
-0.062115	0.723000	-0.039297
0.034758	0.708000	0.017379
-0.031318	0.687000	0.051795
-0.058312	0.723000	-0.048171
-0.009566	0.682000	0.002392
0.034905	0.711000	0.011220
-0.010825	0.686000	-0.004811
-0.062636	0.687000	0.042159
0.017989	0.684000	0.045573
-0.010762	0.682000	0.051418
-0.028067	0.696000	-0.047592
0.019721	0.703000	0.006163
0.034984	0.739000	-0.045350
-0.006224	0.710000	-0.048550
-0.053529	0.710000	-0.036101
0.037423	0.736000	-0.033552
0.012045	0.687000	0.025295
0.007332	0.697000	0.056215
0.038808	0.714000	0.007511
-0.017726	0.674000	0.009454
-0.041975	0.684000	-0.022786
-0.049412	0.671000	0.043530
-0.008420	0.686000	-0.000000
0.024897	0.710000	-0.004979
0.037271	0.733000	-0.026989
0.003703	0.704000	-0.024687
-0.045173	0.678000	0.011888
0.016571	0.727000	-0.045888
-0.008726	0.711000	-0.056098
0.016320	0.716000	-0.030129
0.011958	0.682000	0.050222
-0.039464	0.662000	0.039464
-0.017884	0.680000	-0.000000
0.015065	0.716000	-0.027619
-0.039762	0.667000	0.007017
-0.050608	0.704000	-0.032093
-0.023425	0.668000	0.045678
-0.031292	0.661000	0.020861
0.021682	0.687000	0.040954
-0.062769	0.716000	-0.026363
0.023086	0.693000	0.030377
0.011409	0.723000	-0.051974
0.029582	0.703000	0.039443
0.002469	0.704000	-0.023453
0.014454	0.687000	0.027704
0.013231	0.686000	0.028867
-0.033138	0.675000	-0.010652
-0.021650	0.686000	-0.019245
0.025295	0.687000	0.042159
-0.049304	0.703000	-0.035745
-0.054993	0.697000	-0.004888
0.041182	0.734000	-0.029600
-0.056861	0.690000	0.022986
0.006163	0.703000	-0.017256
-0.021650	0.686000	-0.020447
-0.049314	0.686000	0.020447
-0.015545	0.682000	-0.001196
0.027541	0.714000	-0.005008
-0.025627	0.696000	-0.042711
-0.009454	0.674000	0.046088
0.019245	0.686000	0.052923
0.007301	0.694000	0.004867
0.018331	0.697000	0.013443
-0.033089	0.674000	-0.008272
0.003671	0.698000	-0.009791
0.004965	0.708000	-0.031034
-0.001233	0.703000	-0.027117
-0.036662	0.697000	-0.057437
0.035691	0.727000	-0.014021
-0.061789	0.691000	0.031500
0.038754	0.713000	0.011251
-0.015636	0.686000	-0.015636
-0.014665	0.697000	-0.036662
0.007343	0.698000	0.063639
-0.048595	0.676000	0.046225
0.036715	0.698000	0.044058
0.019918	0.710000	-0.008714
-0.003614	0.687000	-0.000000
-0.059838	0.711000	-0.023686
-0.019048	0.679000	-0.000000
0.001229	0.701000	-0.019665
0.026500	0.687000	0.036136
-0.008272	0.674000	0.022453
-0.054441	0.690000	0.006049
0.002490	0.710000	-0.036101
0.013366	0.693000	0.057108
-0.025998	0.674000	-0.001182
-0.007438	0.707000	-0.044626
0.003724	0.708000	-0.032275
-0.024196	0.690000	0.055651
0.038293	0.728000	-0.012764
-0.032254	0.657000	0.028798
-0.035137	0.668000	0.044507
-0.051548	0.700000	-0.020865
-0.028886	0.659000	0.026575
-0.042290	0.670000	0.007048
-0.025921	0.672000	0.003535
0.035740	0.728000	-0.020423
-0.056284	0.683000	0.049099
-0.028951	0.688000	-0.033776
-0.045541	0.666000	0.029193
-0.054118	0.671000	0.035295
-0.007048	0.670000	0.041116
0.017526	0.714000	-0.018778
-0.037143	0.662000	0.013928
-0.022253	0.668000	0.014055
-0.020954	0.703000	-0.054234
-0.057264	0.710000	-0.023652
0.032807	0.693000	0.047387
-0.018684	0.666000	0.023354
-0.009819	0.700000	0.062594
0.002469	0.704000	-0.024687
0.008346	0.680000	0.035768
-0.022253	0.668000	0.043335
-0.054851	0.711000	-0.037399
-0.029587	0.675000	-0.005917
0.002511	0.716000	-0.046449
-0.024196	0.690000	-0.032665
-0.024338	0.661000	0.035928
-0.009412	0.671000	0.044706
0.011267	0.714000	-0.035053
-0.054199	0.672000	0.036525
-0.016839	0.686000	-0.019245
0.001245	0.710000	-0.036101
-0.062952	0.704000	0.003703
0.035999	0.708000	0.018620
0.009524	0.679000	0.046430
-0.024817	0.674000	-0.000000
-0.031102	0.657000	0.033406
0.022818	0.723000	-0.032959
0.015978	0.701000	0.002458
0.019068	0.725000	-0.040677
0.023039	0.730000	-0.046078
-0.018436	0.701000	-0.046705
0.032503	0.713000	0.008751
0.020775	0.697000	0.019553
-0.039162	0.698000	-0.055072
-0.009636	0.687000	-0.008432
-0.040563	0.661000	0.022020
-0.024743	0.672000	0.005891
-0.016864	0.687000	-0.021682
-0.001185	0.676000	0.048595
0.017502	0.713000	-0.017502
0.005961	0.680000	0.028614
-0.034576	0.680000	-0.023845
0.013443	0.697000	0.061104
-0.022620	0.679000	-0.001191
-0.066101	0.725000	-0.043220
-0.006189	0.706000	-0.040849
-0.002409	0.687000	0.002409
-0.032745	0.667000	0.044440
0.028471	0.706000	0.017330
-0.039055	0.675000	-0.008284
0.007259	0.690000	0.012098
0.009580	0.683000	0.027543
0.013231	0.686000	0.031272
0.020170	0.719000	-0.026474
0.024757	0.706000	0.006189
-0.055893	0.693000	0.009720
-0.030420	0.694000	-0.047456
-0.027866	0.691000	0.058155
-0.002420	0.690000	-0.003629
-0.018599	0.663000	0.029061
-0.017183	0.700000	-0.044184
0.021808	0.691000	0.030289
0.038608	0.734000	-0.028313
-0.006075	0.693000	-0.018226
-0.042588	0.694000	-0.037721
0.034842	0.736000	-0.036133
-0.011835	0.675000	0.017753
-0.013443	0.697000	-0.034218
-0.001206	0.688000	0.001206
0.035949	0.707000	0.023553
0.028551	0.708000	0.009931
-0.045609	0.667000	0.044440
-0.008223	0.670000	0.043465
0.030727	0.701000	0.036873
-0.004769	0.680000	0.015499
-0.034769	0.661000	0.039404
-0.049412	0.671000	0.022353
-0.043995	0.697000	-0.041550
-0.043427	0.688000	-0.024126
-0.019637	0.700000	-0.047866
-0.018599	0.663000	0.039524
0.024091	0.687000	0.043363
0.000000	0.686000	0.010825
-0.031911	0.700000	-0.061367
-0.016962	0.691000	0.056943
-0.014581	0.693000	-0.031592
-0.031434	0.664000	0.040747
-0.011958	0.682000	0.004783
-0.036504	0.694000	-0.051106
0.027387	0.710000	0.004979
-0.005909	0.674000	0.029544
-0.050514	0.670000	0.038766
-0.026230	0.680000	-0.014307
0.029624	0.704000	0.022218
0.008334	0.679000	0.042858
-0.006207	0.708000	-0.047172
-0.025811	0.701000	-0.057767
-0.022120	0.664000	0.023284
0.013520	0.701000	-0.006145
-0.041785	0.662000	0.023214
-0.028067	0.667000	0.045609
-0.035347	0.672000	-0.007069
-0.014055	0.668000	0.024596
-0.038998	0.674000	-0.007090
0.006198	0.707000	-0.024792
0.025529	0.728000	-0.034464
-0.007448	0.708000	-0.047172
-0.038321	0.683000	-0.028741
-0.002430	0.693000	-0.009720
-0.028530	0.678000	-0.008321
-0.010652	0.675000	0.017753
0.018436	0.701000	0.006145
-0.004825	0.688000	-0.004825
-0.031592	0.693000	-0.046172
-0.054204	0.687000	0.020477
-0.050589	0.671000	0.042354
0.039667	0.707000	0.024792
-0.061432	0.687000	0.038545
-0.020119	0.675000	0.002367
-0.003756	0.714000	-0.052579
0.001252	0.714000	-0.045068
-0.038072	0.658000	0.021920
0.029456	0.700000	0.033138
0.038030	0.723000	-0.007606
-0.002353	0.671000	0.038824
-0.054234	0.703000	-0.018489
-0.041668	0.679000	-0.015477
-0.003766	0.716000	-0.056492
0.028067	0.696000	0.059796
-0.005961	0.680000	0.011923
0.028793	0.714000	-0.003756
-0.008297	0.676000	0.016594
-0.024596	0.668000	0.045678
-0.027100	0.672000	0.002356
-0.011835	0.675000	0.016569
-0.027941	0.664000	0.016299
0.036231	0.738000	-0.036231
-0.046909	0.686000	-0.007217
0.003724	0.708000	-0.031034
-0.035601	0.655000	0.032156
-0.002479	0.707000	-0.034709
-0.011172	0.708000	-0.052137
-0.009370	0.668000	0.035137
-0.025443	0.691000	-0.037558
0.023752	0.713000	-0.010001
-0.019665	0.701000	-0.051622
0.025353	0.723000	-0.026621
-0.045306	0.680000	-0.002385
0.003598	0.684000	0.017989
0.031385	0.716000	-0.003766
0.018147	0.690000	0.025406
0.010983	0.696000	0.057355
0.022534	0.714000	-0.013771
-0.050664	0.688000	-0.002413
0.036305	0.714000	0.006259
-0.044247	0.701000	-0.047934
0.009636	0.687000	0.020477
-0.015226	0.668000	0.022253
0.000000	0.687000	0.006023
-0.060764	0.722000	-0.037977
-0.058070	0.690000	0.021776
0.035494	0.723000	-0.007606
0.022218	0.704000	0.008640
-0.040179	0.674000	-0.003545
-0.045972	0.690000	0.053231
-0.018226	0.693000	-0.031592
-0.027815	0.661000	0.038245
-0.042220	0.688000	-0.028951
-0.001206	0.688000	-0.000000
-0.059754	0.710000	-0.016183
-0.049412	0.671000	0.024706
-0.014013	0.666000	0.040870
-0.007133	0.678000	0.048739
-0.060764	0.722000	-0.034179
0.003551	0.675000	0.039055
