0.002279	0.650000	0.031911
0.036152	0.711000	-0.017453
-0.045883	0.671000	0.034118
0.031648	0.722000	-0.049370
0.034881	0.686000	0.075776
-0.015089	0.662000	-0.015089
0.038102	0.701000	0.003687
-0.006985	0.664000	-0.011642
0.004713	0.672000	-0.003535
-0.023845	0.680000	-0.029807
-0.028360	0.647000	0.045376
-0.050987	0.727000	-0.061184
-0.059175	0.675000	0.062725
0.031034	0.708000	-0.026069
0.032367	0.710000	-0.026142
-0.015568	0.683000	-0.053889
0.044815	0.710000	0.001245
0.036305	0.714000	-0.023786
0.023530	0.671000	0.036471
-0.049099	0.683000	0.019160
-0.019020	0.678000	-0.039229
-0.027987	0.694000	-0.046239
0.002409	0.687000	-0.036136
0.000000	0.648000	0.032949
0.013038	0.676000	0.003556
-0.035137	0.668000	0.060904
-0.058014	0.704000	0.002469
-0.010210	0.647000	0.052183
-0.003608	0.686000	0.073370
0.025038	0.680000	0.016692
-0.019494	0.654000	0.005733
0.018489	0.703000	-0.035745
0.034169	0.672000	0.048308
0.043300	0.686000	0.040895
-0.015808	0.644000	0.020325
-0.028951	0.688000	-0.034983
-0.054683	0.678000	0.045173
0.001178	0.672000	-0.011782
0.032570	0.688000	0.013269
-0.029540	0.648000	0.048855
-0.055700	0.722000	-0.032914
0.022353	0.671000	0.065883
-0.031812	0.672000	0.003535
-0.018347	0.654000	0.057334
0.001143	0.652000	0.022863
-0.005611	0.640000	0.039275
-0.004811	0.686000	-0.049314
-0.061256	0.713000	-0.010001
-0.033254	0.654000	0.035547
-0.029372	0.698000	-0.058744
-0.022220	0.667000	-0.007017
-0.011239	0.641000	0.029221
-0.050075	0.680000	0.027422
-0.014139	0.672000	-0.032991
-0.035898	0.706000	-0.051990
-0.031911	0.700000	-0.047866
-0.014055	0.668000	-0.026938
-0.035898	0.706000	-0.054466
0.034677	0.682000	0.032286
-0.032942	0.671000	0.007059
-0.003414	0.649000	0.021620
-0.044114	0.680000	0.014307
-0.006058	0.691000	-0.061789
-0.054886	0.728000	-0.054886
-0.012633	0.655000	0.001148
0.047387	0.693000	0.037667
-0.059250	0.719000	-0.023952
-0.018042	0.686000	-0.056531
0.034474	0.678000	0.068948
0.030157	0.688000	0.077203
0.030171	0.717000	-0.042743
-0.029193	0.666000	0.017516
0.010983	0.696000	-0.036610
-0.012748	0.661000	-0.013907
0.017330	0.706000	-0.044563
-0.011712	0.668000	-0.026938
-0.002444	0.697000	-0.065992
-0.038482	0.708000	-0.053378
-0.026191	0.679000	-0.022620
-0.065277	0.730000	-0.040958
0.000000	0.686000	0.074573
-0.024338	0.661000	0.006954
0.026230	0.680000	0.019076
0.043174	0.684000	0.046772
0.010730	0.680000	-0.005961
-0.060655	0.706000	0.004951
-0.014223	0.676000	0.066374
0.026777	0.664000	0.057046
0.002290	0.653000	0.027478
0.010399	0.659000	0.027731
-0.029193	0.666000	0.012845
-0.006189	0.706000	0.080460
-0.024375	0.662000	0.005804
0.003756	0.714000	0.090135
0.052097	0.691000	0.047251
0.030406	0.667000	0.057304
0.022053	0.662000	0.051071
0.030171	0.717000	-0.045257
-0.050363	0.668000	0.058561
-0.052074	0.675000	0.041422
-0.062727	0.688000	0.038601
0.000000	0.676000	-0.020149
-0.058344	0.708000	-0.007448
-0.055309	0.701000	-0.000000
-0.024964	0.678000	-0.023775
0.001222	0.697000	-0.059882
0.008027	0.654000	0.055041
0.014118	0.671000	0.010588
-0.040870	0.666000	0.035032
0.005812	0.663000	0.015112
-0.034513	0.703000	-0.046839
-0.003645	0.693000	-0.058323
0.021429	0.679000	0.071431
0.011590	0.661000	0.028974
0.029077	0.691000	-0.001212
-0.026212	0.650000	0.053564
0.001129	0.644000	0.044037
-0.008014	0.653000	0.010304
-0.006207	0.708000	0.085654
0.000000	0.670000	-0.007048
-0.043018	0.701000	-0.030727
-0.028067	0.696000	-0.048813
-0.003608	0.686000	-0.042098
0.021145	0.670000	0.032893
-0.063934	0.688000	0.043427
0.029156	0.723000	-0.058312
0.004825	0.688000	-0.036189
0.030424	0.723000	-0.053242
0.008321	0.678000	-0.009510
0.033185	0.701000	-0.006145
-0.010131	0.642000	0.027015
0.038265	0.682000	0.037069
0.029982	0.684000	0.073156
-0.007059	0.671000	0.063530
0.008002	0.652000	0.041154
0.009244	0.659000	0.027731
-0.011993	0.684000	-0.053968
-0.008505	0.693000	-0.069258
-0.009875	0.704000	0.081467
-0.001159	0.661000	0.006954
-0.005926	0.676000	0.068745
-0.017674	0.672000	-0.031812
-0.020656	0.693000	-0.069258
-0.042290	0.670000	0.030543
0.029237	0.725000	-0.059745
0.004580	0.653000	0.034348
-0.038482	0.708000	-0.054620
0.047691	0.680000	0.064382
0.032191	0.680000	0.030999
0.015910	0.698000	-0.031819
0.053968	0.684000	0.063562
-0.045476	0.701000	-0.015978
0.037030	0.704000	-0.004937
-0.030771	0.650000	0.051285
-0.061521	0.731000	-0.042296
0.029372	0.698000	-0.008567
-0.013634	0.648000	0.052263
0.008199	0.668000	0.009370
-0.007322	0.696000	-0.073219
-0.030452	0.668000	0.062075
0.009412	0.671000	0.064707
0.015978	0.701000	-0.039331
-0.004783	0.682000	-0.037069
-0.024126	0.688000	-0.045839
0.043742	0.693000	0.030377
-0.039762	0.667000	0.032745
0.048883	0.680000	0.065575
0.045439	0.682000	0.072942
-0.015294	0.671000	-0.030589
0.042098	0.686000	0.038489
0.001222	0.697000	-0.061104
-0.039226	0.658000	0.048455
0.044957	0.693000	0.034022
-0.001134	0.647000	0.032898
0.004818	0.687000	-0.032523
-0.002406	0.686000	-0.044503
0.046039	0.691000	0.037558
0.012238	0.698000	-0.041610
-0.017779	0.676000	0.064004
-0.024441	0.697000	-0.063548
-0.007290	0.693000	-0.069258
-0.015710	0.640000	0.047130
0.008604	0.701000	0.081120
0.046704	0.683000	0.056284
-0.037872	0.675000	0.010652
0.035796	0.704000	-0.004937
-0.037136	0.706000	-0.048276
-0.035295	0.671000	0.018824
-0.008076	0.658000	-0.000000
0.025038	0.680000	0.013115
0.046060	0.710000	0.003735
0.015499	0.680000	0.072728
-0.021887	0.657000	0.009216
0.012326	0.703000	-0.050536
-0.057103	0.708000	-0.008690
-0.050812	0.690000	0.016937
-0.008949	0.638000	0.040271
0.006891	0.655000	0.032156
0.038545	0.687000	0.027704
0.041775	0.722000	-0.029116
0.006251	0.713000	0.088759
0.031623	0.668000	0.052705
-0.052691	0.683000	0.026346
-0.035491	0.698000	-0.036715
-0.002279	0.650000	0.020514
0.013760	0.654000	0.051601
0.045446	0.720000	-0.022723
-0.035242	0.670000	0.062261
0.016320	0.716000	-0.065280
-0.020230	0.641000	0.030345
0.011449	0.653000	0.049232
-0.061191	0.698000	0.017134
0.015203	0.667000	0.019881
0.002290	0.653000	0.022899
-0.044815	0.710000	-0.039836
-0.051106	0.694000	0.003650
0.013760	0.654000	0.049307
-0.002420	0.690000	-0.052021
-0.062363	0.684000	0.049170
0.019732	0.662000	0.044107
-0.009412	0.671000	-0.028236
0.029631	0.676000	0.033187
-0.058179	0.706000	-0.004951
-0.041312	0.714000	-0.060090
-0.017954	0.640000	0.047130
-0.014497	0.636000	0.035684
0.014097	0.670000	0.014097
-0.056135	0.696000	0.020745
-0.012286	0.637000	0.033506
-0.033517	0.708000	-0.065792
0.027664	0.686000	0.074573
-0.016495	0.672000	-0.032991
-0.037123	0.683000	-0.005988
-0.062545	0.728000	-0.034464
-0.022486	0.675000	-0.021303
-0.019911	0.668000	-0.022253
0.025921	0.704000	-0.022218
-0.052151	0.676000	0.035558
-0.015135	0.664000	-0.019792
-0.053494	0.678000	0.035663
-0.055651	0.690000	0.024196
0.033776	0.688000	0.015682
-0.045678	0.668000	0.060904
-0.027857	0.662000	0.013928
0.008149	0.664000	0.015135
-0.038072	0.658000	0.053070
-0.046644	0.719000	-0.055468
0.014665	0.697000	0.078213
0.051548	0.700000	0.027001
0.042325	0.710000	-0.006224
0.003435	0.653000	0.028623
-0.019166	0.643000	0.025930
0.007965	0.649000	0.045517
-0.023425	0.668000	-0.007027
0.006023	0.687000	-0.033727
-0.044184	0.700000	-0.015955
-0.021303	0.675000	0.063909
-0.006891	0.655000	0.008039
-0.048462	0.691000	0.009692
-0.042164	0.668000	0.032794
-0.017786	0.634000	0.038906
-0.022969	0.655000	0.016078
0.018543	0.661000	0.042881
-0.008991	0.641000	0.031469
0.013616	0.706000	-0.053228
0.029412	0.671000	0.043530
-0.020924	0.663000	-0.002325
-0.046905	0.704000	-0.020984
0.044859	0.731000	-0.039732
-0.004615	0.658000	0.003461
-0.010431	0.661000	-0.009272
0.048504	0.728000	-0.029358
0.008542	0.696000	-0.042711
0.003687	0.701000	-0.062683
-0.031637	0.694000	-0.040155
0.030070	0.686000	0.014433
0.016692	0.680000	-0.000000
-0.014588	0.640000	0.031420
-0.014265	0.678000	-0.041607
-0.014307	0.680000	-0.045306
-0.023319	0.700000	-0.071185
0.053982	0.716000	-0.003766
0.005716	0.652000	0.053729
0.046439	0.697000	0.028108
-0.054993	0.697000	0.013443
-0.006058	0.691000	-0.059366
-0.029372	0.698000	-0.055072
0.002399	0.684000	0.071957
0.001234	0.704000	0.081467
-0.031623	0.668000	0.011712
-0.044308	0.683000	0.009580
-0.020072	0.636000	0.037914
0.028278	0.672000	0.065981
-0.009061	0.646000	0.020388
0.049386	0.687000	0.050591
0.041491	0.696000	0.019525
-0.064186	0.704000	0.013578
-0.047733	0.664000	0.054718
0.040656	0.682000	0.071746
-0.063821	0.728000	-0.030634
0.034118	0.671000	0.063530
0.005944	0.678000	-0.013076
-0.001234	0.704000	0.081467
-0.016397	0.668000	-0.025767
0.006014	0.686000	-0.024056
0.049437	0.742000	-0.053340
-0.057437	0.697000	0.021997
-0.053077	0.704000	-0.009875
0.030289	0.691000	0.003635
-0.022120	0.664000	-0.001164
-0.010857	0.688000	-0.065140
-0.009426	0.672000	0.064803
0.024448	0.664000	0.047733
-0.041372	0.694000	-0.014602
0.008297	0.676000	-0.005926
0.005961	0.680000	-0.014307
-0.041361	0.674000	0.064996
0.030634	0.672000	0.041238
-0.059992	0.728000	-0.038293
-0.028711	0.655000	0.027562
0.001171	0.668000	-0.003514
0.045240	0.679000	0.065478
0.016299	0.664000	0.032598
-0.050363	0.668000	0.049192
-0.038377	0.684000	-0.005996
0.032093	0.704000	-0.012343
-0.042862	0.719000	-0.065554
0.013462	0.698000	0.080773
0.035926	0.683000	0.073049
0.016054	0.654000	0.053894
-0.059910	0.727000	-0.035691
0.038971	0.717000	-0.025143
0.011220	0.711000	-0.067317
0.003598	0.684000	0.069558
-0.034067	0.670000	0.019970
-0.053021	0.672000	0.047130
-0.024957	0.647000	0.051048
-0.046430	0.679000	0.020239
-0.004790	0.683000	-0.039518
-0.007048	0.670000	-0.024669
-0.028194	0.670000	-0.001175
0.004622	0.659000	0.020798
-0.034118	0.671000	0.014118
-0.052474	0.696000	0.008542
-0.033531	0.683000	-0.011975
-0.005891	0.672000	0.067160
0.045773	0.687000	0.046977
-0.027689	0.658000	0.019613
-0.033152	0.652000	0.050300
-0.028572	0.679000	-0.008334
-0.033254	0.654000	0.040134
0.009861	0.703000	0.081351
0.054757	0.694000	0.043805
-0.028109	0.668000	0.002342
-0.009426	0.672000	0.063625
-0.060225	0.701000	0.013520
-0.036036	0.663000	0.056961
0.011449	0.653000	0.052667
-0.051902	0.722000	-0.045573
-0.028909	0.687000	0.068659
-0.007332	0.697000	-0.074546
0.022187	0.703000	-0.028350
-0.042922	0.680000	0.009538
-0.025111	0.682000	-0.029894
0.051327	0.697000	0.034218
-0.006870	0.653000	0.012594
-0.035505	0.675000	0.005917
-0.029237	0.667000	0.059643
-0.014286	0.679000	0.067859
-0.041668	0.679000	0.011905
0.043742	0.693000	0.031592
0.010304	0.653000	0.042362
0.027541	0.714000	-0.042564
0.007448	0.708000	-0.069516
-0.011151	0.636000	0.041259
-0.054993	0.697000	0.014665
0.008690	0.708000	-0.067033
-0.038917	0.716000	-0.065280
0.021371	0.717000	-0.062857
-0.033043	0.698000	-0.044058
-0.010052	0.637000	0.042441
-0.030589	0.671000	0.064707
-0.005663	0.646000	0.052102
0.032712	0.691000	0.009692
-0.048813	0.696000	-0.001220
-0.011432	0.652000	0.009145
-0.012768	0.662000	-0.015089
-0.002251	0.642000	0.047277
-0.056941	0.706000	-0.006189
-0.002465	0.703000	0.078886
-0.061432	0.687000	0.046977
-0.001127	0.643000	0.038331
-0.008235	0.671000	0.067060
0.017647	0.671000	0.065883
0.034881	0.686000	0.024056
0.002493	0.711000	0.086017
0.028025	0.666000	0.060721
0.011747	0.670000	0.063436
0.030953	0.679000	0.029763
0.035715	0.679000	0.069050
-0.006880	0.654000	0.010320
-0.050752	0.706000	-0.016092
0.032949	0.696000	0.002441
-0.033334	0.679000	-0.003572
0.009566	0.682000	0.072942
-0.039892	0.711000	-0.058591
0.012045	0.687000	-0.019273
-0.001136	0.648000	0.030676
0.008677	0.707000	0.083054
0.000000	0.666000	-0.000000
0.035558	0.676000	0.041484
0.018436	0.701000	-0.033185
-0.020388	0.646000	0.050969
-0.052691	0.683000	0.025148
0.013760	0.654000	0.048161
0.038451	0.731000	-0.057676
0.038210	0.703000	-0.000000
-0.035084	0.690000	-0.019357
0.039515	0.727000	-0.044614
-0.035242	0.670000	0.019970
-0.054683	0.678000	0.042795
0.027261	0.676000	0.029631
-0.045257	0.717000	-0.056571
0.046903	0.723000	-0.024086
0.041484	0.676000	0.058077
-0.036308	0.668000	0.024596
0.018778	0.714000	-0.061342
-0.030771	0.650000	0.050145
-0.004496	0.641000	0.044955
0.028194	0.670000	0.043465
-0.015931	0.649000	0.010241
-0.040271	0.696000	-0.018305
0.044614	0.727000	-0.031867
0.050896	0.708000	0.009931
0.018543	0.661000	0.044040
0.014013	0.666000	0.023354
-0.007185	0.683000	-0.045506
-0.061191	0.698000	0.023253
-0.055083	0.714000	-0.025038
-0.020293	0.643000	0.048478
-0.024652	0.703000	-0.072723
0.007227	0.687000	-0.028909
-0.025381	0.658000	0.011537
0.045446	0.720000	-0.018936
-0.006075	0.693000	-0.064398
-0.039836	0.710000	-0.051040
0.040155	0.694000	0.017035
-0.037188	0.707000	-0.052063
-0.029631	0.650000	0.033050
0.020269	0.680000	0.008346
0.033482	0.682000	0.029894
0.017453	0.711000	-0.052358
-0.039226	0.658000	0.051916
-0.002318	0.661000	0.002318
0.001168	0.666000	0.002335
-0.006796	0.646000	0.023786
-0.016692	0.680000	-0.047691
0.045606	0.703000	0.016024
-0.015499	0.680000	-0.048883
-0.008125	0.662000	-0.010446
0.011590	0.661000	0.027815
-0.012845	0.666000	-0.023354
0.025353	0.723000	-0.062115
0.023284	0.664000	0.044240
0.026510	0.720000	-0.054283
0.032191	0.680000	0.032191
0.015021	0.659000	0.041596
-0.056457	0.700000	0.012273
0.002371	0.676000	-0.016594
-0.020656	0.693000	-0.064398
-0.010383	0.658000	-0.002307
-0.050608	0.704000	-0.012343
-0.023020	0.691000	0.072693
0.009510	0.678000	-0.004755
0.020956	0.664000	0.039583
0.051471	0.716000	-0.002511
0.037399	0.711000	-0.016206
0.021282	0.714000	-0.052579
-0.009300	0.663000	-0.013950
0.037069	0.682000	0.038265
-0.059580	0.723000	-0.029156
0.042220	0.688000	0.034983
0.033089	0.674000	0.040179
0.038938	0.694000	0.014602
-0.004825	0.688000	-0.054283
0.023495	0.670000	0.063436
0.049458	0.688000	0.045839
0.009791	0.698000	-0.046505
0.051267	0.680000	0.064382
0.035135	0.691000	0.012116
0.011782	0.672000	0.008248
0.027889	0.723000	-0.059580
0.011765	0.671000	0.065883
-0.056317	0.730000	-0.056317
0.052800	0.717000	-0.005029
-0.012116	0.691000	-0.070270
-0.003508	0.667000	-0.011695
-0.026616	0.690000	-0.042343
0.049654	0.708000	0.008690
-0.027059	0.671000	-0.005882
