-0.024817	0.674000	0.038998
-0.034414	0.701000	-0.019665
0.007574	0.720000	-0.053021
0.004797	0.684000	0.021587
-0.003682	0.700000	-0.028229
-0.004790	0.683000	0.005988
-0.032996	0.697000	-0.010999
-0.002381	0.679000	0.027382
0.001238	0.706000	-0.032184
0.000000	0.717000	-0.051543
-0.001240	0.707000	-0.037188
0.003551	0.675000	0.049707
-0.008469	0.690000	-0.007259
-0.017963	0.683000	0.004790
-0.031090	0.682000	0.017937
-0.019553	0.697000	-0.025664
-0.039836	0.710000	-0.026142
-0.009861	0.703000	-0.055467
-0.007238	0.688000	-0.004825
0.001240	0.707000	-0.034709
0.010904	0.691000	0.007269
-0.026346	0.683000	0.008383
-0.020114	0.717000	-0.052800
-0.005874	0.670000	0.042290
0.017575	0.716000	-0.022597
-0.010794	0.684000	0.001199
-0.011765	0.671000	0.037648
-0.027180	0.674000	0.043725
-0.019469	0.694000	-0.015819
-0.024817	0.674000	0.037816
-0.006198	0.707000	-0.040907
-0.037721	0.694000	-0.001217
-0.034905	0.711000	-0.041138
-0.031955	0.675000	0.042606
0.011141	0.706000	-0.022281
-0.033895	0.716000	-0.046449
-0.032367	0.710000	-0.042325
-0.023519	0.706000	-0.035898
-0.022187	0.703000	-0.030815
-0.013154	0.682000	0.010762
0.016411	0.720000	-0.041659
-0.026616	0.690000	-0.004839
0.017281	0.704000	0.004937
-0.041312	0.714000	-0.031297
-0.003524	0.670000	0.045815
-0.042711	0.696000	0.012203
0.004790	0.683000	0.017963
-0.019581	0.698000	-0.026924
0.016388	0.719000	-0.035298
-0.008432	0.687000	-0.001205
0.016343	0.717000	-0.025143
0.009720	0.693000	0.002430
0.002392	0.682000	0.016741
-0.013616	0.706000	-0.038373
-0.003572	0.679000	0.019048
-0.027503	0.682000	0.026307
-0.013115	0.680000	0.014307
-0.003587	0.682000	0.010762
-0.013269	0.688000	-0.004825
-0.033895	0.716000	-0.048960
0.000000	0.716000	-0.050215
-0.011765	0.671000	0.040001
-0.016388	0.719000	-0.054208
-0.029330	0.697000	-0.018331
0.008555	0.697000	-0.007332
-0.027387	0.710000	-0.047305
0.004734	0.675000	0.048524
-0.022353	0.671000	0.043530
-0.025295	0.687000	-0.001205
-0.038428	0.707000	-0.022313
0.001217	0.694000	-0.012168
-0.017963	0.683000	0.007185
0.011141	0.706000	-0.028471
0.012028	0.686000	0.028867
0.016388	0.719000	-0.031516
-0.002479	0.707000	-0.038428
0.013616	0.706000	-0.018568
-0.029919	0.711000	-0.044878
-0.019076	0.680000	0.019076
-0.021555	0.683000	0.050296
-0.028108	0.697000	-0.015887
0.003766	0.716000	-0.048960
-0.020269	0.680000	0.013115
-0.001191	0.679000	0.023810
0.002465	0.703000	-0.027117
0.012554	0.716000	-0.031385
-0.028951	0.688000	-0.002413
-0.019385	0.691000	-0.007269
-0.038770	0.691000	0.008481
-0.027987	0.694000	-0.012168
0.004790	0.683000	0.011975
-0.039499	0.704000	-0.013578
-0.038545	0.687000	0.027704
-0.025516	0.693000	-0.013366
0.017428	0.710000	-0.009959
-0.030596	0.698000	-0.020805
-0.028741	0.683000	0.008383
0.003698	0.703000	-0.025884
-0.026230	0.680000	0.025038
-0.033482	0.682000	0.017937
-0.016115	0.707000	-0.040907
-0.019188	0.684000	0.050370
0.006119	0.698000	-0.015910
0.008604	0.701000	-0.017207
-0.041729	0.700000	-0.004909
-0.001205	0.687000	0.003614
0.008726	0.711000	-0.034905
0.001196	0.682000	0.013154
-0.018226	0.693000	-0.014581
-0.036457	0.717000	-0.046514
-0.034474	0.678000	0.042795
-0.028108	0.697000	-0.017109
-0.038808	0.714000	-0.037556
-0.036305	0.714000	-0.042564
-0.032381	0.684000	0.010794
0.011975	0.683000	0.043111
-0.018252	0.694000	-0.015819
-0.021650	0.686000	0.052923
-0.014644	0.696000	-0.021966
0.017989	0.684000	0.027583
-0.016790	0.684000	0.002399
-0.047705	0.716000	-0.020086
-0.039275	0.700000	-0.008591
-0.027156	0.704000	-0.035796
0.013231	0.686000	0.019245
-0.021903	0.694000	-0.018252
0.009636	0.687000	0.016864
-0.009903	0.706000	-0.037136
0.017428	0.710000	-0.011204
-0.039750	0.687000	0.027704
-0.003529	0.671000	0.048236
-0.033043	0.698000	-0.015910
-0.015499	0.680000	0.013115
-0.020477	0.687000	0.001205
-0.026307	0.682000	0.022720
0.017281	0.704000	-0.001234
-0.044058	0.698000	0.012238
-0.003629	0.690000	-0.008469
-0.002356	0.672000	0.037704
-0.042564	0.714000	-0.031297
0.012203	0.696000	0.001220
0.018568	0.706000	-0.002476
-0.025700	0.698000	-0.020805
0.016183	0.710000	-0.009959
0.008591	0.700000	-0.015955
-0.037504	0.690000	0.006049
-0.004825	0.688000	-0.001206
-0.022629	0.717000	-0.052800
0.001241	0.708000	-0.037241
-0.012045	0.687000	-0.000000
-0.036820	0.700000	-0.014728
-0.031774	0.697000	-0.014665
-0.038210	0.703000	-0.017256
-0.006224	0.710000	-0.049795
-0.012238	0.698000	-0.025700
-0.018620	0.708000	-0.045930
-0.003724	0.708000	-0.042206
-0.033895	0.716000	-0.047705
-0.038917	0.716000	-0.041428
-0.026289	0.714000	-0.051327
-0.025998	0.674000	0.042543
-0.010888	0.690000	-0.007259
-0.019048	0.679000	0.023810
0.000000	0.690000	-0.003629
-0.002378	0.678000	0.028530
-0.001247	0.711000	-0.047372
-0.019385	0.691000	-0.008481
0.002385	0.680000	0.030999
-0.027180	0.674000	0.040179
-0.017884	0.680000	0.021461
-0.036610	0.696000	-0.002441
-0.002378	0.678000	0.020209
-0.011141	0.706000	-0.040849
0.008640	0.704000	-0.020984
-0.002455	0.700000	-0.025774
0.003551	0.675000	0.042606
-0.031819	0.698000	-0.018357
0.007090	0.674000	0.051997
-0.006163	0.703000	-0.034513
-0.026230	0.680000	0.013115
-0.020596	0.691000	-0.008481
0.004888	0.697000	-0.010999
-0.024231	0.691000	-0.006058
0.000000	0.679000	0.021429
-0.038545	0.687000	0.025295
-0.022344	0.708000	-0.045930
-0.032002	0.676000	0.043854
-0.002423	0.691000	-0.008481
-0.042588	0.694000	0.018252
-0.009524	0.679000	0.019048
0.011093	0.703000	-0.017256
0.004741	0.676000	0.042669
-0.007143	0.679000	0.023810
-0.004860	0.693000	-0.014581
0.013462	0.698000	0.004895
-0.048413	0.708000	-0.003724
-0.027583	0.684000	0.007196
0.004783	0.682000	0.026307
-0.048550	0.710000	-0.008714
0.001192	0.680000	0.021461
-0.013578	0.704000	-0.035796
-0.037556	0.714000	-0.038808
0.020114	0.717000	-0.027657
-0.014644	0.696000	-0.019525
0.005050	0.720000	-0.054283
-0.034856	0.710000	-0.036101
0.007511	0.714000	-0.046320
-0.022720	0.682000	0.015545
0.008420	0.686000	0.015636
0.009482	0.676000	0.049781
0.005926	0.676000	0.046225
0.011905	0.679000	0.046430
-0.008444	0.688000	-0.006031
-0.041138	0.711000	-0.022439
-0.002434	0.694000	-0.017035
-0.035926	0.683000	0.026346
-0.012063	0.688000	-0.006031
0.005996	0.684000	0.016790
-0.039275	0.700000	-0.009819
0.010043	0.716000	-0.046449
-0.040954	0.687000	0.026500
-0.018305	0.696000	-0.023186
0.013578	0.704000	-0.017281
-0.020358	0.683000	0.051494
-0.011093	0.703000	-0.055467
-0.021524	0.682000	0.026307
-0.016115	0.707000	-0.039667
0.002392	0.682000	0.025111
0.016343	0.717000	-0.030171
-0.020984	0.704000	-0.033327
0.019750	0.704000	0.007406
-0.032093	0.704000	-0.030859
0.015864	0.696000	0.012203
0.012098	0.690000	0.012098
0.003750	0.713000	-0.046255
-0.004699	0.670000	0.046989
-0.016667	0.679000	0.016667
0.004881	0.696000	-0.008542
-0.027543	0.683000	0.008383
-0.003719	0.707000	-0.038428
-0.019834	0.707000	-0.040907
-0.031385	0.716000	-0.050215
-0.020269	0.680000	0.019076
-0.045257	0.717000	-0.042743
0.017649	0.719000	-0.035298
-0.035491	0.698000	-0.013462
-0.030003	0.713000	-0.046255
-0.010983	0.696000	-0.023186
-0.014728	0.700000	-0.031911
0.012238	0.698000	-0.003671
0.022344	0.708000	0.002483
-0.016138	0.708000	-0.044689
0.021163	0.710000	-0.007469
-0.020000	0.671000	0.043530
-0.005001	0.713000	-0.055006
0.001241	0.708000	-0.039724
-0.040097	0.693000	0.010936
-0.013462	0.698000	-0.029372
0.004895	0.698000	-0.017134
-0.047172	0.708000	-0.006207
0.000000	0.686000	0.006014
0.001182	0.674000	0.047270
-0.015955	0.700000	-0.030683
0.009903	0.706000	-0.028471
-0.015499	0.680000	0.011923
-0.026500	0.687000	0.001205
-0.009819	0.700000	-0.030683
-0.032503	0.713000	-0.045005
0.014602	0.694000	0.010951
-0.023253	0.698000	-0.024477
-0.003566	0.678000	0.023775
0.009903	0.706000	-0.025995
0.006137	0.700000	-0.017183
-0.033517	0.708000	-0.037241
0.004818	0.687000	0.004818
-0.003593	0.683000	0.007185
-0.033517	0.708000	-0.035999
-0.009720	0.693000	-0.015796
0.013559	0.703000	-0.013559
0.017428	0.710000	-0.012449
0.011062	0.701000	-0.014749
-0.004958	0.707000	-0.042147
0.006233	0.711000	-0.038645
-0.048550	0.710000	-0.011204
0.020865	0.700000	0.012273
-0.007427	0.706000	-0.037136
-0.023565	0.672000	0.040060
-0.024757	0.706000	-0.035898
-0.015477	0.679000	0.016667
-0.009819	0.700000	-0.033138
-0.034779	0.684000	0.025185
-0.003535	0.672000	0.036525
-0.021371	0.717000	-0.052800
-0.045383	0.719000	-0.023952
-0.037286	0.686000	0.020447
-0.021713	0.688000	-0.003619
-0.039750	0.687000	0.028909
0.016047	0.704000	0.002469
0.010983	0.696000	-0.001220
-0.021163	0.710000	-0.047305
-0.019918	0.710000	-0.047305
-0.023186	0.696000	-0.019525
0.002444	0.697000	-0.010999
-0.018852	0.672000	0.043595
-0.020269	0.680000	0.014307
-0.024743	0.672000	0.044773
-0.012045	0.687000	-0.001205
-0.005874	0.670000	0.043465
-0.027261	0.676000	0.047410
-0.004909	0.700000	-0.030683
-0.007448	0.708000	-0.044689
-0.018305	0.696000	-0.020745
-0.006224	0.710000	-0.051040
-0.018147	0.690000	-0.004839
0.002423	0.691000	-0.004846
-0.020686	0.694000	-0.017035
-0.009650	0.688000	-0.006031
-0.014812	0.704000	-0.035796
0.008751	0.713000	-0.037504
-0.034474	0.678000	0.043984
0.001192	0.680000	0.025038
-0.010857	0.688000	-0.006031
0.003714	0.706000	-0.032184
-0.004958	0.707000	-0.040907
-0.020686	0.694000	-0.015819
0.004797	0.684000	0.022786
-0.030999	0.680000	0.026230
0.013231	0.686000	0.027664
-0.023219	0.697000	-0.023219
-0.013501	0.700000	-0.030683
-0.043939	0.716000	-0.036406
0.000000	0.688000	-0.000000
-0.028404	0.675000	0.043789
-0.022920	0.688000	-0.003619
0.002441	0.696000	-0.009763
-0.004818	0.687000	-0.000000
0.014581	0.693000	0.012151
-0.046644	0.719000	-0.026474
0.003587	0.682000	0.026307
0.014791	0.703000	0.006163
-0.029807	0.680000	0.030999
-0.016495	0.672000	0.038882
0.012659	0.722000	-0.050636
-0.034169	0.696000	-0.006102
-0.041254	0.713000	-0.026253
-0.012449	0.710000	-0.054774
-0.021587	0.684000	0.005996
-0.019076	0.680000	0.013115
-0.044000	0.717000	-0.042743
0.016388	0.719000	-0.036559
-0.019750	0.704000	-0.035796
-0.002444	0.697000	-0.020775
-0.002448	0.698000	-0.023253
0.018673	0.710000	-0.013694
-0.046644	0.719000	-0.028995
-0.021524	0.682000	0.023915
-0.021871	0.693000	-0.012151
-0.003614	0.687000	0.001205
-0.028404	0.675000	0.040239
-0.013694	0.710000	-0.047305
-0.041601	0.719000	-0.044123
0.013192	0.684000	0.025185
-0.025664	0.697000	-0.018331
0.019918	0.710000	-0.008714
0.009791	0.698000	-0.009791
0.009903	0.706000	-0.022281
-0.030817	0.676000	0.046225
0.015128	0.719000	-0.039080
0.000000	0.707000	-0.038428
0.018568	0.706000	-0.003714
-0.014349	0.682000	0.008370
-0.001206	0.688000	-0.001206
0.003682	0.700000	-0.020865
-0.003619	0.688000	-0.004825
-0.038545	0.687000	0.026500
-0.040097	0.693000	0.013366
-0.010730	0.680000	0.014307
-0.038770	0.691000	0.009692
0.002409	0.687000	0.001205
0.014433	0.686000	0.028867
0.016343	0.717000	-0.023886
0.011267	0.714000	-0.036305
0.008395	0.684000	0.021587
-0.029793	0.708000	-0.039724
-0.014896	0.708000	-0.043448
-0.027156	0.704000	-0.037030
-0.018173	0.691000	-0.008481
-0.031297	0.714000	-0.048823
-0.041491	0.696000	0.008542
-0.033727	0.687000	0.007227
-0.017183	0.700000	-0.030683
-0.026230	0.680000	0.020269
-0.024897	0.710000	-0.044815
0.005961	0.680000	0.029807
-0.024477	0.698000	-0.023253
0.016206	0.711000	-0.016206
0.010715	0.679000	0.044049
-0.044184	0.700000	-0.003682
-0.009931	0.708000	-0.044689
0.010001	0.713000	-0.037504
0.011251	0.713000	-0.032503
0.008284	0.675000	0.053257
-0.026731	0.693000	-0.008505
-0.048413	0.708000	-0.004965
-0.034218	0.697000	-0.007332
0.018489	0.703000	0.008628
-0.012221	0.697000	-0.024441
0.005043	0.719000	-0.051687
-0.016206	0.711000	-0.052358
0.009903	0.706000	-0.027233
-0.039106	0.697000	-0.000000
-0.045005	0.713000	-0.021252
0.001210	0.690000	-0.004839
-0.035644	0.701000	-0.019665
-0.029807	0.680000	0.020269
-0.012414	0.708000	-0.047172
-0.036189	0.688000	0.009650
-0.020030	0.672000	0.038882
0.001212	0.691000	-0.006058
0.013829	0.717000	-0.032686
0.004965	0.708000	-0.033517
0.009622	0.686000	0.019245
-0.025259	0.686000	0.003608
0.013231	0.686000	0.026461
-0.013327	0.691000	-0.012116
-0.029587	0.675000	0.039055
-0.004713	0.672000	0.036525
-0.005988	0.683000	0.003593
-0.002353	0.671000	0.047059
-0.020567	0.690000	-0.004839
0.015796	0.693000	0.014581
0.006286	0.717000	-0.049028
0.003666	0.697000	-0.012221
-0.004762	0.679000	0.017858
0.002363	0.674000	0.040179
-0.025443	0.691000	-0.004846
-0.037346	0.710000	-0.031122
0.010857	0.688000	0.012063
-0.034218	0.697000	-0.009777
-0.041491	0.696000	0.012203
0.003771	0.717000	-0.050286
-0.002381	0.679000	0.026191
-0.045383	0.719000	-0.025213
0.012238	0.698000	-0.004895
-0.005953	0.679000	0.021429
-0.037939	0.698000	-0.007343
0.008567	0.698000	-0.009791
-0.013462	0.698000	-0.026924
-0.008567	0.698000	-0.025700
-0.023915	0.682000	0.027503
-0.025111	0.682000	0.021524
-0.035745	0.703000	-0.020954
-0.034932	0.687000	0.008432
-0.003735	0.710000	-0.047305
-0.035593	0.700000	-0.017183
-0.038545	0.687000	0.032523
-0.026307	0.682000	0.028699
-0.013096	0.679000	0.015477
-0.026616	0.690000	-0.003629
-0.023186	0.696000	-0.018305
0.010001	0.713000	-0.036254
0.002476	0.706000	-0.030946
-0.008567	0.698000	-0.028148
-0.017884	0.680000	0.013115
-0.003619	0.688000	-0.001206
-0.017428	0.710000	-0.048550
-0.045930	0.708000	-0.008690
-0.023319	0.700000	-0.027001
-0.043632	0.711000	-0.017453
-0.037504	0.690000	0.008469
-0.030990	0.707000	-0.035949
-0.010573	0.670000	0.043465
-0.008628	0.703000	-0.054234
-0.024091	0.687000	0.003614
-0.010778	0.683000	0.002395
-0.004986	0.711000	-0.053605
-0.014686	0.698000	-0.028148
0.013578	0.704000	-0.007406
-0.011204	0.710000	-0.048550
-0.003572	0.679000	0.020239
-0.026142	0.710000	-0.046060
-0.032275	0.708000	-0.039724
0.013829	0.717000	-0.035200
-0.008334	0.679000	0.016667
0.000000	0.694000	-0.013385
-0.005953	0.679000	0.015477
0.000000	0.710000	-0.043570
-0.046449	0.716000	-0.031385
-0.004825	0.688000	-0.003619
-0.003645	0.693000	-0.012151
0.003587	0.682000	0.022720
-0.018594	0.707000	-0.040907
-0.003587	0.682000	0.013154
0.007375	0.701000	-0.018436
-0.001252	0.714000	-0.052579
0.014665	0.697000	0.009777
0.007469	0.710000	-0.033611
0.009650	0.688000	0.008444
0.020283	0.723000	-0.034227
-0.003524	0.670000	0.046989
