-0.048930	0.649000	-0.040965
-0.002276	0.649000	-0.050068
0.062594	0.714000	0.031297
-0.103550	0.649000	-0.051206
-0.044584	0.652000	-0.025150
0.056720	0.647000	-0.056720
0.028448	0.649000	-0.064861
0.107129	0.650000	-0.071799
0.010241	0.649000	-0.060309
-0.041028	0.650000	-0.031911
-0.033406	0.657000	-0.014975
-0.048071	0.741000	0.040276
0.124425	0.747000	0.002619
-0.028236	0.671000	-0.000000
0.145614	0.755000	-0.006619
0.027001	0.700000	0.023319
0.011432	0.652000	-0.032009
0.113616	0.648000	-0.076123
0.068590	0.652000	-0.069734
-0.056037	0.680000	0.002385
0.097861	0.649000	-0.037551
0.027689	0.658000	-0.017305
0.068895	0.666000	-0.014013
-0.020514	0.650000	-0.029631
0.033152	0.652000	-0.029723
-0.105333	0.653000	-0.035493
0.120244	0.762000	0.030729
0.075632	0.674000	-0.007090
0.044652	0.653000	-0.027478
0.118213	0.661000	-0.026656
-0.066260	0.663000	-0.063935
-0.010667	0.676000	0.007112
-0.114431	0.687000	-0.016864
0.126857	0.646000	-0.077020
0.018147	0.690000	0.016937
0.014816	0.650000	-0.064961
0.037648	0.671000	-0.002353
-0.110628	0.717000	0.005029
0.092878	0.646000	-0.058898
-0.076358	0.650000	-0.035330
-0.113616	0.648000	-0.055672
0.059445	0.652000	-0.030866
0.069199	0.647000	-0.040839
-0.099405	0.667000	-0.018712
0.026495	0.657000	-0.018431
-0.033152	0.652000	-0.051443
-0.038749	0.650000	-0.035330
0.142413	0.781000	0.021910
0.134908	0.687000	-0.022886
-0.098464	0.653000	-0.050377
-0.039750	0.687000	0.009636
0.106673	0.676000	-0.010667
0.044994	0.658000	-0.018459
-0.011379	0.649000	-0.058034
0.136623	0.666000	-0.035032
0.000000	0.649000	-0.045517
0.058034	0.649000	-0.064861
0.059196	0.662000	-0.015089
-0.070482	0.659000	-0.017332
0.008370	0.682000	0.008370
0.160325	0.762000	-0.005344
0.108140	0.693000	-0.002430
0.127476	0.655000	-0.036750
0.047571	0.646000	-0.049837
-0.005742	0.655000	-0.025266
0.105405	0.691000	-0.001212
0.041789	0.701000	0.023353
-0.058035	0.662000	-0.012768
-0.040563	0.661000	-0.011590
0.109527	0.644000	-0.051941
0.086152	0.664000	-0.019792
-0.070268	0.657000	-0.046078
-0.096395	0.714000	0.007511
0.118890	0.652000	-0.038868
0.072826	0.704000	0.019750
-0.061425	0.661000	-0.060266
0.147717	0.759000	-0.001331
0.149642	0.783000	0.019220
-0.096321	0.654000	-0.036694
0.012498	0.648000	-0.049991
0.128625	0.655000	-0.036750
-0.046449	0.716000	0.028874
0.079408	0.647000	-0.053317
0.068380	0.650000	-0.031911
0.041908	0.646000	-0.044173
-0.043907	0.659000	-0.013865
-0.067244	0.752000	0.036918
-0.087611	0.694000	0.003650
0.087263	0.711000	0.023686
0.080001	0.671000	-0.011765
0.094680	0.675000	-0.010652
-0.025536	0.662000	-0.008125
0.014539	0.691000	0.018173
-0.022753	0.683000	0.011975
0.035768	0.680000	0.004769
0.124592	0.646000	-0.061163
0.080916	0.650000	-0.070659
-0.052705	0.668000	-0.073787
-0.063164	0.655000	-0.050531
-0.021887	0.657000	-0.069116
-0.021654	0.650000	-0.039888
-0.113932	0.722000	0.007595
0.007965	0.649000	-0.059171
0.139032	0.672000	-0.030634
-0.012613	0.654000	-0.066507
0.090449	0.653000	-0.033203
0.039404	0.661000	-0.013907
0.071482	0.691000	0.009692
-0.037783	0.653000	-0.053812
0.082908	0.666000	-0.016348
0.009103	0.649000	-0.043241
0.143554	0.655000	-0.043640
0.087619	0.649000	-0.036413
0.085869	0.653000	-0.073275
0.040839	0.647000	-0.057855
0.125725	0.646000	-0.050969
0.074078	0.650000	-0.069520
0.084949	0.646000	-0.045306
-0.094259	0.672000	-0.012961
-0.058749	0.657000	-0.057597
0.108268	0.650000	-0.076358
0.171462	0.764000	-0.001340
0.027268	0.648000	-0.057944
0.018459	0.658000	-0.016152
-0.007978	0.650000	-0.045587
0.093544	0.684000	-0.001199
0.132110	0.644000	-0.065491
0.010241	0.649000	-0.043241
0.065694	0.646000	-0.047571
0.039050	0.696000	0.018305
0.014812	0.704000	0.029624
-0.054620	0.649000	-0.037551
0.012748	0.661000	-0.010431
0.079784	0.711000	0.024932
0.118560	0.644000	-0.056457
-0.054204	0.687000	0.008432
-0.094605	0.683000	-0.068259
-0.013676	0.650000	-0.044447
0.122109	0.757000	0.015927
-0.129766	0.679000	-0.044049
-0.018235	0.650000	-0.039888
-0.064417	0.668000	-0.070274
0.080008	0.713000	0.026253
0.105495	0.654000	-0.032107
0.053982	0.716000	0.032640
0.005795	0.661000	-0.010431
-0.009159	0.653000	-0.066406
-0.087419	0.683000	-0.065864
-0.057159	0.652000	-0.045727
0.075797	0.655000	-0.078093
-0.064803	0.672000	-0.075407
-0.060681	0.653000	-0.022899
-0.132811	0.653000	-0.066406
-0.045282	0.698000	0.017134
-0.023652	0.710000	0.032367
0.013718	0.652000	-0.030866
0.070551	0.682000	0.001196
0.106799	0.648000	-0.064761
-0.086001	0.654000	-0.036694
0.038510	0.646000	-0.043041
-0.116914	0.717000	0.006286
-0.010304	0.653000	-0.066406
-0.052586	0.652000	-0.026293
-0.098916	0.688000	-0.003619
0.095437	0.672000	-0.012961
0.015727	0.690000	0.016937
-0.107935	0.648000	-0.057944
0.137290	0.658000	-0.039226
0.019374	0.650000	-0.031911
-0.130590	0.671000	-0.049412
-0.117747	0.652000	-0.050300
0.118560	0.690000	-0.009678
-0.012613	0.654000	-0.024080
-0.004713	0.672000	0.003535
0.046909	0.686000	0.008420
-0.012633	0.655000	-0.068906
-0.037725	0.652000	-0.026293
-0.022934	0.654000	-0.066507
-0.029456	0.672000	0.001178
0.024228	0.658000	-0.017305
0.124571	0.664000	-0.026777
0.160668	0.739000	-0.029801
0.166782	0.749000	-0.013132
0.005725	0.653000	-0.068696
0.004769	0.680000	0.009538
0.132822	0.773000	0.024396
0.080210	0.663000	-0.019762
0.078868	0.714000	0.031297
0.012343	0.704000	0.030859
-0.133934	0.676000	-0.046225
0.052063	0.707000	0.024792
-0.066346	0.688000	0.004825
0.017016	0.647000	-0.056720
0.115040	0.698000	-0.002448
-0.004958	0.707000	0.032230
0.012748	0.661000	-0.079968
-0.038928	0.653000	-0.052667
0.140142	0.747000	-0.007858
-0.066060	0.661000	-0.056789
-0.124068	0.687000	-0.028909
0.046218	0.659000	-0.016176
-0.060402	0.650000	-0.030771
-0.068378	0.661000	-0.054471
-0.067559	0.741000	0.033780
0.083708	0.654000	-0.077974
0.077259	0.648000	-0.062489
-0.091261	0.694000	0.006084
-0.043307	0.650000	-0.035330
-0.081539	0.655000	-0.049383
0.056256	0.713000	0.030003
-0.061086	0.670000	-0.072833
0.077322	0.700000	0.017183
0.046989	0.670000	-0.007048
0.003682	0.700000	0.027001
-0.062205	0.657000	-0.056445
-0.075218	0.650000	-0.034190
-0.019494	0.654000	-0.065361
0.064561	0.646000	-0.045306
0.051418	0.682000	0.002392
-0.060402	0.650000	-0.033050
-0.004783	0.682000	0.011958
-0.090726	0.655000	-0.051679
0.061447	0.649000	-0.065999
0.098085	0.674000	-0.012999
0.064707	0.671000	-0.007059
0.093677	0.703000	0.013559
-0.043441	0.652000	-0.046870
0.034576	0.680000	0.004769
-0.113765	0.683000	-0.019160
0.028390	0.704000	0.027156
-0.051206	0.649000	-0.037551
0.048308	0.672000	-0.003535
0.086082	0.646000	-0.048704
0.010383	0.658000	-0.073836
-0.072621	0.679000	-0.002381
0.032745	0.667000	-0.008186
0.026253	0.713000	0.037504
0.088012	0.707000	0.018594
0.140517	0.749000	-0.006566
0.121101	0.759000	0.023954
0.087419	0.683000	-0.000000
0.088757	0.649000	-0.064861
0.009300	0.663000	-0.005812
0.143782	0.781000	0.021910
0.151993	0.774000	0.002714
-0.032303	0.658000	-0.068068
-0.128428	0.672000	-0.048308
0.115709	0.647000	-0.074871
0.058989	0.647000	-0.051048
0.114389	0.659000	-0.028886
-0.045240	0.679000	0.003572
-0.006933	0.659000	-0.011554
-0.057948	0.661000	-0.061425
0.133593	0.747000	-0.002619
-0.103710	0.650000	-0.053564
-0.057022	0.707000	0.018594
-0.095104	0.733000	0.020563
-0.098877	0.723000	0.013944
-0.053796	0.667000	-0.072507
-0.023109	0.659000	-0.010399
-0.082266	0.680000	-0.064382
0.013634	0.648000	-0.044310
-0.030960	0.654000	-0.060774
0.012498	0.648000	-0.051127
-0.080916	0.650000	-0.031911
0.150774	0.761000	-0.012009
0.004552	0.649000	-0.045517
-0.010336	0.655000	-0.068906
-0.085503	0.659000	-0.054306
-0.132811	0.653000	-0.065261
0.070905	0.674000	-0.005909
0.089914	0.693000	0.007290
0.032156	0.655000	-0.073500
0.054452	0.647000	-0.046511
-0.073724	0.657000	-0.020735
0.106641	0.654000	-0.079121
-0.034453	0.655000	-0.064312
0.051127	0.648000	-0.035221
0.056808	0.648000	-0.059080
-0.062326	0.697000	0.012221
0.101648	0.707000	0.012396
0.108903	0.647000	-0.066930
0.017226	0.655000	-0.019523
-0.086269	0.693000	0.002430
0.109527	0.644000	-0.057586
0.050068	0.649000	-0.060309
-0.045336	0.663000	-0.010462
-0.052547	0.666000	-0.007006
0.094501	0.691000	0.004846
-0.067093	0.722000	0.022786
-0.050287	0.667000	-0.004678
0.055758	0.649000	-0.064861
-0.086259	0.713000	0.013751
-0.040179	0.674000	0.001182
-0.078868	0.714000	0.016274
0.088894	0.650000	-0.035330
0.004895	0.698000	0.025700
-0.035298	0.719000	0.031516
0.132520	0.646000	-0.058898
-0.007259	0.690000	0.016937
-0.010241	0.649000	-0.053482
0.079615	0.688000	0.007238
0.123763	0.759000	0.018631
-0.027731	0.659000	-0.012710
-0.040004	0.736000	0.036133
0.078868	0.714000	0.032549
-0.005821	0.664000	-0.003493
-0.065883	0.671000	-0.071766
0.011888	0.678000	0.005944
0.024757	0.706000	0.029708
0.138238	0.641000	-0.076424
0.109601	0.658000	-0.031150
0.092997	0.663000	-0.023249
0.044000	0.717000	0.036457
0.100740	0.684000	-0.003598
0.070063	0.666000	-0.012845
0.078274	0.647000	-0.053317
-0.077497	0.650000	-0.030771
0.023896	0.649000	-0.036413
-0.011432	0.652000	-0.042297
0.034137	0.649000	-0.035275
-0.129992	0.674000	-0.047270
-0.033050	0.650000	-0.031911
0.085756	0.670000	-0.014097
-0.102886	0.652000	-0.057159
-0.137812	0.655000	-0.067758
0.011590	0.661000	-0.079968
0.108398	0.644000	-0.051941
-0.039576	0.684000	0.008395
-0.073566	0.666000	-0.058386
0.004958	0.707000	0.034709
0.017937	0.682000	0.009566
0.090612	0.646000	-0.050969
-0.093023	0.655000	-0.028711
0.077203	0.688000	0.006031
0.055125	0.655000	-0.022969
-0.068895	0.666000	-0.064225
0.043018	0.701000	0.022124
0.033185	0.701000	0.025811
-0.022986	0.690000	0.015727
0.062545	0.686000	0.006014
-0.102412	0.649000	-0.051206
0.056531	0.686000	0.006014
-0.108337	0.679000	-0.070240
-0.093884	0.653000	-0.045797
0.022092	0.700000	0.023319
0.009692	0.691000	0.019385
0.121569	0.648000	-0.046583
-0.056187	0.654000	-0.051601
-0.066660	0.667000	-0.010525
-0.127061	0.671000	-0.050589
0.065897	0.648000	-0.057944
0.002307	0.658000	-0.072683
0.046942	0.653000	-0.072130
0.127594	0.644000	-0.054199
0.166116	0.783000	0.009610
0.033138	0.700000	0.024547
-0.057246	0.653000	-0.022899
0.076328	0.691000	0.008481
0.007965	0.649000	-0.045517
-0.069734	0.652000	-0.026293
0.110656	0.644000	-0.059845
-0.083459	0.700000	0.008591
0.081551	0.646000	-0.043041
0.123077	0.644000	-0.066620
0.073163	0.652000	-0.030866
-0.032009	0.652000	-0.050300
-0.023519	0.706000	0.029708
0.119481	0.649000	-0.079654
0.112592	0.698000	-0.002448
-0.037504	0.690000	0.013308
0.092171	0.649000	-0.063723
0.137318	0.687000	-0.022886
0.126091	0.757000	0.011945
-0.028623	0.653000	-0.020609
0.142120	0.659000	-0.041596
0.034067	0.670000	-0.003524
0.147473	0.647000	-0.082812
0.118560	0.644000	-0.064361
-0.076607	0.662000	-0.015089
-0.115657	0.717000	-0.000000
0.074797	0.711000	0.026179
0.103391	0.648000	-0.064761
0.066560	0.703000	0.018489
0.042297	0.652000	-0.029723
0.067959	0.680000	-0.000000
0.070225	0.646000	-0.052102
0.113967	0.650000	-0.078637
0.138238	0.641000	-0.068557
0.011093	0.703000	0.029582
-0.124268	0.675000	-0.036688
0.006806	0.647000	-0.051048
-0.043307	0.650000	-0.038749
0.029723	0.652000	-0.027436
-0.119437	0.655000	-0.044789
-0.064607	0.658000	-0.056531
-0.097568	0.687000	-0.007227
-0.042752	0.659000	-0.013865
-0.041154	0.652000	-0.048013
0.059838	0.711000	0.028672
-0.004615	0.658000	-0.017305
0.051837	0.657000	-0.078332
0.036960	0.680000	0.004769
-0.072756	0.741000	0.029882
0.033864	0.666000	-0.008174
-0.006964	0.662000	-0.006964
-0.005698	0.650000	-0.061542
0.128386	0.648000	-0.078395
-0.099267	0.674000	-0.010636
-0.001212	0.691000	0.018173
-0.052390	0.664000	-0.069853
-0.043574	0.654000	-0.058481
0.008395	0.684000	0.011993
-0.079093	0.694000	0.004867
0.134786	0.646000	-0.060031
0.157344	0.641000	-0.082044
-0.019374	0.650000	-0.033050
-0.063032	0.719000	0.025213
0.147459	0.642000	-0.072041
0.065142	0.701000	0.018436
-0.033457	0.658000	-0.068068
-0.041422	0.675000	0.001183
-0.044240	0.664000	-0.071017
0.049232	0.653000	-0.070985
0.099856	0.678000	-0.008321
-0.003666	0.697000	0.024441
0.124089	0.761000	0.021349
-0.099218	0.658000	-0.024228
0.106580	0.683000	-0.007185
0.030724	0.649000	-0.063723
-0.124031	0.655000	-0.059719
-0.050514	0.670000	-0.075183
-0.028108	0.697000	0.018331
-0.067240	0.650000	-0.036469
0.146000	0.757000	0.003982
-0.108102	0.649000	-0.051206
-0.119928	0.684000	-0.022786
-0.112031	0.652000	-0.067447
0.138264	0.674000	-0.029544
0.039464	0.662000	-0.012768
0.074755	0.646000	-0.044173
0.039766	0.648000	-0.059080
-0.041028	0.650000	-0.035330
0.012691	0.658000	-0.074990
-0.120517	0.716000	0.005022
-0.041116	0.670000	-0.003524
0.162190	0.746000	-0.015696
-0.047373	0.659000	-0.013865
0.092478	0.694000	0.008518
0.159373	0.739000	-0.028506
0.003724	0.708000	0.037241
0.045194	0.716000	0.036406
-0.044652	0.653000	-0.054956
0.115531	0.646000	-0.048704
0.160504	0.803000	0.025343
-0.018699	0.711000	0.033659
0.089013	0.668000	-0.015226
-0.064786	0.739000	0.029801
-0.073787	0.668000	-0.059733
-0.076028	0.657000	-0.047230
-0.002490	0.710000	0.036101
-0.095174	0.654000	-0.041280
-0.034348	0.653000	-0.051522
-0.072507	0.667000	-0.059643
0.070982	0.698000	0.015910
-0.065708	0.694000	0.008518
-0.057562	0.670000	-0.007048
0.149047	0.759000	-0.003992
-0.022758	0.649000	-0.034137
-0.002297	0.655000	-0.027562
-0.042858	0.679000	0.004762
0.029586	0.649000	-0.039827
-0.079484	0.657000	-0.019583
-0.088699	0.657000	-0.052989
0.059901	0.657000	-0.080636
-0.082266	0.680000	-0.003577
0.062971	0.653000	-0.074420
0.111091	0.704000	0.002469
-0.018459	0.658000	-0.011537
-0.119437	0.655000	-0.048234
0.050363	0.668000	-0.009370
-0.054851	0.711000	0.023686
-0.009342	0.666000	-0.002335
-0.024043	0.653000	-0.024043
0.078516	0.649000	-0.035275
0.152849	0.641000	-0.065185
0.063723	0.649000	-0.065999
-0.109071	0.648000	-0.055672
0.019285	0.647000	-0.051048
0.019523	0.655000	-0.019523
0.106336	0.722000	0.016457
-0.093023	0.655000	-0.052828
-0.058123	0.650000	-0.042168
-0.072855	0.742000	0.031223
0.046449	0.716000	0.035151
0.094848	0.644000	-0.048553
0.014896	0.708000	0.035999
-0.123841	0.654000	-0.061921
-0.074229	0.672000	-0.062447
0.001140	0.650000	-0.039888
