-0.011519	0.657000	0.023039
-0.004475	0.638000	0.090609
-0.075565	0.653000	0.027478
-0.037199	0.663000	-0.056961
-0.024191	0.657000	-0.010367
-0.043011	0.629000	0.012131
-0.003556	0.676000	-0.001185
-0.030061	0.635000	0.027834
-0.082477	0.672000	0.003535
-0.032949	0.648000	-0.009089
-0.067488	0.631000	0.053105
0.028197	0.731000	-0.035887
0.014875	0.707000	-0.022313
-0.009286	0.662000	0.018571
-0.053257	0.675000	-0.065092
-0.013327	0.691000	-0.061789
0.030953	0.679000	0.091670
-0.052151	0.676000	-0.071115
-0.069681	0.641000	0.041584
-0.020956	0.664000	-0.009314
-0.067454	0.687000	-0.062636
0.020358	0.683000	0.047901
-0.013865	0.659000	0.011554
0.035452	0.674000	0.127629
0.005795	0.661000	0.061425
-0.079435	0.697000	-0.046439
0.023253	0.698000	0.024477
-0.054813	0.638000	0.010068
0.020086	0.716000	-0.026363
-0.051285	0.650000	-0.021654
-0.006014	0.686000	-0.028867
-0.075113	0.630000	0.066276
0.013844	0.658000	0.094603
-0.077415	0.659000	0.020798
-0.052311	0.663000	-0.045336
0.001159	0.661000	0.052153
0.015294	0.671000	0.061177
-0.001117	0.637000	0.106103
0.048823	0.714000	0.046320
-0.075888	0.646000	0.044173
0.013771	0.714000	-0.038808
-0.076096	0.629000	0.087125
0.029456	0.672000	0.098972
-0.021754	0.653000	0.003435
0.007332	0.697000	-0.019553
-0.033888	0.604000	0.090016
0.047466	0.752000	-0.039555
0.031728	0.696000	0.047592
0.034474	0.678000	0.101045
-0.043276	0.602000	0.069663
-0.077306	0.621000	0.097994
-0.049938	0.606000	0.070126
-0.051225	0.664000	-0.047733
-0.056445	0.657000	-0.019583
0.020283	0.723000	-0.045636
0.006796	0.646000	0.115531
-0.085324	0.632000	0.090865
0.024854	0.675000	0.080478
0.006912	0.657000	0.076028
0.028471	0.706000	0.022281
0.004818	0.687000	-0.003614
-0.012961	0.672000	-0.018852
0.011993	0.684000	0.020388
-0.079384	0.686000	-0.027664
0.024441	0.697000	0.029330
0.050075	0.714000	0.046320
-0.063253	0.622000	0.065434
-0.028360	0.647000	0.002269
0.046270	0.754000	-0.040982
-0.079040	0.644000	0.054199
-0.072716	0.619000	0.092252
0.011747	0.670000	0.056387
-0.085591	0.678000	-0.008321
-0.073395	0.644000	0.038391
0.044114	0.680000	0.118034
-0.006933	0.659000	0.027731
0.022220	0.667000	0.086541
-0.023425	0.668000	-0.036308
0.028313	0.734000	-0.045043
-0.064861	0.649000	0.013655
-0.015268	0.622000	0.100333
-0.060216	0.648000	0.003408
0.026847	0.696000	0.037830
-0.083950	0.630000	0.102728
0.000000	0.655000	0.057422
-0.048779	0.647000	-0.018151
-0.016411	0.624000	0.088620
-0.039313	0.606000	0.073314
-0.011186	0.638000	0.070473
0.004538	0.647000	0.086215
-0.022653	0.646000	0.022653
-0.015587	0.635000	0.067915
0.018068	0.687000	0.031318
-0.072041	0.642000	0.039397
-0.032254	0.657000	-0.033406
-0.054199	0.672000	-0.056556
-0.052011	0.618000	0.052011
-0.024996	0.648000	0.010225
-0.058749	0.657000	-0.014975
-0.021019	0.666000	-0.015180
-0.037479	0.668000	-0.070274
-0.082940	0.657000	0.038014
-0.011151	0.636000	0.078058
0.019613	0.658000	0.121138
-0.071571	0.628000	0.077077
0.026076	0.676000	0.081782
-0.027261	0.676000	-0.061633
-0.047351	0.643000	-0.013529
-0.003398	0.646000	0.066827
-0.083476	0.690000	-0.031455
0.018620	0.708000	-0.014896
0.019188	0.684000	0.043174
-0.005584	0.637000	0.091584
0.048504	0.728000	0.012764
0.011109	0.704000	-0.029624
0.024669	0.670000	0.091629
0.003482	0.662000	0.051071
-0.017393	0.620000	0.101097
0.041852	0.682000	0.115990
-0.079093	0.694000	-0.042588
-0.085338	0.676000	-0.001185
-0.016990	0.646000	0.037378
-0.057243	0.616000	0.063723
-0.031812	0.672000	-0.063625
-0.084526	0.679000	-0.011905
-0.013231	0.686000	-0.048111
-0.048129	0.610000	0.054546
-0.037925	0.618000	0.044426
-0.060963	0.610000	0.088771
-0.029824	0.630000	0.037556
-0.068338	0.672000	-0.024743
0.028197	0.731000	-0.037169
-0.079868	0.624000	0.101749
-0.060690	0.641000	0.020230
-0.051048	0.647000	-0.014747
-0.062349	0.635000	0.038968
-0.068696	0.653000	0.013739
0.047456	0.694000	0.094911
-0.017279	0.657000	0.006912
-0.052411	0.636000	0.012266
0.030727	0.701000	0.033185
-0.053524	0.623000	0.043693
0.014602	0.694000	0.008518
-0.020388	0.646000	0.027184
-0.005821	0.664000	0.018627
-0.026005	0.618000	0.102938
-0.067118	0.638000	0.042508
0.000000	0.676000	0.007112
-0.047950	0.636000	0.002230
0.043875	0.736000	-0.005162
-0.036638	0.653000	-0.035493
0.008690	0.708000	-0.043448
-0.052863	0.603000	0.085638
-0.019195	0.644000	0.033874
-0.032389	0.637000	0.014519
0.013192	0.684000	0.021587
-0.069748	0.663000	-0.004650
-0.071746	0.682000	-0.037069
-0.077185	0.667000	0.003508
0.027040	0.701000	0.027040
0.042122	0.728000	0.005106
-0.028097	0.641000	0.022478
-0.026132	0.621000	0.071862
-0.030392	0.642000	0.007879
-0.059992	0.658000	-0.014998
0.010462	0.663000	0.069748
-0.024922	0.618000	0.083434
-0.058451	0.629000	0.045217
0.010604	0.672000	0.043595
-0.020887	0.627000	0.107735
-0.044714	0.622000	0.028355
-0.009910	0.628000	0.093593
-0.054727	0.637000	0.011169
-0.020609	0.653000	0.013739
0.020567	0.690000	0.029035
0.007290	0.693000	-0.009720
-0.011765	0.671000	-0.012941
-0.023951	0.683000	-0.065864
0.034677	0.682000	0.092075
-0.083578	0.701000	-0.052851
-0.079740	0.623000	0.099402
0.049027	0.682000	0.117186
-0.052688	0.601000	0.088515
0.046148	0.752000	-0.038237
0.035151	0.716000	0.012554
-0.073836	0.658000	0.016152
-0.003493	0.664000	0.020956
0.011467	0.654000	0.097468
-0.042841	0.643000	-0.015784
0.035347	0.720000	0.003787
0.008076	0.658000	0.068068
-0.064593	0.614000	0.099042
-0.042361	0.604000	0.065659
-0.081740	0.666000	0.012845
-0.003419	0.650000	0.060402
-0.058838	0.658000	-0.016152
0.028793	0.714000	0.001252
0.022120	0.664000	0.097794
-0.032992	0.607000	0.096849
0.039836	0.710000	0.042325
-0.014770	0.648000	0.032949
-0.023284	0.664000	-0.022120
-0.011011	0.628000	0.101301
-0.013718	0.652000	0.025150
-0.012671	0.657000	0.019583
0.039243	0.722000	0.012659
-0.035764	0.658000	-0.040379
0.012238	0.698000	-0.007343
0.027233	0.706000	0.016092
-0.026914	0.614000	0.101195
0.036662	0.697000	0.058660
-0.047301	0.658000	-0.041533
-0.023986	0.684000	-0.068359
-0.034001	0.606000	0.081814
-0.026090	0.620000	0.104358
-0.052747	0.654000	-0.020640
-0.008346	0.680000	-0.023845
-0.086658	0.659000	0.034663
0.052137	0.708000	0.093102
-0.004453	0.635000	0.097976
-0.038629	0.648000	-0.023859
0.011923	0.680000	0.032191
-0.035459	0.632000	0.019946
-0.001196	0.682000	-0.003587
-0.042220	0.602000	0.070719
0.043399	0.728000	0.010211
-0.014139	0.672000	-0.020030
-0.021776	0.621000	0.078395
0.025353	0.723000	-0.026621
-0.047577	0.603000	0.068722
0.044307	0.722000	0.025318
-0.034080	0.627000	0.037378
0.024477	0.698000	0.024477
-0.087817	0.634000	0.083371
-0.061263	0.613000	0.077385
0.018094	0.688000	0.027745
-0.026575	0.659000	-0.020798
-0.015135	0.664000	-0.001164
0.018936	0.675000	0.062725
-0.053954	0.628000	0.031932
0.038210	0.703000	0.051769
0.038489	0.686000	0.095020
0.021682	0.687000	0.040954
-0.059838	0.632000	0.039892
-0.064880	0.638000	0.033559
-0.071378	0.690000	-0.055651
0.023986	0.720000	-0.023986
-0.024962	0.619000	0.078143
0.040172	0.716000	0.027619
-0.051376	0.637000	0.005584
-0.038794	0.598000	0.089122
0.039406	0.725000	0.006356
-0.026914	0.614000	0.087200
0.012501	0.713000	-0.040004
0.003598	0.684000	0.002399
-0.037802	0.616000	0.045362
-0.013971	0.664000	0.001164
-0.087214	0.646000	0.063429
0.013760	0.654000	0.105495
-0.018235	0.650000	0.018235
0.008014	0.653000	0.087014
0.016388	0.719000	-0.044123
-0.044184	0.600000	0.095732
0.038240	0.727000	-0.005099
-0.082145	0.679000	-0.010715
-0.013760	0.654000	0.021787
-0.030543	0.670000	-0.055212
-0.071017	0.664000	-0.004657
-0.007112	0.676000	-0.011853
-0.086432	0.632000	0.082000
-0.022786	0.684000	-0.067160
-0.032156	0.655000	-0.025266
-0.066813	0.657000	0.004608
-0.016543	0.629000	0.077199
-0.066620	0.644000	0.025970
0.015408	0.676000	0.048595
-0.061863	0.619000	0.070545
-0.063457	0.624000	0.062363
-0.048445	0.614000	0.048445
0.008027	0.654000	0.083708
0.038977	0.741000	-0.033780
-0.032980	0.627000	0.038477
-0.024918	0.646000	0.018122
-0.033089	0.674000	-0.070905
0.034709	0.707000	0.032230
0.001189	0.678000	0.008321
-0.026212	0.650000	0.002279
-0.030241	0.616000	0.071284
0.033776	0.688000	0.078409
-0.054813	0.638000	0.008949
0.004657	0.664000	0.050061
-0.031322	0.638000	0.013424
-0.056107	0.640000	0.013466
0.022220	0.667000	0.090049
-0.060402	0.650000	-0.001140
-0.028360	0.647000	0.003403
0.018571	0.662000	0.097499
-0.079549	0.698000	-0.050177
-0.031150	0.658000	-0.032303
-0.024571	0.637000	0.034623
-0.015294	0.671000	-0.023530
-0.041165	0.602000	0.070719
-0.016888	0.688000	-0.066346
0.007027	0.668000	0.051534
-0.040157	0.619000	0.036901
-0.053947	0.641000	0.002248
-0.078921	0.682000	-0.021524
-0.075008	0.620000	0.096749
0.026621	0.723000	-0.024086
-0.024340	0.631000	0.051999
0.025259	0.686000	0.058937
0.017463	0.664000	0.128063
-0.028360	0.647000	0.004538
-0.070758	0.684000	-0.045573
-0.001134	0.647000	0.071468
0.002265	0.646000	0.089480
0.041908	0.703000	0.064095
-0.022220	0.667000	-0.024559
0.016888	0.688000	0.019301
-0.056314	0.606000	0.087127
-0.073801	0.619000	0.097678
-0.017042	0.648000	0.024996
0.007929	0.646000	0.101939
-0.017647	0.671000	-0.029412
-0.024957	0.647000	0.015882
-0.040902	0.648000	-0.026132
-0.031779	0.625000	0.042737
-0.063562	0.636000	0.041259
-0.034674	0.618000	0.054178
-0.027659	0.631000	0.040935
-0.050166	0.622000	0.041442
0.004839	0.690000	-0.007259
-0.016753	0.637000	0.052493
0.002290	0.653000	0.066406
-0.016727	0.636000	0.055756
-0.006817	0.648000	0.055672
0.018431	0.657000	0.109434
-0.085717	0.679000	-0.011905
0.018778	0.714000	-0.028793
0.004895	0.698000	-0.029372
-0.060863	0.609000	0.095032
0.003456	0.657000	0.063357
0.020447	0.686000	0.043300
-0.013613	0.647000	0.038570
0.018543	0.661000	0.125167
-0.090454	0.670000	0.039941
0.042773	0.697000	0.079435
-0.033610	0.661000	-0.040563
-0.083038	0.640000	0.072939
-0.012170	0.631000	0.086296
-0.064961	0.650000	0.006838
-0.017963	0.683000	-0.056284
-0.045010	0.597000	0.081646
0.013269	0.688000	0.012063
0.010431	0.661000	0.126326
0.018252	0.694000	0.013385
-0.011134	0.635000	0.080162
-0.026737	0.663000	-0.029061
-0.014246	0.625000	0.089858
-0.065068	0.629000	0.054039
0.035740	0.728000	-0.011488
-0.002448	0.698000	-0.050177
0.020924	0.663000	0.104621
-0.017753	0.675000	-0.036688
-0.010194	0.646000	0.056633
-0.076240	0.649000	0.034137
-0.014200	0.623000	0.099402
-0.043693	0.623000	0.026216
0.023119	0.694000	0.031637
-0.034225	0.610000	0.071659
-0.029719	0.678000	-0.071326
0.004769	0.680000	0.009538
0.029894	0.682000	0.076529
-0.045510	0.618000	0.040092
-0.084220	0.658000	0.034611
0.011220	0.711000	-0.043632
-0.064861	0.627000	0.060464
-0.068659	0.687000	-0.057818
-0.070137	0.678000	-0.035663
0.019160	0.683000	0.044308
-0.030929	0.630000	0.035347
0.045606	0.703000	0.066560
-0.013592	0.646000	0.046439
0.042795	0.678000	0.127197
-0.084402	0.678000	-0.005944
-0.025921	0.616000	0.084244
-0.085415	0.641000	0.070805
-0.015734	0.641000	0.052823
-0.012054	0.625000	0.101913
-0.085884	0.671000	0.008235
-0.008823	0.629000	0.092639
-0.053070	0.658000	-0.031150
-0.049279	0.611000	0.054636
-0.076217	0.630000	0.074008
-0.024957	0.647000	0.017016
-0.055798	0.612000	0.065455
0.015636	0.686000	0.027664
-0.039443	0.608000	0.067160
-0.074871	0.647000	0.037435
-0.044440	0.667000	-0.068999
-0.037258	0.625000	0.032875
0.009145	0.652000	0.094883
0.025516	0.693000	0.038882
-0.085475	0.650000	0.045587
0.033923	0.691000	0.063001
-0.033590	0.618000	0.059596
0.000000	0.644000	0.089203
-0.078551	0.631000	0.084083
0.028551	0.708000	0.013655
0.042159	0.687000	0.101181
-0.052951	0.604000	0.079426
-0.001199	0.684000	-0.008395
-0.072793	0.659000	0.011554
0.025553	0.694000	0.035288
-0.040823	0.597000	0.092113
-0.034947	0.604000	0.080485
-0.078942	0.672000	-0.003535
-0.039443	0.608000	0.063962
-0.034137	0.649000	-0.012517
-0.055530	0.621000	0.051175
-0.079412	0.676000	-0.009482
-0.009398	0.670000	-0.001175
-0.075902	0.666000	0.003503
-0.057471	0.607000	0.094720
0.031765	0.671000	0.104707
0.046839	0.722000	0.024052
-0.031339	0.662000	-0.037143
-0.020654	0.620000	0.102184
-0.019255	0.646000	0.029449
-0.010383	0.658000	0.024228
-0.034400	0.654000	-0.026374
0.018857	0.717000	-0.032686
-0.087800	0.642000	0.074292
-0.027945	0.613000	0.089208
-0.002465	0.703000	-0.056699
-0.012054	0.625000	0.098625
-0.042041	0.631000	0.007744
0.032570	0.688000	0.068759
-0.027478	0.653000	-0.004580
-0.036006	0.604000	0.082603
-0.037435	0.647000	-0.015882
-0.062054	0.632000	0.046540
-0.081611	0.629000	0.090433
0.030070	0.686000	0.066153
-0.044258	0.601000	0.077978
-0.001182	0.674000	0.011817
-0.059017	0.612000	0.072967
-0.026870	0.613000	0.092432
-0.022899	0.653000	0.009159
0.022187	0.666000	0.092250
0.000000	0.693000	-0.029161
-0.078213	0.697000	-0.048883
-0.037262	0.644000	-0.012421
0.003682	0.700000	-0.040502
-0.048366	0.613000	0.050515
-0.017332	0.659000	0.001155
-0.084083	0.631000	0.091827
-0.028583	0.627000	0.047272
0.006985	0.664000	0.055882
-0.060358	0.675000	-0.047340
-0.036862	0.657000	-0.041470
-0.078355	0.667000	0.005847
-0.046835	0.636000	0.002230
-0.086296	0.631000	0.103997
-0.025164	0.624000	0.064551
-0.023675	0.643000	0.027057
-0.027562	0.655000	-0.018375
-0.047649	0.632000	0.008865
-0.081046	0.642000	0.063036
-0.087291	0.682000	-0.011958
-0.089480	0.646000	0.065694
-0.071203	0.655000	0.016078
-0.017814	0.635000	0.057895
0.023109	0.659000	0.116700
0.034271	0.674000	0.111084
0.006145	0.701000	-0.034414
-0.037679	0.614000	0.057057
0.043300	0.686000	0.109454
0.036960	0.680000	0.102535
-0.042781	0.610000	0.056685
0.033552	0.736000	-0.036133
-0.014474	0.635000	0.069029
-0.011379	0.649000	0.039827
-0.047419	0.601000	0.075870
-0.067060	0.627000	0.068159
-0.068236	0.671000	-0.021177
0.047251	0.691000	0.099347
0.048104	0.722000	0.035445
0.019792	0.664000	0.128063
-0.062839	0.640000	0.028053
-0.018480	0.620000	0.102184
0.035135	0.691000	0.072693
-0.001222	0.697000	-0.047661
-0.040642	0.610000	0.059894
0.015066	0.661000	0.084604
-0.007217	0.686000	-0.031272
-0.019494	0.654000	0.009173
-0.056156	0.628000	0.038538
0.030045	0.714000	0.001252
-0.050412	0.599000	0.088221
