0.023951	0.683000	-0.020358
0.019255	0.646000	0.019255
-0.063639	0.698000	-0.009791
-0.014370	0.683000	-0.034728
0.008321	0.678000	0.004755
0.026414	0.655000	0.011484
-0.006058	0.691000	-0.026654
0.033727	0.687000	-0.030113
0.033383	0.680000	-0.020269
0.005979	0.682000	-0.055006
-0.033531	0.683000	-0.027543
0.043840	0.658000	0.011537
0.000000	0.680000	0.019076
0.039345	0.680000	-0.017884
0.001229	0.701000	-0.040560
-0.001203	0.686000	0.026461
0.003551	0.675000	-0.002367
0.019132	0.682000	-0.013154
-0.018357	0.698000	-0.007343
-0.034576	0.680000	-0.030999
-0.024757	0.706000	-0.002476
0.037123	0.683000	-0.029938
-0.028067	0.696000	-0.010983
-0.057565	0.684000	-0.016790
-0.034365	0.700000	-0.006137
-0.027704	0.687000	-0.024091
0.016495	0.672000	0.009426
-0.038265	0.682000	-0.032286
0.023705	0.676000	-0.007112
0.060827	0.708000	-0.018620
0.060578	0.691000	0.001212
0.013076	0.678000	0.013076
0.000000	0.696000	-0.032949
-0.072206	0.698000	-0.007343
0.060490	0.690000	-0.002420
-0.045022	0.694000	-0.013385
-0.068142	0.694000	-0.052323
0.016741	0.682000	-0.008370
-0.035663	0.678000	-0.045173
-0.003635	0.691000	-0.029077
-0.009678	0.690000	-0.001210
-0.058765	0.684000	-0.046772
-0.025700	0.698000	-0.009791
0.010762	0.682000	-0.009566
0.037069	0.682000	-0.021524
0.001192	0.680000	0.015499
0.005988	0.683000	-0.052691
-0.083960	0.694000	-0.042588
-0.063274	0.694000	-0.049889
0.038321	0.683000	-0.028741
-0.082349	0.701000	-0.027040
0.022253	0.668000	0.035137
0.039287	0.679000	-0.016667
-0.015796	0.693000	-0.019441
0.038265	0.682000	-0.037069
0.043854	0.676000	-0.033187
-0.011093	0.703000	-0.038210
-0.076659	0.694000	-0.053540
0.017674	0.672000	-0.003535
0.007217	0.686000	-0.010825
0.030771	0.675000	-0.014202
-0.063274	0.694000	-0.053540
-0.008555	0.697000	-0.010999
-0.060139	0.686000	-0.032475
-0.019637	0.700000	0.004909
0.008370	0.682000	0.031090
-0.001192	0.680000	0.013115
0.003577	0.680000	0.010730
0.005996	0.684000	0.031181
-0.069025	0.703000	-0.002465
0.018122	0.646000	0.019255
0.020269	0.680000	-0.008346
0.046225	0.676000	-0.035558
0.023705	0.676000	-0.010667
-0.038153	0.680000	-0.028614
0.051267	0.680000	-0.017884
-0.041491	0.696000	-0.012203
-0.045217	0.697000	-0.009777
0.016495	0.672000	0.011782
0.037069	0.682000	-0.038265
-0.012326	0.703000	-0.044373
0.005944	0.678000	0.010699
-0.047691	0.680000	-0.045306
-0.048602	0.693000	-0.004860
0.065606	0.706000	-0.017330
-0.046635	0.682000	-0.029894
0.040299	0.676000	-0.011853
0.006014	0.686000	0.021650
0.032047	0.703000	-0.046839
0.047621	0.679000	-0.014286
0.031008	0.655000	0.017226
0.010983	0.696000	-0.046372
0.000000	0.690000	-0.024196
0.019911	0.668000	0.031623
-0.027987	0.694000	-0.019469
0.018410	0.700000	-0.031911
0.040656	0.682000	-0.022720
0.048595	0.676000	-0.032002
-0.062952	0.704000	-0.017281
0.041729	0.680000	-0.038153
-0.030817	0.676000	-0.045040
0.014202	0.675000	0.004734
0.029204	0.694000	-0.036504
-0.037830	0.696000	0.001220
0.008469	0.690000	-0.025406
0.039345	0.680000	-0.026230
-0.029544	0.674000	-0.037816
-0.060753	0.693000	-0.047387
-0.071171	0.688000	-0.043427
0.011888	0.678000	0.008321
-0.049674	0.691000	-0.012116
-0.058765	0.684000	-0.009594
0.027422	0.680000	-0.021461
0.036694	0.654000	0.013760
-0.071185	0.700000	-0.006137
-0.058937	0.686000	-0.012028
0.057145	0.679000	-0.038096
-0.070473	0.693000	-0.029161
0.014656	0.643000	0.025930
-0.042773	0.697000	-0.008555
0.027583	0.684000	-0.023986
-0.036852	0.678000	-0.048739
0.015857	0.646000	0.014724
0.034677	0.682000	-0.038265
0.029814	0.654000	0.011467
0.033457	0.658000	0.019613
-0.046372	0.696000	-0.002441
-0.015955	0.700000	-0.002455
-0.058937	0.686000	-0.008420
0.029587	0.675000	-0.009468
0.030908	0.678000	-0.007133
0.013173	0.683000	-0.009580
-0.002381	0.679000	0.003572
0.042669	0.676000	-0.029631
0.041533	0.658000	0.011537
-0.033327	0.704000	-0.001234
-0.049817	0.693000	-0.007290
-0.056201	0.682000	-0.045439
-0.061074	0.683000	-0.035926
0.039941	0.670000	-0.003524
0.052383	0.679000	-0.011905
0.043907	0.659000	0.016176
0.003608	0.686000	0.027664
0.023845	0.680000	-0.017884
-0.075660	0.696000	-0.013424
0.051192	0.679000	-0.023810
0.025811	0.701000	-0.044247
-0.068659	0.687000	-0.034932
-0.004790	0.683000	0.005988
0.024964	0.678000	-0.016643
0.044973	0.675000	0.009468
0.014686	0.698000	-0.041610
-0.077876	0.694000	-0.015819
0.008444	0.688000	-0.013269
-0.055489	0.688000	-0.006031
-0.066346	0.688000	-0.030157
-0.074440	0.696000	-0.046372
0.064212	0.691000	0.007269
0.029498	0.701000	-0.045476
-0.095869	0.701000	-0.035644
0.005909	0.674000	-0.001182
0.048811	0.679000	-0.015477
0.025664	0.697000	-0.034218
0.058155	0.691000	-0.013327
0.025073	0.650000	0.017095
-0.046372	0.696000	-0.004881
0.028667	0.654000	0.013760
-0.025995	0.706000	-0.000000
0.059280	0.690000	-0.006049
-0.084444	0.698000	-0.036715
0.065613	0.693000	0.010936
0.029456	0.672000	0.032991
0.009622	0.686000	-0.013231
0.035505	0.675000	0.035505
-0.047661	0.697000	0.001222
-0.002448	0.698000	-0.034267
0.023086	0.693000	-0.029161
0.051688	0.670000	0.025844
0.008505	0.693000	-0.032807
-0.097100	0.710000	-0.022408
-0.065420	0.704000	-0.019750
-0.055086	0.683000	-0.023951
-0.046439	0.697000	-0.009777
-0.010904	0.691000	-0.026654
0.009777	0.697000	-0.045217
0.068142	0.694000	-0.009735
-0.025995	0.706000	0.004951
0.015682	0.688000	-0.022920
0.008567	0.698000	-0.044058
0.001191	0.679000	0.017858
-0.016643	0.678000	-0.036852
0.062415	0.698000	-0.014686
-0.087989	0.697000	-0.042773
-0.034513	0.703000	0.006163
0.013529	0.643000	0.025930
0.014728	0.700000	-0.035593
0.063001	0.691000	0.007269
-0.085545	0.697000	-0.040328
0.038545	0.687000	-0.044568
0.059280	0.690000	-0.000000
0.030908	0.678000	-0.004755
0.041912	0.664000	0.034926
0.030908	0.678000	-0.003566
-0.075660	0.696000	-0.045152
-0.057902	0.688000	-0.004825
-0.031637	0.694000	-0.018252
-0.094210	0.707000	-0.027271
0.055872	0.678000	-0.029719
-0.057565	0.684000	-0.027583
0.053336	0.676000	-0.033187
-0.065606	0.706000	-0.021044
-0.069658	0.697000	-0.050105
0.017621	0.670000	0.031718
0.020325	0.644000	0.021454
-0.047592	0.696000	-0.010983
0.007112	0.676000	0.003556
0.033482	0.682000	-0.037069
-0.050296	0.683000	-0.033531
0.011993	0.684000	-0.014391
-0.076659	0.694000	-0.049889
-0.029751	0.707000	0.002479
0.056256	0.713000	-0.021252
0.005909	0.674000	-0.003545
0.032451	0.661000	0.030133
0.004839	0.690000	-0.015727
-0.035593	0.700000	-0.001227
-0.004783	0.682000	0.014349
0.043076	0.664000	0.034926
0.006014	0.686000	0.028867
0.018173	0.691000	-0.049674
0.019076	0.680000	-0.011923
0.025420	0.659000	0.023109
-0.049889	0.694000	-0.000000
-0.043995	0.697000	-0.006110
-0.003687	0.701000	-0.038102
-0.043111	0.683000	-0.034728
-0.043048	0.682000	-0.029894
0.058421	0.680000	-0.023845
0.018824	0.671000	0.002353
0.048595	0.676000	-0.030817
-0.025700	0.698000	-0.050177
0.036873	0.701000	-0.045476
-0.072588	0.690000	-0.043553
0.050370	0.684000	0.013192
-0.089723	0.701000	-0.034414
-0.015477	0.679000	-0.041668
0.020567	0.690000	-0.053231
0.031812	0.672000	0.031812
0.025420	0.659000	0.020798
-0.010904	0.691000	-0.001212
-0.047592	0.696000	-0.009763
-0.041491	0.696000	-0.001220
0.022478	0.641000	0.013487
0.011888	0.678000	0.007133
0.041668	0.679000	-0.016667
-0.008420	0.686000	0.022853
-0.050296	0.683000	-0.025148
0.043854	0.676000	-0.034372
0.068082	0.706000	-0.024757
0.064551	0.708000	-0.031034
0.024687	0.704000	-0.046905
-0.046498	0.680000	-0.040537
0.046225	0.676000	-0.027261
-0.035715	0.679000	-0.032144
-0.008505	0.693000	0.009720
-0.015591	0.684000	-0.027583
0.011993	0.684000	-0.055167
-0.062057	0.694000	-0.049889
-0.061074	0.683000	-0.045506
-0.067310	0.698000	-0.009791
-0.032002	0.676000	-0.046225
0.059022	0.687000	0.018068
-0.024757	0.706000	0.012379
-0.057902	0.688000	-0.006031
-0.036610	0.696000	0.002441
0.021082	0.668000	0.035137
0.036974	0.659000	0.027731
-0.085896	0.710000	-0.017428
-0.043048	0.682000	-0.038265
0.027221	0.675000	-0.008284
-0.024757	0.706000	-0.003714
0.003629	0.690000	-0.018147
0.033482	0.682000	-0.039461
-0.074226	0.694000	-0.030420
0.042687	0.658000	0.013844
0.027562	0.655000	0.009187
-0.047592	0.696000	-0.002441
-0.081526	0.694000	-0.042588
0.049781	0.676000	-0.029631
0.028446	0.676000	-0.014223
-0.046505	0.698000	0.002448
0.025883	0.671000	0.032942
-0.020656	0.693000	-0.012151
-0.064666	0.683000	-0.022753
-0.015454	0.678000	-0.039229
-0.068759	0.688000	-0.030157
0.054683	0.678000	-0.013076
-0.042711	0.696000	-0.010983
0.064551	0.708000	-0.028551
-0.008604	0.701000	-0.038102
0.056613	0.687000	0.016864
-0.057481	0.683000	-0.046704
-0.055086	0.683000	-0.049099
0.019301	0.688000	-0.053077
-0.006102	0.696000	-0.012203
0.028711	0.655000	0.014930
0.068259	0.683000	-0.000000
0.019911	0.668000	0.030452
-0.028362	0.674000	-0.041361
0.043011	0.663000	0.022087
-0.046704	0.683000	-0.034728
-0.027180	0.674000	-0.042543
-0.017109	0.697000	-0.008555
-0.016741	0.682000	-0.029894
-0.046439	0.697000	0.001222
0.034322	0.675000	0.037872
-0.042098	0.686000	-0.022853
0.026414	0.655000	0.012633
-0.074226	0.694000	-0.049889
-0.009678	0.690000	-0.006049
-0.006110	0.697000	-0.010999
-0.029288	0.696000	-0.009763
-0.023453	0.704000	0.004937
0.021145	0.670000	0.004699
0.033254	0.654000	0.013760
0.009482	0.676000	-0.005926
0.031592	0.693000	-0.036452
0.038130	0.659000	0.021953
0.025332	0.688000	-0.025332
0.045609	0.667000	0.004678
0.026076	0.676000	-0.014223
0.003635	0.691000	-0.029077
-0.004881	0.696000	-0.013424
-0.080310	0.694000	-0.012168
0.011888	0.678000	0.014265
-0.001229	0.701000	-0.038102
-0.073219	0.696000	-0.048813
0.036091	0.664000	0.002328
-0.069025	0.703000	-0.022187
-0.008469	0.690000	-0.030245
0.022220	0.667000	0.010525
-0.036852	0.678000	-0.042795
0.054683	0.678000	-0.041607
-0.082743	0.694000	-0.048673
-0.036347	0.691000	-0.018173
0.006023	0.687000	-0.049386
-0.023453	0.704000	0.001234
0.041852	0.682000	-0.020328
0.020894	0.701000	-0.040560
-0.031907	0.674000	-0.031907
-0.069025	0.703000	-0.025884
0.014454	0.687000	-0.020477
-0.028278	0.672000	-0.038882
0.015750	0.691000	0.020596
-0.004790	0.683000	0.021555
0.021354	0.641000	0.013487
0.032058	0.653000	0.011449
0.008567	0.698000	-0.042834
-0.004867	0.694000	-0.017035
0.045678	0.668000	0.002342
0.025266	0.655000	0.011484
-0.058679	0.683000	-0.038321
-0.045152	0.696000	-0.000000
0.032942	0.671000	0.034118
-0.084323	0.697000	-0.040328
0.009580	0.683000	0.029938
-0.083101	0.697000	-0.037884
0.009622	0.686000	-0.014433
-0.029544	0.674000	-0.031907
0.050002	0.679000	-0.014286
-0.063469	0.683000	-0.022753
-0.035558	0.676000	-0.040299
-0.002385	0.680000	0.014307
0.037255	0.664000	0.002328
0.000000	0.679000	0.017858
0.063220	0.707000	-0.017354
0.026654	0.691000	-0.027866
0.015784	0.643000	0.022548
0.024547	0.700000	-0.040502
0.068142	0.694000	0.012168
-0.051494	0.683000	-0.029938
-0.007396	0.703000	-0.040676
-0.006163	0.703000	-0.046839
-0.069965	0.688000	-0.042220
0.008346	0.680000	0.032191
0.046498	0.680000	-0.008346
-0.046498	0.680000	-0.044114
0.008444	0.688000	-0.024126
-0.001212	0.691000	-0.025443
0.046849	0.668000	0.022253
-0.018173	0.691000	-0.014539
-0.039162	0.698000	-0.007343
-0.013462	0.698000	0.007343
0.063001	0.691000	-0.006058
0.035663	0.678000	-0.004755
0.059754	0.710000	-0.018673
0.065699	0.707000	-0.019834
-0.014728	0.700000	-0.004909
0.036852	0.678000	-0.005944
-0.081120	0.701000	-0.029498
0.043595	0.672000	0.008248
-0.079435	0.697000	-0.034218
0.002406	0.686000	-0.050517
-0.093411	0.701000	-0.035644
-0.020209	0.678000	-0.035663
0.034558	0.657000	0.025343
-0.009735	0.694000	0.010951
0.021808	0.691000	-0.052097
0.016544	0.674000	-0.002363
0.014476	0.688000	-0.022920
0.038072	0.658000	0.020766
0.013076	0.678000	0.014265
-0.081120	0.701000	-0.028269
0.058070	0.690000	-0.006049
-0.010825	0.686000	0.020447
0.053652	0.680000	-0.021461
0.040870	0.666000	0.037367
-0.020477	0.687000	-0.024091
-0.074867	0.700000	-0.025774
-0.079321	0.696000	-0.010983
0.010888	0.690000	0.019357
-0.007196	0.684000	0.015591
0.060490	0.690000	0.013308
0.064491	0.694000	-0.010951
0.013250	0.687000	0.018068
-0.011747	0.670000	0.001175
0.001205	0.687000	0.030113
0.035928	0.661000	0.030133
-0.027271	0.707000	-0.002479
-0.013269	0.688000	-0.025332
0.031911	0.700000	-0.040502
-0.020894	0.701000	0.002458
0.041238	0.672000	-0.008248
0.024264	0.659000	0.021953
-0.065708	0.694000	-0.049889
-0.014518	0.690000	-0.024196
0.061789	0.691000	-0.007269
-0.093677	0.703000	-0.032047
0.053494	0.678000	-0.036852
0.042038	0.666000	0.029193
-0.013231	0.686000	0.022853
-0.009678	0.690000	-0.030245
0.040747	0.664000	0.032598
0.043984	0.678000	-0.024964
0.041912	0.664000	0.033762
-0.039229	0.678000	-0.048739
0.009468	0.675000	0.001183
0.066828	0.693000	-0.008505
-0.067793	0.703000	-0.025884
0.047691	0.680000	-0.021461
0.007238	0.688000	-0.020507
-0.069863	0.687000	-0.039750
0.019273	0.687000	-0.022886
-0.040328	0.697000	-0.003666
0.027261	0.676000	-0.005926
-0.081004	0.700000	-0.030683
0.058591	0.711000	-0.022439
-0.017884	0.680000	-0.029807
-0.019245	0.686000	-0.026461
0.022986	0.690000	-0.026616
-0.071185	0.700000	-0.012273
0.005979	0.682000	-0.053810
0.013038	0.676000	0.008297
0.048595	0.676000	-0.029631
-0.030596	0.698000	-0.048953
-0.031034	0.708000	0.011172
-0.024477	0.698000	-0.050177
-0.019581	0.698000	0.008567
-0.059538	0.693000	-0.051033
0.049928	0.678000	-0.026153
0.051688	0.670000	0.024669
-0.015636	0.686000	-0.025259
-0.024091	0.687000	-0.025295
-0.041913	0.683000	-0.033531
-0.025259	0.686000	-0.027664
0.012999	0.674000	-0.001182
-0.003608	0.686000	0.010825
0.044244	0.682000	-0.041852
-0.041491	0.696000	0.002441
-0.014602	0.694000	-0.010951
-0.076095	0.700000	-0.027001
0.021019	0.666000	0.026858
0.060578	0.691000	0.008481
-0.030420	0.694000	-0.013385
-0.068759	0.688000	-0.043427
-0.055006	0.682000	-0.039461
0.021177	0.671000	0.002353
0.024596	0.668000	0.030452
0.006119	0.698000	-0.035491
-0.034169	0.696000	-0.009763
-0.084444	0.698000	-0.048953
-0.064368	0.706000	-0.019806
0.001212	0.691000	-0.030289
0.058593	0.682000	-0.022720
0.020954	0.703000	-0.045606
0.041607	0.678000	-0.027341
0.036743	0.676000	-0.008297
-0.013366	0.693000	-0.006075
0.042098	0.686000	-0.044503
0.019385	0.691000	-0.050885
