-0.007427	0.706000	-0.030946
-0.019806	0.706000	-0.042087
0.007606	0.723000	-0.006338
0.006251	0.713000	-0.025003
-0.003724	0.708000	-0.035999
-0.042385	0.711000	-0.039892
-0.016092	0.706000	-0.025995
-0.028793	0.714000	-0.007511
-0.008665	0.706000	-0.032184
-0.001261	0.719000	-0.052947
-0.016092	0.706000	-0.042087
-0.032184	0.706000	-0.027233
-0.035999	0.708000	-0.022344
0.010057	0.717000	-0.020114
-0.037241	0.708000	-0.038482
0.020423	0.728000	-0.020423
0.013944	0.723000	-0.039297
-0.017354	0.707000	-0.045865
-0.012396	0.707000	-0.019834
-0.048960	0.716000	-0.046449
-0.018936	0.720000	-0.001262
-0.013867	0.719000	-0.002521
0.013944	0.723000	-0.015212
0.002493	0.711000	-0.024932
-0.007480	0.711000	-0.013713
0.001276	0.728000	0.001276
-0.018699	0.711000	-0.011220
-0.029708	0.706000	-0.043325
0.002511	0.716000	-0.011298
-0.009931	0.708000	-0.042206
-0.002493	0.711000	-0.016206
0.017919	0.730000	-0.015359
-0.001275	0.727000	0.002549
0.017574	0.771000	-0.040555
-0.054057	0.717000	-0.031428
-0.021342	0.716000	-0.059003
0.000000	0.711000	-0.018699
-0.003766	0.716000	-0.008788
-0.029116	0.722000	0.002532
-0.030045	0.714000	-0.053831
-0.043754	0.713000	-0.031253
-0.034709	0.707000	-0.029751
-0.003766	0.716000	-0.053982
-0.009903	0.706000	-0.034660
0.011362	0.720000	-0.036610
-0.037556	0.714000	-0.050075
-0.003724	0.708000	-0.033517
-0.032275	0.708000	-0.019862
-0.020255	0.722000	0.001266
-0.009931	0.708000	-0.019862
-0.031297	0.714000	-0.052579
0.013983	0.725000	-0.013983
0.000000	0.717000	-0.007543
-0.028471	0.706000	-0.023519
0.016457	0.722000	-0.031648
-0.006198	0.707000	-0.029751
-0.001245	0.710000	-0.027387
0.016662	0.731000	-0.010253
-0.051471	0.716000	-0.038917
0.017747	0.723000	-0.029156
-0.025921	0.704000	-0.037030
0.007595	0.722000	-0.007595
-0.023453	0.704000	-0.037030
-0.032549	0.714000	-0.052579
-0.030859	0.704000	-0.027156
-0.045068	0.714000	-0.045068
0.007659	0.728000	-0.002553
-0.028390	0.704000	-0.025921
-0.021342	0.716000	-0.057748
-0.055314	0.717000	-0.033943
0.017796	0.725000	-0.024152
-0.021193	0.711000	-0.008726
0.015191	0.722000	-0.035445
-0.034856	0.710000	-0.016183
-0.012501	0.713000	-0.008751
-0.008665	0.706000	-0.033422
-0.003756	0.714000	-0.048823
0.010057	0.717000	-0.021371
-0.016206	0.711000	-0.008726
-0.038135	0.725000	-0.001271
-0.008714	0.710000	-0.014938
-0.032230	0.707000	-0.042147
0.011346	0.719000	-0.028995
-0.024827	0.708000	-0.049654
-0.055314	0.717000	-0.041486
-0.042385	0.711000	-0.031166
-0.004958	0.707000	-0.033469
0.001247	0.711000	-0.053605
0.005106	0.728000	-0.002553
-0.009917	0.707000	-0.026032
-0.034758	0.708000	-0.039724
-0.056571	0.717000	-0.036457
-0.029624	0.704000	-0.024687
-0.041081	0.710000	-0.036101
-0.028672	0.711000	-0.009973
0.003750	0.713000	-0.018752
-0.037188	0.707000	-0.026032
0.020395	0.727000	-0.022944
-0.014959	0.711000	-0.008726
-0.047571	0.714000	-0.035053
-0.010057	0.717000	-0.003771
0.002493	0.711000	-0.028672
-0.052726	0.716000	-0.033895
0.011409	0.723000	-0.040565
-0.027310	0.708000	-0.048413
-0.038645	0.711000	-0.043632
-0.032549	0.714000	-0.053831
-0.012466	0.711000	-0.011220
-0.006198	0.707000	-0.033469
0.003766	0.716000	-0.043939
0.002511	0.716000	-0.010043
-0.025995	0.706000	-0.017330
-0.016092	0.706000	-0.028471
-0.023652	0.710000	-0.051040
-0.040004	0.713000	-0.045005
-0.013636	0.707000	-0.043386
-0.012396	0.707000	-0.018594
0.019015	0.723000	-0.027889
-0.026584	0.722000	0.002532
-0.039836	0.710000	-0.037346
-0.036457	0.717000	-0.007543
-0.051471	0.716000	-0.041428
-0.016047	0.704000	-0.037030
-0.001247	0.711000	-0.041138
-0.007448	0.708000	-0.040965
0.005001	0.713000	-0.023752
-0.040060	0.714000	-0.050075
0.012747	0.727000	-0.011472
-0.054057	0.717000	-0.041486
-0.038482	0.708000	-0.033517
-0.037346	0.710000	-0.043570
0.005050	0.720000	-0.006312
0.001250	0.713000	-0.052505
0.003771	0.717000	-0.010057
-0.002549	0.727000	0.002549
-0.008800	0.717000	-0.057828
-0.033469	0.707000	-0.022313
-0.008800	0.717000	-0.056571
-0.003735	0.710000	-0.038591
0.005043	0.719000	-0.007564
-0.033659	0.711000	-0.012466
-0.017649	0.719000	-0.002521
-0.032367	0.710000	-0.014938
-0.013886	0.720000	0.001262
0.001271	0.725000	-0.001271
-0.046320	0.714000	-0.043816
-0.016206	0.711000	-0.049865
-0.012396	0.707000	-0.042147
-0.021103	0.708000	-0.049654
-0.026253	0.713000	-0.053755
-0.029624	0.704000	-0.027156
-0.009903	0.706000	-0.030946
-0.001250	0.713000	-0.012501
-0.002483	0.708000	-0.031034
-0.047705	0.716000	-0.022597
0.005022	0.716000	-0.016320
-0.027310	0.708000	-0.013655
-0.031297	0.714000	-0.055083
-0.047571	0.714000	-0.033801
-0.012519	0.714000	-0.053831
-0.029624	0.704000	-0.035796
0.001262	0.720000	-0.051758
-0.035593	0.725000	-0.001271
0.011393	0.722000	-0.037977
0.005008	0.714000	-0.036305
-0.010099	0.720000	0.001262
-0.008763	0.714000	-0.052579
0.010239	0.730000	-0.002560
0.007574	0.720000	-0.011362
0.000000	0.711000	-0.053605
0.016480	0.723000	-0.034227
0.003740	0.711000	-0.023686
-0.017428	0.710000	-0.013694
0.000000	0.710000	-0.033611
-0.031122	0.710000	-0.014938
-0.035004	0.713000	-0.052505
-0.014854	0.706000	-0.042087
0.003756	0.714000	-0.016274
0.001245	0.710000	-0.026142
-0.011251	0.713000	-0.051255
0.001252	0.714000	-0.012519
-0.022313	0.707000	-0.048345
-0.010001	0.713000	-0.008751
-0.030045	0.714000	-0.007511
0.010057	0.717000	-0.032686
0.010043	0.716000	-0.027619
-0.007427	0.706000	-0.033422
-0.022786	0.722000	0.001266
0.017870	0.728000	-0.016594
-0.001257	0.717000	-0.007543
-0.005008	0.714000	-0.011267
-0.034758	0.708000	-0.043448
-0.036152	0.711000	-0.012466
-0.054057	0.717000	-0.033943
-0.009917	0.707000	-0.040907
-0.018831	0.716000	-0.055237
-0.029708	0.706000	-0.042087
0.003829	0.728000	0.001276
-0.023453	0.704000	-0.039499
-0.027156	0.704000	-0.041968
0.006259	0.714000	-0.036305
0.007543	0.717000	-0.017600
0.015212	0.723000	-0.038030
-0.045194	0.716000	-0.017575
0.007532	0.716000	-0.020086
0.005106	0.728000	-0.001276
-0.009903	0.706000	-0.038373
-0.006286	0.717000	-0.005029
-0.042564	0.714000	-0.013771
-0.033469	0.707000	-0.023553
-0.035999	0.708000	-0.042206
0.012677	0.723000	-0.015212
-0.007564	0.719000	-0.003782
-0.045446	0.720000	-0.011362
-0.017428	0.710000	-0.012449
0.005008	0.714000	-0.017526
-0.029877	0.710000	-0.049795
-0.012343	0.704000	-0.037030
-0.045257	0.717000	-0.013829
0.001247	0.711000	-0.017453
0.007532	0.716000	-0.036406
-0.040060	0.714000	-0.047571
-0.006259	0.714000	-0.055083
-0.026032	0.707000	-0.016115
-0.043632	0.711000	-0.034905
-0.003740	0.711000	-0.042385
0.007564	0.719000	-0.012606
-0.005064	0.722000	-0.000000
-0.017502	0.713000	-0.052505
-0.030859	0.704000	-0.028390
-0.008837	0.720000	-0.001262
-0.013616	0.706000	-0.024757
-0.020198	0.720000	-0.001262
-0.019918	0.710000	-0.049795
0.005127	0.731000	-0.000000
-0.043816	0.714000	-0.047571
-0.011204	0.710000	-0.046060
-0.004958	0.707000	-0.035949
-0.006207	0.708000	-0.023586
-0.008861	0.722000	0.002532
-0.028350	0.703000	-0.032047
-0.003724	0.708000	-0.028551
-0.010015	0.714000	-0.007511
-0.006207	0.708000	-0.022344
-0.011251	0.713000	-0.052505
-0.022218	0.704000	-0.043202
-0.028551	0.708000	-0.014896
-0.006233	0.711000	-0.014959
-0.020984	0.704000	-0.044436
-0.023453	0.704000	-0.040733
-0.038754	0.713000	-0.013751
0.011393	0.722000	-0.017723
-0.011220	0.711000	-0.009973
-0.015065	0.716000	-0.059003
-0.030045	0.714000	-0.056335
-0.017453	0.711000	-0.008726
-0.013616	0.706000	-0.028471
-0.047971	0.720000	-0.017674
-0.027850	0.722000	0.002532
-0.004979	0.710000	-0.019918
-0.011267	0.714000	-0.055083
-0.033659	0.711000	-0.049865
-0.031297	0.714000	-0.007511
-0.036305	0.714000	-0.010015
-0.025248	0.720000	0.001262
-0.005008	0.714000	-0.008763
-0.012396	0.707000	-0.043386
-0.032184	0.706000	-0.029708
-0.040004	0.713000	-0.051255
-0.047571	0.714000	-0.043816
-0.022218	0.704000	-0.035796
-0.047705	0.716000	-0.027619
-0.043939	0.716000	-0.017575
0.001268	0.723000	-0.002535
-0.001255	0.716000	-0.010043
0.011346	0.719000	-0.030256
-0.031297	0.714000	-0.008763
-0.003750	0.713000	-0.012501
-0.053982	0.716000	-0.037662
0.005001	0.713000	-0.025003
-0.022534	0.714000	-0.056335
-0.007427	0.706000	-0.029708
-0.036254	0.713000	-0.048755
-0.003766	0.716000	-0.007532
-0.008690	0.708000	-0.017379
-0.004979	0.710000	-0.018673
-0.038482	0.708000	-0.024827
-0.025213	0.719000	-0.001261
-0.009931	0.708000	-0.018620
-0.019750	0.704000	-0.029624
0.008800	0.717000	-0.032686
-0.009931	0.708000	-0.044689
-0.002542	0.725000	0.001271
-0.006224	0.710000	-0.016183
-0.014854	0.706000	-0.023519
0.000000	0.719000	-0.005043
-0.032412	0.711000	-0.049865
0.003750	0.713000	-0.038754
-0.032093	0.704000	-0.032093
-0.042385	0.711000	-0.036152
0.007595	0.722000	-0.010127
0.007532	0.716000	-0.018831
-0.004958	0.707000	-0.034709
-0.027117	0.703000	-0.032047
0.007532	0.716000	-0.022597
-0.035200	0.717000	-0.006286
-0.037556	0.714000	-0.051327
-0.050075	0.714000	-0.043816
-0.025995	0.706000	-0.019806
-0.013771	0.714000	-0.055083
0.001261	0.719000	-0.005043
0.008800	0.717000	-0.033943
0.000000	0.711000	-0.017453
-0.013771	0.714000	-0.053831
-0.018594	0.707000	-0.019834
-0.018568	0.706000	-0.027233
-0.009917	0.707000	-0.024792
-0.011141	0.706000	-0.027233
-0.042683	0.716000	-0.051471
-0.001247	0.711000	-0.017453
0.016662	0.731000	-0.008972
0.005008	0.714000	-0.018778
0.005022	0.716000	-0.015065
-0.003787	0.720000	-0.002525
-0.017575	0.716000	-0.059003
0.006338	0.723000	-0.005071
0.001250	0.713000	-0.040004
-0.020114	0.717000	-0.003771
-0.037556	0.714000	-0.055083
0.015317	0.728000	-0.014041
0.005029	0.717000	-0.041486
-0.041081	0.710000	-0.026142
-0.045446	0.720000	-0.049234
-0.030946	0.706000	-0.024757
0.007543	0.717000	-0.038971
-0.052726	0.716000	-0.036406
-0.018936	0.720000	-0.002525
0.005001	0.713000	-0.030003
-0.023952	0.719000	-0.002521
-0.047571	0.714000	-0.026289
0.003766	0.716000	-0.011298
-0.020198	0.720000	-0.002525
-0.014896	0.708000	-0.017379
0.002493	0.711000	-0.021193
-0.006198	0.707000	-0.037188
-0.050496	0.720000	-0.022723
0.019068	0.725000	-0.030508
-0.028390	0.704000	-0.039499
-0.013886	0.720000	-0.000000
-0.040004	0.713000	-0.013751
0.013886	0.720000	-0.023986
-0.011141	0.706000	-0.032184
-0.024687	0.704000	-0.034562
-0.015002	0.713000	-0.007501
-0.004958	0.707000	-0.032230
-0.029624	0.704000	-0.034562
-0.027734	0.719000	-0.001261
-0.018989	0.722000	0.002532
-0.004965	0.708000	-0.039724
-0.011172	0.708000	-0.018620
-0.025921	0.704000	-0.027156
-0.038591	0.710000	-0.041081
0.016525	0.725000	-0.020339
-0.019806	0.706000	-0.035898
0.020479	0.730000	-0.019199
-0.037504	0.713000	-0.012501
-0.042385	0.711000	-0.032412
-0.004965	0.708000	-0.022344
-0.020030	0.714000	-0.006259
0.012606	0.719000	-0.032777
-0.026289	0.714000	-0.007511
-0.029919	0.711000	-0.051111
-0.006259	0.714000	-0.056335
-0.038808	0.714000	-0.053831
0.010057	0.717000	-0.025143
-0.008837	0.720000	-0.000000
-0.025003	0.713000	-0.053755
-0.024652	0.703000	-0.032047
-0.028511	0.707000	-0.047105
-0.011362	0.720000	0.001262
0.000000	0.720000	-0.050496
-0.013713	0.711000	-0.011220
-0.006251	0.713000	-0.050005
-0.028511	0.707000	-0.019834
0.021759	0.730000	-0.019199
0.020479	0.730000	-0.016639
-0.050215	0.716000	-0.045194
-0.006303	0.719000	-0.003782
0.001247	0.711000	-0.033659
-0.028390	0.704000	-0.030859
-0.007501	0.713000	-0.010001
-0.018831	0.716000	-0.056492
-0.003735	0.710000	-0.021163
-0.001247	0.711000	-0.038645
-0.053982	0.716000	-0.036406
-0.033659	0.711000	-0.048618
0.017919	0.730000	-0.014079
-0.008726	0.711000	-0.049865
0.007532	0.716000	-0.025108
0.012606	0.719000	-0.030256
-0.026289	0.714000	-0.055083
-0.037872	0.720000	-0.006312
-0.017330	0.706000	-0.023519
-0.037399	0.711000	-0.044878
-0.032230	0.707000	-0.023553
-0.021252	0.713000	-0.052505
-0.016092	0.706000	-0.038373
-0.007469	0.710000	-0.043570
-0.038808	0.714000	-0.011267
0.002504	0.714000	-0.042564
-0.019918	0.710000	-0.013694
-0.012449	0.710000	-0.047305
-0.023986	0.720000	0.001262
-0.022692	0.719000	-0.002521
-0.019834	0.707000	-0.022313
0.012677	0.723000	-0.040565
-0.041138	0.711000	-0.039892
-0.027156	0.704000	-0.030859
-0.036305	0.714000	-0.050075
-0.006330	0.722000	0.001266
0.005029	0.717000	-0.042743
-0.009903	0.706000	-0.032184
0.010057	0.717000	-0.023886
-0.007501	0.713000	-0.048755
-0.016457	0.722000	-0.000000
-0.043632	0.711000	-0.024932
0.015191	0.722000	-0.027850
-0.034709	0.707000	-0.037188
-0.022629	0.717000	-0.003771
0.012712	0.725000	-0.012712
0.019015	0.723000	-0.034227
0.006312	0.720000	-0.008837
0.002514	0.717000	-0.046514
-0.005001	0.713000	-0.050005
-0.016274	0.714000	-0.053831
-0.035949	0.707000	-0.026032
-0.043632	0.711000	-0.027426
-0.002525	0.720000	-0.002525
-0.030382	0.722000	-0.000000
0.016480	0.723000	-0.024086
0.010127	0.722000	-0.040509
-0.011314	0.717000	-0.005029
-0.035949	0.707000	-0.027271
-0.007448	0.708000	-0.017379
-0.032367	0.710000	-0.047305
-0.022281	0.706000	-0.017330
-0.031560	0.720000	-0.001262
-0.046255	0.713000	-0.037504
0.021669	0.727000	-0.021669
-0.007501	0.713000	-0.050005
-0.028390	0.704000	-0.035796
-0.025921	0.704000	-0.039499
0.000000	0.713000	-0.016252
-0.045446	0.720000	-0.010099
0.005043	0.719000	-0.008825
-0.034709	0.707000	-0.024792
-0.047571	0.714000	-0.041312
-0.004965	0.708000	-0.023586
-0.013616	0.706000	-0.039611
-0.039406	0.725000	-0.002542
-0.008677	0.707000	-0.027271
-0.017526	0.714000	-0.053831
0.017796	0.725000	-0.019068
-0.002535	0.723000	-0.000000
-0.004965	0.708000	-0.038482
-0.022281	0.706000	-0.019806
-0.042325	0.710000	-0.027387
-0.035949	0.707000	-0.023553
-0.033469	0.707000	-0.035949
-0.051471	0.716000	-0.042683
-0.019946	0.711000	-0.008726
-0.035053	0.714000	-0.010015
0.017796	0.725000	-0.022881
-0.055314	0.717000	-0.035200
-0.024687	0.704000	-0.043202
-0.016115	0.707000	-0.018594
0.002500	0.713000	-0.017502
0.014041	0.728000	-0.008935
-0.030298	0.720000	-0.001262
-0.024757	0.706000	-0.021044
-0.021073	0.707000	-0.014875
-0.006312	0.720000	-0.002525
-0.035004	0.713000	-0.055006
-0.024687	0.704000	-0.040733
-0.046644	0.719000	-0.018910
-0.023586	0.708000	-0.012414
-0.013867	0.719000	-0.001261
-0.007438	0.707000	-0.026032
-0.034758	0.708000	-0.019862
-0.043754	0.713000	-0.032503
-0.009973	0.711000	-0.012466
-0.020984	0.704000	-0.033327
-0.016252	0.713000	-0.007501
-0.051471	0.716000	-0.028874
-0.010099	0.720000	-0.000000
-0.022502	0.713000	-0.007501
-0.018568	0.706000	-0.037136
-0.012379	0.706000	-0.029708
-0.047905	0.719000	-0.018910
-0.016320	0.716000	-0.056492
