0.031728	0.696000	-0.063457
0.043427	0.688000	-0.015682
0.025627	0.696000	-0.067118
-0.011204	0.710000	-0.051040
0.000000	0.700000	-0.045411
0.044763	0.690000	-0.015727
-0.001229	0.701000	-0.057767
-0.006207	0.708000	-0.065792
0.025553	0.694000	-0.062057
0.008518	0.694000	-0.055973
0.018252	0.694000	-0.063274
0.012151	0.693000	-0.049817
0.019441	0.693000	-0.052248
0.001229	0.701000	-0.063913
0.033043	0.698000	-0.068534
0.012151	0.693000	-0.044957
0.007301	0.694000	-0.048673
0.028511	0.707000	-0.016115
0.035949	0.707000	-0.079335
0.000000	0.700000	-0.044184
-0.013713	0.711000	-0.048618
0.041491	0.696000	-0.054914
0.007301	0.694000	-0.051106
0.037830	0.696000	-0.035389
0.047038	0.706000	-0.064368
0.036873	0.701000	-0.023353
0.040271	0.696000	-0.045152
0.021550	0.723000	-0.006338
-0.002458	0.701000	-0.056538
0.014728	0.700000	-0.073640
0.018515	0.704000	-0.017281
0.052063	0.707000	-0.057022
0.003671	0.698000	-0.034267
0.035949	0.707000	-0.017354
0.001240	0.707000	-0.073137
0.035288	0.694000	-0.048673
0.043742	0.693000	-0.031592
0.028753	0.713000	-0.012501
0.031637	0.694000	-0.046239
0.011046	0.700000	-0.025774
0.037939	0.698000	-0.063639
0.052248	0.693000	-0.034022
0.035491	0.698000	-0.025700
0.004951	0.706000	-0.076747
0.048392	0.690000	-0.029035
0.001234	0.704000	-0.069123
0.015796	0.693000	-0.046172
0.007301	0.694000	-0.045022
0.011062	0.701000	-0.077432
0.024301	0.693000	-0.057108
0.035288	0.694000	-0.058407
0.030946	0.706000	-0.016092
-0.013694	0.710000	-0.057264
0.046039	0.691000	-0.027866
0.019441	0.693000	-0.044957
-0.001227	0.700000	-0.051548
-0.013694	0.710000	-0.039836
0.023519	0.706000	-0.016092
0.048550	0.710000	-0.069713
0.009720	0.693000	-0.051033
0.007322	0.696000	-0.061016
0.006172	0.704000	-0.020984
0.026770	0.694000	-0.060841
0.048602	0.693000	-0.034022
0.040271	0.696000	-0.041491
-0.004958	0.707000	-0.065699
0.022818	0.723000	-0.008874
0.004888	0.697000	-0.061104
-0.006189	0.706000	-0.040849
0.051769	0.703000	-0.048071
0.053529	0.710000	-0.063488
0.024757	0.706000	-0.080460
0.036662	0.697000	-0.032996
0.041491	0.696000	-0.052474
0.050536	0.703000	-0.050536
0.000000	0.704000	-0.025921
0.029204	0.694000	-0.059624
0.024652	0.703000	-0.018489
0.030003	0.713000	-0.011251
0.028148	0.698000	-0.024477
-0.002455	0.700000	-0.051548
0.000000	0.704000	-0.066655
0.023519	0.706000	-0.080460
0.035288	0.694000	-0.042588
-0.004951	0.706000	-0.032184
-0.004951	0.706000	-0.029708
0.012326	0.703000	-0.019721
-0.009959	0.710000	-0.028632
0.009735	0.694000	-0.052323
0.031637	0.694000	-0.041372
0.003671	0.698000	-0.031819
0.022124	0.701000	-0.076203
0.027946	0.693000	-0.052248
0.054283	0.688000	-0.024126
0.001233	0.703000	-0.028350
0.000000	0.700000	-0.039275
-0.009959	0.710000	-0.024897
0.038373	0.706000	-0.074271
0.009819	0.700000	-0.073640
0.035389	0.696000	-0.034169
0.054520	0.691000	-0.018173
0.008518	0.694000	-0.046239
0.016092	0.706000	-0.016092
0.054441	0.690000	-0.019357
0.029498	0.701000	-0.022124
0.019721	0.703000	-0.018489
0.036715	0.698000	-0.063639
0.025995	0.706000	-0.079223
-0.003740	0.711000	-0.017453
-0.003740	0.711000	-0.021193
0.024336	0.694000	-0.031637
0.048883	0.697000	-0.041550
-0.013713	0.711000	-0.046125
0.047592	0.696000	-0.040271
0.013616	0.706000	-0.080460
0.043632	0.711000	-0.078537
0.025627	0.696000	-0.028067
0.024406	0.696000	-0.065897
0.029330	0.697000	-0.067214
0.034071	0.694000	-0.049889
0.043427	0.688000	-0.013269
0.050664	0.688000	-0.024126
0.029708	0.706000	-0.018568
-0.007438	0.707000	-0.042147
0.002490	0.710000	-0.018673
0.040271	0.696000	-0.040271
0.010936	0.693000	-0.046172
0.012291	0.701000	-0.023353
0.044373	0.703000	-0.065327
0.000000	0.711000	-0.017453
0.025664	0.697000	-0.069658
-0.011204	0.710000	-0.046060
-0.015717	0.747000	-0.065487
0.024301	0.693000	-0.038882
0.010936	0.693000	-0.047387
-0.002483	0.708000	-0.070758
-0.006172	0.704000	-0.056780
0.054678	0.693000	-0.036452
0.044373	0.703000	-0.064095
0.020596	0.691000	-0.050885
0.009833	0.701000	-0.023353
-0.009959	0.710000	-0.036101
0.020596	0.691000	-0.047251
0.009903	0.706000	-0.017330
-0.012466	0.711000	-0.044878
0.035898	0.706000	-0.018568
0.035440	0.697000	-0.062326
0.032854	0.694000	-0.038938
0.045022	0.694000	-0.035288
0.047045	0.688000	-0.016888
0.047387	0.693000	-0.032807
0.051622	0.701000	-0.045476
0.003661	0.696000	-0.042711
0.027946	0.693000	-0.053463
-0.008690	0.708000	-0.028551
-0.006172	0.704000	-0.046905
0.046372	0.696000	-0.040271
0.037030	0.704000	-0.072826
0.027987	0.694000	-0.030420
0.028874	0.716000	-0.008788
-0.007427	0.706000	-0.044563
0.045152	0.696000	-0.040271
0.025516	0.693000	-0.041312
0.020656	0.693000	-0.052248
0.042220	0.688000	-0.014476
0.020596	0.691000	-0.049674
0.017084	0.696000	-0.031728
0.002458	0.701000	-0.065142
-0.001229	0.701000	-0.031956
0.049093	0.700000	-0.045411
0.041081	0.710000	-0.016183
0.046172	0.693000	-0.031592
0.027946	0.693000	-0.044957
0.013616	0.706000	-0.016092
-0.004951	0.706000	-0.038373
0.031774	0.697000	-0.030552
0.001247	0.711000	-0.016206
0.035288	0.694000	-0.045022
0.023086	0.693000	-0.055893
0.013462	0.698000	-0.068534
0.035288	0.694000	-0.049889
0.015796	0.693000	-0.057108
0.043995	0.697000	-0.040328
0.025627	0.696000	-0.065897
0.055489	0.688000	-0.021713
0.030420	0.694000	-0.055973
0.021871	0.693000	-0.055893
0.004881	0.696000	-0.041491
-0.011204	0.710000	-0.041081
0.019581	0.698000	-0.023253
0.020865	0.700000	-0.020865
0.013443	0.697000	-0.067214
0.040502	0.700000	-0.062594
0.000000	0.708000	-0.021103
-0.001247	0.711000	-0.018699
0.001229	0.701000	-0.030727
0.029372	0.698000	-0.070982
0.012379	0.706000	-0.016092
0.001224	0.698000	-0.040386
0.006084	0.694000	-0.054757
0.015955	0.700000	-0.022092
0.025516	0.693000	-0.035237
0.015796	0.693000	-0.058323
0.049602	0.690000	-0.026616
-0.002493	0.711000	-0.017453
0.035491	0.698000	-0.066087
0.053303	0.707000	-0.058262
-0.002476	0.706000	-0.027233
0.027987	0.694000	-0.032854
0.035491	0.698000	-0.064863
0.032549	0.714000	-0.012519
-0.008677	0.707000	-0.048345
0.025443	0.691000	-0.050885
0.016480	0.723000	-0.005071
-0.013132	0.749000	-0.068289
0.039836	0.710000	-0.079671
0.055703	0.706000	-0.049514
0.015796	0.693000	-0.041312
0.055409	0.687000	-0.025295
0.040328	0.697000	-0.059882
0.026770	0.694000	-0.057190
0.035898	0.706000	-0.076747
0.014581	0.693000	-0.054678
0.039836	0.710000	-0.078427
0.012168	0.694000	-0.038938
-0.009931	0.708000	-0.044689
0.031637	0.694000	-0.057190
0.019637	0.700000	-0.020865
-0.011204	0.710000	-0.060998
-0.004986	0.711000	-0.021193
0.039275	0.700000	-0.066276
-0.011204	0.710000	-0.034856
0.025700	0.698000	-0.070982
0.049374	0.704000	-0.058014
0.031728	0.696000	-0.034169
0.020894	0.701000	-0.076203
0.000000	0.698000	-0.052625
-0.006549	0.747000	-0.074655
0.004895	0.698000	-0.031819
0.024301	0.693000	-0.035237
0.037884	0.697000	-0.059882
-0.007438	0.707000	-0.039667
0.009720	0.693000	-0.054678
0.012238	0.698000	-0.026924
0.000000	0.706000	-0.070558
-0.002469	0.704000	-0.028390
0.040155	0.694000	-0.051106
0.048392	0.690000	-0.016937
0.053463	0.693000	-0.034022
0.037721	0.694000	-0.053540
-0.009959	0.710000	-0.064733
-0.004965	0.708000	-0.026069
0.013578	0.704000	-0.018515
0.035949	0.707000	-0.080574
0.004895	0.698000	-0.062415
0.008640	0.704000	-0.019750
0.051871	0.688000	-0.030157
0.042588	0.694000	-0.024336
0.016092	0.706000	-0.079223
0.040965	0.708000	-0.017379
0.053077	0.688000	-0.024126
0.012221	0.697000	-0.065992
0.044633	0.688000	-0.014476
0.029204	0.694000	-0.054757
0.032184	0.706000	-0.017330
0.045839	0.688000	-0.014476
0.010951	0.694000	-0.058407
0.054466	0.706000	-0.051990
0.053303	0.707000	-0.057022
0.032184	0.706000	-0.018568
0.017330	0.706000	-0.080460
0.023519	0.706000	-0.081698
0.051843	0.704000	-0.049374
0.001234	0.704000	-0.070358
0.034169	0.696000	-0.059796
0.022187	0.703000	-0.018489
0.042588	0.694000	-0.031637
-0.002458	0.701000	-0.057767
0.004916	0.701000	-0.070058
0.013520	0.701000	-0.074974
0.023419	0.703000	-0.077653
0.014644	0.696000	-0.064677
0.040155	0.694000	-0.055973
0.051106	0.694000	-0.037721
0.013424	0.696000	-0.034169
0.040849	0.706000	-0.018568
0.012168	0.694000	-0.058407
0.017011	0.693000	-0.059538
0.011267	0.714000	-0.007511
0.004881	0.696000	-0.053694
0.017134	0.698000	-0.023253
0.019441	0.693000	-0.038882
0.015910	0.698000	-0.069758
0.039050	0.696000	-0.031728
0.007301	0.694000	-0.057190
0.055489	0.688000	-0.026538
-0.002469	0.704000	-0.062952
0.020805	0.698000	-0.070982
0.024336	0.694000	-0.032854
0.025995	0.706000	-0.009903
-0.001234	0.704000	-0.029624
0.024687	0.704000	-0.017281
0.020775	0.697000	-0.026886
0.023652	0.710000	-0.012449
0.026731	0.693000	-0.043742
0.024477	0.698000	-0.024477
0.013559	0.703000	-0.020954
-0.004951	0.706000	-0.035898
0.036610	0.696000	-0.036610
0.048071	0.703000	-0.059164
0.011220	0.711000	-0.011220
-0.004930	0.703000	-0.048071
0.008518	0.694000	-0.045022
0.038938	0.694000	-0.047456
0.044827	0.691000	-0.026654
0.027987	0.694000	-0.034071
0.013559	0.703000	-0.019721
0.048345	0.707000	-0.066939
0.007301	0.694000	-0.047456
0.025353	0.723000	-0.007606
-0.007427	0.706000	-0.053228
0.047866	0.700000	-0.049093
0.006110	0.697000	-0.061104
0.007364	0.700000	-0.068731
0.015796	0.693000	-0.048602
0.003661	0.696000	-0.056135
0.036820	0.700000	-0.065049
0.047661	0.697000	-0.041550
-0.003703	0.704000	-0.040733
0.032047	0.703000	-0.073956
0.007501	0.713000	-0.011251
0.040271	0.696000	-0.029288
0.036254	0.713000	-0.013751
0.019068	0.725000	-0.003814
0.038938	0.694000	-0.048673
0.017330	0.706000	-0.016092
0.020656	0.693000	-0.061968
0.054283	0.688000	-0.020507
0.031637	0.694000	-0.053540
0.031637	0.694000	-0.058407
0.053228	0.706000	-0.050752
0.012203	0.696000	-0.063457
0.019553	0.697000	-0.068436
0.000000	0.708000	-0.074482
0.039331	0.701000	-0.022124
0.021871	0.693000	-0.053463
0.041491	0.696000	-0.047592
0.035288	0.694000	-0.043805
0.055782	0.707000	-0.058262
-0.001227	0.700000	-0.050321
0.018357	0.698000	-0.023253
0.038971	0.717000	-0.011314
0.015796	0.693000	-0.036452
0.022313	0.707000	-0.083054
0.019441	0.693000	-0.058323
0.024336	0.694000	-0.062057
0.017011	0.693000	-0.037667
0.010983	0.696000	-0.034169
0.046505	0.698000	-0.050177
0.047372	0.711000	-0.072304
0.018226	0.693000	-0.052248
0.026731	0.693000	-0.035237
0.032949	0.696000	-0.035389
0.053077	0.688000	-0.021713
-0.001252	0.714000	-0.015023
-0.012449	0.710000	-0.043570
0.046705	0.701000	-0.058996
0.021871	0.693000	-0.035237
0.019553	0.697000	-0.026886
0.043995	0.697000	-0.043995
0.032047	0.703000	-0.020954
-0.002490	0.710000	-0.022408
0.035389	0.696000	-0.061016
0.004937	0.704000	-0.075295
0.041014	0.688000	-0.013269
0.042206	0.708000	-0.073240
0.041491	0.696000	-0.028067
0.017379	0.708000	-0.013655
0.018357	0.698000	-0.072206
-0.008690	0.708000	-0.043448
0.025627	0.696000	-0.029288
-0.012501	0.713000	-0.051255
0.013366	0.693000	-0.054678
0.031637	0.694000	-0.036504
0.007301	0.694000	-0.041372
0.001227	0.700000	-0.031911
0.000000	0.710000	-0.019918
0.037714	0.717000	-0.012571
0.037399	0.711000	-0.014959
0.053077	0.704000	-0.048140
-0.006172	0.704000	-0.053077
0.030859	0.704000	-0.019750
0.045282	0.698000	-0.052625
0.026847	0.696000	-0.064677
0.019581	0.698000	-0.025700
0.010936	0.693000	-0.054678
0.007480	0.711000	-0.012466
0.050177	0.698000	-0.042834
-0.011204	0.710000	-0.063488
0.043018	0.701000	-0.065142
0.040228	0.717000	-0.011314
0.051033	0.693000	-0.034022
0.014854	0.706000	-0.079223
0.050824	0.707000	-0.059501
0.019946	0.711000	-0.012466
0.044436	0.704000	-0.066655
0.048252	0.688000	-0.021713
-0.011204	0.710000	-0.039836
0.043995	0.697000	-0.042773
0.006102	0.696000	-0.058575
0.009959	0.710000	-0.013694
0.037884	0.697000	-0.028108
0.052248	0.693000	-0.036452
0.021997	0.697000	-0.026886
0.003661	0.696000	-0.046372
0.031637	0.694000	-0.040155
0.027040	0.701000	-0.074974
-0.004965	0.708000	-0.023586
0.013443	0.697000	-0.065992
0.009903	0.706000	-0.018568
0.020656	0.693000	-0.035237
0.039499	0.704000	-0.070358
0.017011	0.693000	-0.038882
0.027001	0.700000	-0.022092
-0.014407	0.747000	-0.064177
0.008518	0.694000	-0.040155
0.027503	0.713000	-0.011251
0.030420	0.694000	-0.058407
0.039724	0.708000	-0.075723
-0.013713	0.711000	-0.047372
0.021871	0.693000	-0.034022
0.020656	0.693000	-0.034022
0.030815	0.703000	-0.073956
0.042773	0.697000	-0.048883
0.041138	0.711000	-0.079784
0.012238	0.698000	-0.069758
0.045411	0.700000	-0.057685
0.056613	0.687000	-0.025295
0.033469	0.707000	-0.080574
0.004909	0.700000	-0.067503
0.028067	0.696000	-0.064677
-0.001227	0.700000	-0.052775
0.020805	0.698000	-0.072206
0.041491	0.696000	-0.039050
0.035745	0.703000	-0.022187
0.033469	0.707000	-0.016115
0.046905	0.704000	-0.060483
0.033895	0.716000	-0.010043
0.053231	0.690000	-0.019357
0.040502	0.700000	-0.020865
-0.001229	0.701000	-0.040560
-0.012449	0.710000	-0.057264
0.044563	0.706000	-0.068082
0.017183	0.700000	-0.073640
0.028067	0.696000	-0.063457
0.009720	0.693000	-0.044957
0.043995	0.697000	-0.048883
0.033469	0.707000	-0.079335
0.011141	0.706000	-0.016092
0.019441	0.693000	-0.036452
0.012379	0.706000	-0.017330
0.031297	0.714000	-0.007511
0.035999	0.708000	-0.016138
0.048345	0.707000	-0.065699
0.026770	0.694000	-0.030420
-0.015717	0.747000	-0.061558
0.055861	0.708000	-0.059585
0.032854	0.694000	-0.040155
0.000000	0.707000	-0.071897
-0.007448	0.708000	-0.031034
0.020656	0.693000	-0.043742
0.025627	0.696000	-0.064677
0.053077	0.704000	-0.049374
0.014938	0.710000	-0.012449
-0.006198	0.707000	-0.029751
-0.012449	0.710000	-0.029877
-0.007427	0.706000	-0.048276
-0.011204	0.710000	-0.057264
0.026886	0.697000	-0.069658
0.013366	0.693000	-0.046172
0.038482	0.708000	-0.076964
0.040271	0.696000	-0.034169
-0.008714	0.710000	-0.064733
0.038754	0.713000	-0.015002
0.018226	0.693000	-0.058323
0.012326	0.703000	-0.020954
0.004909	0.700000	-0.066276
0.021808	0.691000	-0.047251
0.024477	0.698000	-0.023253
0.028390	0.704000	-0.018515
0.019441	0.693000	-0.035237
0.048602	0.693000	-0.036452
0.014581	0.693000	-0.042527
0.026069	0.708000	-0.014896
0.030377	0.693000	-0.046172
0.048252	0.688000	-0.018094
-0.012449	0.710000	-0.038591
0.025995	0.706000	-0.085412
0.008518	0.694000	-0.049889
0.022344	0.708000	-0.013655
