0.000000	0.700000	-0.015955
-0.030508	0.696000	-0.030508
-0.017183	0.700000	-0.013501
-0.041254	0.713000	-0.010001
-0.023886	0.717000	0.007543
-0.037662	0.716000	-0.040172
-0.006110	0.697000	-0.020775
-0.045888	0.727000	-0.033142
-0.032184	0.706000	-0.014854
-0.021252	0.713000	-0.053755
0.002479	0.707000	-0.001240
-0.023453	0.704000	-0.007406
-0.032230	0.707000	-0.040907
-0.016092	0.706000	-0.000000
0.013694	0.710000	-0.037346
0.023986	0.720000	-0.027773
0.026584	0.722000	-0.025318
0.023986	0.720000	-0.023986
0.014896	0.708000	-0.031034
0.012501	0.713000	-0.003750
-0.007511	0.714000	-0.056335
-0.010999	0.697000	-0.026886
0.009903	0.706000	-0.009903
-0.015910	0.698000	-0.025700
0.020198	0.720000	-0.007574
-0.002490	0.710000	-0.049795
-0.014728	0.700000	-0.022092
-0.028471	0.706000	-0.009903
-0.032412	0.711000	-0.001247
0.004937	0.704000	-0.011109
0.020198	0.720000	-0.039134
0.003714	0.706000	-0.007427
-0.018620	0.708000	-0.048413
-0.014728	0.700000	-0.034365
-0.019834	0.707000	-0.002479
-0.031297	0.714000	0.002504
-0.012238	0.698000	-0.024477
0.002469	0.704000	-0.035796
-0.022187	0.703000	-0.007396
0.002455	0.700000	-0.022092
-0.019637	0.700000	-0.017183
-0.037346	0.710000	-0.009959
0.013771	0.714000	-0.006259
-0.002465	0.703000	-0.036978
-0.024406	0.696000	-0.028067
0.013809	0.716000	-0.047705
0.008665	0.706000	-0.011141
-0.018515	0.704000	-0.040733
-0.047971	0.720000	-0.016411
-0.002455	0.700000	-0.030683
-0.009931	0.708000	-0.049654
-0.006110	0.697000	-0.019553
0.000000	0.704000	-0.007406
0.007396	0.703000	-0.023419
-0.044491	0.725000	-0.035593
-0.023419	0.703000	-0.040676
0.011109	0.704000	-0.027156
0.009917	0.707000	-0.038428
0.015086	0.717000	-0.046514
0.014959	0.711000	-0.038645
-0.015910	0.698000	-0.028148
-0.012238	0.698000	-0.022029
-0.048171	0.723000	-0.024086
-0.028874	0.716000	-0.055237
-0.017183	0.700000	-0.034365
-0.014728	0.700000	-0.015955
0.024086	0.723000	-0.041833
-0.018436	0.701000	-0.011062
0.008665	0.706000	-0.009903
-0.019806	0.706000	-0.043325
-0.025627	0.696000	-0.032949
-0.030815	0.703000	-0.038210
0.011141	0.706000	-0.021044
0.016183	0.710000	-0.017428
-0.041610	0.698000	-0.033043
-0.020805	0.698000	-0.034267
-0.033280	0.703000	-0.020954
-0.003682	0.700000	-0.030683
-0.010043	0.716000	0.011298
0.021550	0.723000	-0.044368
-0.019918	0.710000	-0.049795
-0.014854	0.706000	-0.003714
0.000000	0.706000	-0.000000
-0.017649	0.719000	0.010085
-0.017183	0.700000	-0.022092
0.006259	0.714000	-0.000000
-0.043041	0.722000	-0.037977
-0.036254	0.713000	-0.040004
-0.013578	0.704000	-0.041968
-0.029237	0.725000	0.011440
-0.014791	0.703000	-0.039443
-0.010001	0.713000	-0.055006
-0.017575	0.716000	0.007532
-0.001224	0.698000	-0.025700
-0.033895	0.716000	-0.045194
0.001229	0.701000	-0.013520
0.000000	0.708000	-0.045930
-0.036610	0.720000	0.002525
0.009931	0.708000	-0.040965
-0.041254	0.713000	-0.011251
0.002483	0.708000	-0.045930
0.007396	0.703000	-0.029582
-0.014896	0.708000	-0.049654
0.015023	0.714000	-0.008763
-0.049439	0.723000	-0.020283
0.002455	0.700000	-0.027001
-0.034905	0.711000	-0.004986
-0.034218	0.697000	-0.035440
0.000000	0.703000	-0.033280
-0.007448	0.708000	-0.049654
-0.022124	0.701000	-0.011062
-0.026069	0.708000	-0.003724
-0.019637	0.700000	-0.035593
0.021431	0.719000	-0.010085
0.022692	0.719000	-0.021431
-0.001227	0.700000	-0.028229
-0.026179	0.711000	0.001247
-0.029877	0.710000	-0.000000
-0.032949	0.696000	-0.029288
0.011204	0.710000	-0.043570
0.016388	0.719000	-0.046644
-0.007448	0.708000	0.002483
-0.013559	0.703000	-0.038210
-0.050847	0.725000	-0.021610
-0.028471	0.706000	-0.011141
0.025318	0.722000	-0.013925
0.001229	0.701000	-0.012291
-0.025664	0.697000	-0.026886
-0.031297	0.714000	-0.047571
-0.022092	0.700000	-0.022092
-0.023519	0.706000	-0.043325
-0.039080	0.719000	-0.044123
-0.038210	0.703000	-0.023419
0.018936	0.720000	-0.044184
0.015065	0.716000	-0.045194
0.002469	0.704000	-0.038265
0.004979	0.710000	-0.047305
-0.040733	0.704000	-0.024687
0.002455	0.700000	-0.019637
-0.020865	0.700000	-0.015955
-0.030859	0.704000	-0.016047
0.008640	0.704000	-0.020984
-0.006119	0.698000	-0.026924
-0.007427	0.706000	-0.045801
-0.024477	0.698000	-0.024477
0.003682	0.700000	-0.018410
-0.009833	0.701000	-0.036873
-0.012238	0.698000	-0.020805
-0.019721	0.703000	-0.038210
-0.012396	0.707000	0.002479
0.008640	0.704000	-0.018515
0.024086	0.723000	-0.039297
-0.023752	0.713000	-0.052505
-0.003766	0.716000	0.010043
-0.008726	0.711000	0.003740
-0.033138	0.700000	-0.036820
0.013636	0.707000	-0.017354
-0.009917	0.707000	-0.048345
-0.039162	0.698000	-0.029372
-0.009791	0.698000	-0.029372
-0.007343	0.698000	-0.030596
-0.034218	0.697000	-0.034218
-0.031034	0.708000	-0.007448
-0.037241	0.708000	-0.013655
-0.001233	0.703000	-0.007396
-0.009833	0.701000	-0.038102
-0.032640	0.716000	-0.045194
-0.009861	0.703000	-0.007396
0.020086	0.716000	-0.017575
-0.037136	0.706000	-0.018568
-0.041729	0.700000	-0.027001
-0.022502	0.713000	-0.056256
-0.027040	0.701000	-0.022124
-0.024932	0.711000	0.002493
-0.027271	0.707000	-0.043386
0.018910	0.719000	-0.040341
-0.029204	0.694000	-0.027987
-0.037241	0.708000	-0.012414
0.018752	0.713000	-0.032503
0.016183	0.710000	-0.031122
-0.017256	0.703000	-0.039443
-0.024757	0.706000	-0.004951
-0.025921	0.704000	-0.040733
-0.008567	0.698000	-0.017134
-0.017330	0.706000	-0.003714
-0.016206	0.711000	-0.052358
-0.002455	0.700000	-0.015955
-0.013559	0.703000	-0.007396
0.004930	0.703000	-0.032047
-0.002448	0.698000	-0.017134
-0.013616	0.706000	-0.001238
0.002469	0.704000	-0.040733
-0.027541	0.714000	0.003756
0.011141	0.706000	-0.019806
-0.035347	0.720000	-0.050496
-0.020002	0.713000	-0.056256
-0.002469	0.704000	-0.004937
-0.020805	0.698000	-0.025700
0.004986	0.711000	-0.048618
-0.004979	0.710000	0.002490
-0.036457	0.717000	-0.000000
0.002479	0.707000	-0.043386
-0.018778	0.714000	0.005008
-0.007501	0.713000	0.006251
-0.014728	0.700000	-0.012273
-0.004986	0.711000	0.003740
-0.005022	0.716000	0.007532
-0.026770	0.694000	-0.029204
-0.027310	0.708000	-0.002483
0.017526	0.714000	-0.013771
-0.012379	0.706000	-0.047038
-0.044614	0.727000	-0.033142
-0.035004	0.713000	-0.041254
-0.037872	0.720000	0.001262
0.009903	0.706000	-0.014854
0.003756	0.714000	-0.055083
-0.027619	0.716000	-0.056492
-0.040397	0.720000	-0.044184
0.002493	0.711000	-0.048618
-0.032093	0.704000	-0.039499
0.006172	0.704000	-0.013578
0.007396	0.703000	-0.030815
-0.012273	0.700000	-0.033138
0.008628	0.703000	-0.032047
-0.030420	0.694000	-0.027987
0.006277	0.716000	0.002511
-0.009875	0.704000	-0.041968
0.003682	0.700000	-0.017183
-0.037939	0.698000	-0.031819
0.018778	0.714000	-0.017526
-0.012379	0.706000	-0.044563
-0.017453	0.711000	-0.052358
-0.006189	0.706000	-0.044563
0.021550	0.723000	-0.046903
0.029156	0.723000	-0.022818
0.018699	0.711000	-0.026179
-0.004895	0.698000	-0.014686
-0.029877	0.710000	-0.001245
-0.029330	0.697000	-0.034218
-0.044491	0.725000	-0.038135
-0.001233	0.703000	-0.039443
0.003756	0.714000	-0.053831
0.021342	0.716000	-0.022597
0.005008	0.714000	0.006259
-0.013616	0.706000	-0.000000
-0.034758	0.708000	-0.009931
-0.039892	0.711000	-0.012466
0.003756	0.714000	-0.052579
-0.018357	0.698000	-0.028148
0.017428	0.710000	-0.028632
-0.003703	0.704000	-0.006172
0.010001	0.713000	-0.051255
-0.022281	0.706000	-0.044563
-0.012466	0.711000	0.004986
0.012519	0.714000	-0.046320
0.001227	0.700000	-0.027001
-0.030045	0.714000	-0.048823
-0.023553	0.707000	-0.001240
-0.026474	0.719000	0.007564
0.003756	0.714000	0.003756
-0.004937	0.704000	-0.006172
0.021342	0.716000	-0.033895
-0.031428	0.717000	-0.050286
0.002500	0.713000	0.001250
-0.034856	0.710000	-0.008714
-0.045446	0.720000	-0.018936
-0.033895	0.716000	0.002511
-0.030256	0.719000	0.005043
0.017502	0.713000	-0.018752
0.020170	0.719000	-0.010085
-0.035494	0.723000	0.006338
-0.009791	0.698000	-0.022029
0.024052	0.722000	-0.012659
0.000000	0.704000	-0.003703
-0.041138	0.711000	-0.016206
-0.022092	0.700000	-0.014728
-0.035491	0.698000	-0.026924
-0.046903	0.723000	-0.024086
-0.024897	0.710000	-0.000000
-0.031385	0.716000	0.003766
-0.029708	0.706000	-0.013616
-0.034085	0.720000	0.006312
0.002476	0.706000	-0.006189
0.017575	0.716000	-0.038917
-0.050706	0.723000	-0.019015
-0.040397	0.720000	-0.039134
-0.038591	0.710000	-0.014938
-0.006172	0.704000	-0.003703
-0.035151	0.716000	-0.042683
0.009973	0.711000	-0.053605
-0.041968	0.704000	-0.023453
-0.028874	0.716000	-0.053982
-0.033327	0.704000	-0.019750
-0.018594	0.707000	-0.045865
-0.018910	0.719000	0.008825
-0.008567	0.698000	-0.018357
-0.027156	0.704000	-0.012343
-0.008677	0.707000	0.001240
-0.026770	0.694000	-0.031637
0.012343	0.704000	-0.028390
-0.027001	0.700000	-0.024547
-0.001240	0.707000	-0.045865
-0.033517	0.708000	-0.008690
0.008665	0.706000	-0.014854
-0.049439	0.723000	-0.016480
-0.048438	0.727000	-0.029317
0.006207	0.708000	-0.044689
-0.032367	0.710000	-0.003735
-0.007364	0.700000	-0.011046
-0.023786	0.714000	-0.056335
-0.035298	0.719000	0.002521
-0.003703	0.704000	-0.003703
-0.042683	0.716000	-0.010043
-0.049576	0.725000	-0.022881
-0.019637	0.700000	-0.014728
-0.040509	0.722000	0.002532
0.014959	0.711000	-0.036152
0.018857	0.717000	-0.011314
0.007406	0.704000	-0.017281
-0.028390	0.704000	-0.013578
-0.001233	0.703000	-0.040676
-0.027966	0.725000	0.011440
-0.006119	0.698000	-0.017134
-0.014812	0.704000	-0.040733
-0.030382	0.722000	0.008861
0.003724	0.708000	-0.002483
-0.031911	0.700000	-0.024547
0.010015	0.714000	-0.002504
-0.009917	0.707000	0.002479
-0.020805	0.698000	-0.035491
-0.019637	0.700000	-0.028229
-0.045383	0.719000	-0.013867
0.012414	0.708000	-0.009931
0.012379	0.706000	-0.023519
-0.015086	0.717000	0.010057
0.013636	0.707000	-0.032230
-0.031034	0.708000	-0.042206
-0.014728	0.700000	-0.011046
-0.032093	0.704000	-0.019750
-0.034513	0.703000	-0.020954
-0.018410	0.700000	-0.013501
0.001238	0.706000	-0.043325
-0.010999	0.697000	-0.025664
-0.011014	0.698000	-0.022029
-0.031166	0.711000	-0.000000
0.000000	0.704000	-0.004937
-0.004930	0.703000	-0.039443
-0.004909	0.700000	-0.013501
-0.008628	0.703000	-0.006163
-0.004930	0.703000	-0.036978
-0.033611	0.710000	-0.041081
-0.029498	0.701000	-0.036873
-0.042922	0.720000	-0.000000
0.007448	0.708000	-0.043448
0.000000	0.711000	0.003740
-0.007375	0.701000	-0.007375
-0.047971	0.720000	-0.013886
0.000000	0.706000	-0.043325
-0.040228	0.717000	-0.003771
0.007438	0.707000	-0.040907
0.025318	0.722000	-0.022786
0.017453	0.711000	-0.021193
-0.011014	0.698000	-0.017134
0.011220	0.711000	-0.004986
0.022534	0.714000	-0.030045
-0.036715	0.698000	-0.036715
-0.028269	0.701000	-0.038102
-0.009973	0.711000	0.004986
0.000000	0.698000	-0.020805
0.004930	0.703000	-0.016024
-0.045383	0.719000	-0.015128
-0.023453	0.704000	-0.004937
0.002458	0.701000	-0.030727
0.006145	0.701000	-0.027040
-0.016024	0.703000	-0.038210
-0.014749	0.701000	-0.036873
-0.008690	0.708000	0.002483
-0.018515	0.704000	-0.007406
-0.016252	0.713000	-0.053755
-0.013501	0.700000	-0.014728
-0.020894	0.701000	-0.011062
-0.026847	0.696000	-0.026847
-0.003750	0.713000	-0.053755
-0.008665	0.706000	-0.001238
-0.019946	0.711000	0.003740
-0.014686	0.698000	-0.029372
0.024052	0.722000	-0.017723
0.013636	0.707000	-0.022313
-0.029624	0.704000	-0.039499
0.001247	0.711000	0.009973
0.006163	0.703000	-0.028350
-0.021193	0.711000	-0.051111
-0.019637	0.700000	-0.018410
-0.009777	0.697000	-0.023219
-0.031428	0.717000	-0.049028
-0.025038	0.714000	-0.052579
-0.014896	0.708000	0.003724
0.014959	0.711000	-0.037399
-0.042743	0.717000	-0.006286
0.026621	0.723000	-0.030424
0.013771	0.714000	-0.051327
-0.020170	0.719000	0.010085
-0.023519	0.706000	-0.044563
-0.032275	0.708000	-0.006207
-0.039162	0.698000	-0.033043
-0.012343	0.704000	-0.004937
-0.019834	0.707000	-0.003719
-0.034169	0.696000	-0.028067
-0.020775	0.697000	-0.028108
-0.041138	0.711000	-0.014959
0.004951	0.706000	-0.040849
-0.020775	0.697000	-0.030552
-0.037939	0.698000	-0.036715
-0.034267	0.698000	-0.025700
-0.007543	0.717000	0.010057
0.017674	0.720000	-0.046709
-0.021044	0.706000	-0.003714
-0.006119	0.698000	-0.014686
0.010001	0.713000	-0.052505
0.027889	0.723000	-0.026621
-0.018857	0.717000	0.007543
-0.013501	0.700000	-0.012273
-0.041601	0.719000	-0.002521
-0.023219	0.697000	-0.031774
-0.030727	0.701000	-0.036873
0.006145	0.701000	-0.020894
-0.013616	0.706000	-0.003714
-0.007501	0.713000	-0.053755
-0.017183	0.700000	-0.023319
-0.044123	0.719000	-0.006303
-0.028067	0.696000	-0.032949
-0.028511	0.707000	-0.042147
-0.014854	0.706000	-0.045801
-0.038808	0.714000	-0.005008
-0.017354	0.707000	-0.045865
0.016138	0.708000	-0.028551
0.008640	0.704000	-0.033327
-0.027117	0.703000	-0.017256
-0.046903	0.723000	-0.025353
-0.007543	0.717000	0.011314
0.009959	0.710000	-0.044815
0.014938	0.710000	-0.033611
0.008763	0.714000	-0.001252
0.011156	0.707000	-0.011156
-0.011251	0.713000	-0.055006
-0.031648	0.722000	0.010127
-0.009777	0.697000	-0.024441
-0.007480	0.711000	0.003740
-0.013829	0.717000	0.008800
0.004916	0.701000	-0.022124
0.002469	0.704000	-0.037030
-0.022218	0.704000	-0.006172
-0.014875	0.707000	-0.048345
0.008640	0.704000	-0.023453
-0.007396	0.703000	-0.038210
-0.018568	0.706000	-0.004951
-0.032367	0.710000	-0.002490
-0.030045	0.714000	0.002504
0.009973	0.711000	-0.004986
-0.001227	0.700000	-0.013501
-0.035200	0.717000	-0.045257
-0.025884	0.703000	-0.014791
0.009875	0.704000	-0.027156
-0.041775	0.722000	-0.037977
-0.020894	0.701000	-0.012291
-0.031516	0.719000	0.005043
-0.012273	0.700000	-0.034365
-0.034414	0.701000	-0.036873
0.022723	0.720000	-0.015149
-0.028148	0.698000	-0.035491
-0.041312	0.714000	-0.007511
0.003756	0.714000	0.005008
-0.012343	0.704000	-0.040733
-0.031560	0.720000	0.006312
-0.036457	0.717000	-0.045257
-0.036610	0.720000	0.003787
0.002455	0.700000	-0.018410
-0.041968	0.704000	-0.022218
-0.026363	0.716000	-0.052726
0.022818	0.723000	-0.040565
-0.037939	0.698000	-0.026924
-0.046839	0.722000	-0.021520
0.011109	0.704000	-0.032093
-0.011093	0.703000	-0.040676
-0.038030	0.723000	0.005071
0.013771	0.714000	-0.052579
0.013713	0.711000	-0.011220
-0.012273	0.700000	-0.011046
-0.005008	0.714000	-0.056335
0.007501	0.713000	-0.001250
-0.025921	0.704000	-0.009875
0.007469	0.710000	-0.003735
0.011109	0.704000	-0.030859
-0.027156	0.704000	-0.016047
-0.021073	0.707000	-0.001240
-0.009777	0.697000	-0.026886
-0.044000	0.717000	-0.012571
-0.039162	0.698000	-0.035491
0.011172	0.708000	-0.039724
-0.010043	0.716000	0.008788
