-0.051990	0.706000	-0.027233
0.006023	0.687000	0.013250
-0.031136	0.683000	-0.003593
-0.009510	0.678000	-0.000000
-0.031181	0.684000	-0.014391
-0.046705	0.701000	-0.033185
-0.020358	0.683000	0.007185
0.004790	0.683000	-0.001198
-0.020328	0.682000	0.002392
-0.029982	0.684000	-0.022786
0.023119	0.694000	-0.008518
-0.048883	0.697000	-0.013443
-0.017011	0.693000	-0.043742
-0.022720	0.682000	-0.001196
-0.048953	0.698000	-0.017134
-0.043742	0.693000	-0.008505
-0.041491	0.696000	-0.026847
-0.023086	0.693000	0.023086
-0.051327	0.697000	-0.004888
-0.029161	0.693000	0.018226
0.014454	0.687000	-0.010841
-0.003614	0.687000	-0.032523
-0.046372	0.696000	-0.014644
-0.031136	0.683000	-0.001198
-0.043742	0.693000	-0.003645
-0.021524	0.682000	-0.021524
-0.027825	0.690000	-0.032665
-0.001192	0.680000	0.007154
0.027117	0.703000	-0.017256
0.000000	0.683000	-0.023951
-0.028867	0.686000	0.009622
-0.004755	0.678000	-0.010699
-0.041193	0.691000	-0.009692
-0.016692	0.680000	0.010730
-0.022720	0.682000	-0.009566
0.008383	0.683000	-0.000000
0.015750	0.691000	0.003635
-0.041491	0.696000	-0.025627
0.005996	0.684000	-0.020388
-0.020269	0.680000	-0.008346
0.003619	0.688000	-0.031364
-0.016888	0.688000	-0.038601
-0.046639	0.700000	0.007364
-0.007133	0.678000	-0.007133
-0.003577	0.680000	0.005961
0.007175	0.682000	0.001196
0.000000	0.690000	-0.035084
-0.042834	0.698000	0.011014
-0.052625	0.698000	-0.007343
-0.048883	0.697000	-0.012221
-0.010762	0.682000	0.013154
-0.004755	0.678000	-0.013076
-0.013192	0.684000	-0.032381
-0.025148	0.683000	-0.022753
-0.009566	0.682000	0.015545
-0.041372	0.694000	0.003650
0.003635	0.691000	-0.037558
0.004783	0.682000	-0.009566
0.017084	0.696000	-0.021966
-0.045476	0.701000	-0.034414
-0.003577	0.680000	-0.020269
0.018305	0.696000	-0.021966
0.003614	0.687000	-0.030113
-0.033138	0.700000	-0.041729
-0.019020	0.678000	-0.009510
-0.015454	0.678000	-0.008321
0.021997	0.697000	0.004888
-0.028741	0.683000	-0.016765
-0.010762	0.682000	-0.025111
-0.009566	0.682000	-0.027503
-0.007175	0.682000	-0.026307
0.027040	0.701000	-0.013520
0.025664	0.697000	-0.023219
-0.032333	0.683000	-0.001198
-0.017884	0.680000	-0.020269
-0.020358	0.683000	-0.026346
-0.031318	0.687000	0.009636
0.010857	0.688000	0.013269
-0.013038	0.676000	-0.007112
-0.033580	0.684000	-0.011993
-0.015454	0.678000	-0.011888
-0.022920	0.688000	0.018094
0.009580	0.683000	-0.011975
-0.045217	0.697000	0.001222
-0.034983	0.688000	-0.016888
0.018489	0.703000	-0.033280
-0.047592	0.696000	-0.006102
0.020805	0.698000	-0.024477
-0.038601	0.688000	-0.003619
-0.037939	0.698000	-0.035491
-0.022920	0.688000	0.015682
-0.021524	0.682000	-0.003587
-0.041312	0.693000	-0.019441
0.020865	0.700000	-0.027001
-0.020269	0.680000	-0.009538
-0.041550	0.697000	0.008555
-0.004790	0.683000	0.016765
-0.001192	0.680000	-0.008346
-0.031318	0.687000	-0.025295
-0.050177	0.698000	0.002448
-0.010667	0.676000	-0.007112
-0.051769	0.703000	-0.019721
-0.035491	0.698000	-0.037939
0.018226	0.693000	0.010936
-0.032333	0.683000	-0.002395
0.006023	0.687000	-0.026500
-0.013366	0.693000	-0.044957
0.002430	0.693000	-0.041312
-0.037721	0.694000	-0.027987
-0.023219	0.697000	-0.045217
0.004846	0.691000	-0.037558
-0.048883	0.697000	-0.010999
0.017035	0.694000	-0.015819
-0.015659	0.687000	0.019273
0.028067	0.696000	-0.006102
0.009594	0.684000	-0.008395
-0.023020	0.691000	-0.037558
-0.002409	0.687000	0.015659
0.007196	0.684000	0.009594
-0.019132	0.682000	0.013154
0.016962	0.691000	-0.010904
0.017011	0.693000	0.009720
-0.003629	0.690000	0.021776
-0.010778	0.683000	0.017963
-0.032475	0.686000	-0.016839
0.015796	0.693000	0.007290
-0.002385	0.680000	0.009538
-0.021555	0.683000	-0.028741
-0.042773	0.697000	0.007332
0.016962	0.691000	-0.012116
-0.023915	0.682000	-0.017937
0.009566	0.682000	0.002392
-0.033580	0.684000	-0.003598
-0.048953	0.698000	-0.000000
0.001206	0.688000	0.019301
-0.038882	0.693000	-0.025516
-0.020269	0.680000	-0.010730
-0.020358	0.683000	0.008383
-0.005961	0.680000	-0.021461
-0.031819	0.698000	-0.039162
0.010936	0.693000	0.020656
-0.052775	0.700000	-0.011046
-0.050608	0.704000	-0.023453
-0.032381	0.684000	-0.011993
0.016937	0.690000	-0.006049
0.013327	0.691000	-0.029077
-0.017858	0.679000	-0.022620
-0.011958	0.682000	-0.026307
0.002409	0.687000	0.015659
-0.001192	0.680000	0.005961
-0.002423	0.691000	0.025443
0.006031	0.688000	-0.031364
-0.026731	0.693000	0.020656
-0.005944	0.678000	-0.013076
-0.007175	0.682000	-0.025111
-0.011853	0.676000	-0.002371
0.018489	0.703000	-0.034513
0.022029	0.698000	-0.020805
-0.035440	0.697000	-0.035440
0.010794	0.684000	-0.007196
-0.022720	0.682000	-0.022720
-0.025185	0.684000	0.008395
-0.017858	0.679000	-0.001191
-0.010794	0.684000	-0.033580
-0.014265	0.678000	0.002378
0.010841	0.687000	0.009636
0.009763	0.696000	0.023186
0.000000	0.683000	-0.025148
-0.008432	0.687000	0.021682
-0.020328	0.682000	-0.000000
-0.009482	0.676000	-0.007112
-0.050177	0.698000	-0.009791
0.014433	0.686000	0.002406
-0.005953	0.679000	-0.017858
-0.028783	0.684000	-0.025185
-0.021524	0.682000	-0.022720
-0.026307	0.682000	-0.002392
0.004783	0.682000	0.007175
0.020775	0.697000	-0.018331
-0.041312	0.693000	-0.013366
-0.004839	0.690000	-0.037504
0.016937	0.690000	-0.001210
-0.029456	0.700000	-0.042957
-0.009566	0.682000	-0.025111
0.002444	0.697000	-0.045217
-0.019076	0.680000	-0.025038
-0.008469	0.690000	-0.041133
0.009594	0.684000	-0.007196
0.000000	0.682000	-0.020328
0.004811	0.686000	-0.022853
0.019441	0.693000	-0.008505
-0.013096	0.679000	-0.023810
-0.010778	0.683000	0.016765
0.001198	0.683000	-0.021555
-0.010667	0.676000	-0.004741
-0.034218	0.697000	0.018331
-0.019273	0.687000	-0.032523
0.010904	0.691000	-0.030289
-0.041610	0.698000	0.014686
-0.001210	0.690000	0.022986
0.006031	0.688000	-0.032570
-0.001206	0.688000	0.020507
0.015750	0.691000	0.002423
-0.003661	0.696000	0.025627
-0.023951	0.683000	0.005988
-0.004762	0.679000	-0.000000
-0.019273	0.687000	0.015659
-0.042404	0.691000	-0.008481
0.006058	0.691000	0.019385
-0.001196	0.682000	0.011958
0.011014	0.698000	-0.040386
-0.008334	0.679000	0.004762
0.009580	0.683000	0.003593
0.003635	0.691000	0.019385
0.003608	0.686000	-0.026461
0.025627	0.696000	-0.001220
-0.003572	0.679000	-0.016667
-0.011923	0.680000	0.009538
0.009650	0.688000	0.014476
-0.014454	0.687000	-0.038545
-0.044058	0.698000	0.014686
0.005961	0.680000	0.003577
-0.031637	0.694000	0.017035
-0.010667	0.676000	-0.001185
-0.002399	0.684000	-0.029982
0.009594	0.684000	-0.001199
-0.046372	0.696000	-0.003661
-0.026307	0.682000	-0.004783
0.007217	0.686000	-0.021650
-0.034267	0.698000	0.019581
-0.024336	0.694000	0.023119
-0.010778	0.683000	0.015568
0.018489	0.703000	-0.036978
0.009678	0.690000	0.016937
0.008383	0.683000	-0.008383
-0.028699	0.682000	-0.002392
0.024336	0.694000	-0.004867
-0.011923	0.680000	0.007154
0.021903	0.694000	-0.000000
0.006075	0.693000	-0.037667
0.002420	0.690000	-0.035084
-0.021524	0.682000	0.001196
-0.021713	0.688000	0.019301
0.000000	0.680000	0.001192
-0.006119	0.698000	-0.047729
-0.037504	0.690000	-0.020567
-0.018252	0.694000	-0.045022
-0.023915	0.682000	-0.005979
0.007332	0.697000	-0.041550
-0.023951	0.683000	0.003593
0.018305	0.696000	0.003661
-0.008469	0.690000	-0.039923
-0.027503	0.682000	-0.015545
-0.017831	0.678000	-0.010699
-0.015477	0.679000	-0.020239
-0.026346	0.683000	-0.022753
0.012291	0.701000	-0.039331
0.010888	0.690000	-0.029035
0.023186	0.696000	-0.002441
-0.028741	0.683000	-0.017963
-0.010825	0.686000	-0.036084
-0.050177	0.698000	0.001224
-0.041729	0.700000	-0.035593
-0.014265	0.678000	-0.010699
0.009735	0.694000	-0.035288
-0.016741	0.682000	-0.028699
-0.006102	0.696000	-0.045152
0.001192	0.680000	-0.000000
-0.008346	0.680000	0.010730
-0.015796	0.693000	-0.046172
0.007196	0.684000	-0.016790
-0.012168	0.694000	-0.047456
-0.028350	0.703000	-0.046839
-0.051401	0.698000	-0.001224
0.002392	0.682000	-0.011958
-0.036136	0.687000	-0.010841
0.001196	0.682000	-0.013154
-0.008334	0.679000	-0.016667
-0.003572	0.679000	-0.003572
-0.010794	0.684000	0.019188
0.012028	0.686000	-0.001203
0.019637	0.700000	-0.030683
-0.038601	0.688000	-0.002413
-0.022720	0.682000	0.001196
-0.026500	0.687000	-0.031318
0.017035	0.694000	-0.019469
0.006049	0.690000	0.018147
0.019469	0.694000	0.009735
-0.025111	0.682000	-0.000000
-0.016667	0.679000	-0.013096
-0.001192	0.680000	-0.005961
-0.002392	0.682000	-0.025111
-0.047866	0.700000	-0.022092
-0.020567	0.690000	-0.037504
-0.028108	0.697000	0.024441
-0.036136	0.687000	-0.009636
0.014476	0.688000	0.007238
-0.017884	0.680000	-0.000000
-0.012028	0.686000	-0.036084
0.000000	0.682000	0.007175
-0.032949	0.696000	0.018305
-0.010667	0.676000	-0.002371
-0.050321	0.700000	-0.014728
0.010936	0.693000	-0.031592
-0.036189	0.688000	-0.022920
-0.026500	0.687000	-0.030113
-0.003572	0.679000	-0.004762
-0.013366	0.693000	-0.043742
0.010794	0.684000	0.001199
-0.034932	0.687000	-0.007227
-0.015454	0.678000	-0.001189
0.018147	0.690000	-0.004839
-0.016667	0.679000	-0.023810
-0.007259	0.690000	-0.039923
-0.008297	0.676000	-0.009482
-0.037939	0.698000	0.018357
-0.041133	0.690000	-0.004839
0.015796	0.693000	-0.024301
-0.001203	0.686000	-0.031272
-0.016667	0.679000	-0.002381
-0.024477	0.698000	-0.045282
-0.017937	0.682000	-0.027503
-0.045411	0.700000	-0.024547
0.025627	0.696000	-0.008542
-0.050177	0.698000	-0.000000
-0.001196	0.682000	-0.021524
0.010825	0.686000	-0.016839
-0.004769	0.680000	0.010730
-0.037721	0.694000	-0.029204
0.015727	0.690000	-0.010888
-0.036347	0.691000	-0.029077
0.012116	0.691000	0.013327
0.013250	0.687000	-0.007227
0.002392	0.682000	-0.009566
-0.050321	0.700000	-0.017183
0.024477	0.698000	-0.020805
-0.043932	0.696000	-0.021966
-0.039808	0.688000	-0.003619
-0.028741	0.683000	0.004790
0.001192	0.680000	0.004769
-0.012028	0.686000	-0.037286
-0.014286	0.679000	0.004762
-0.028909	0.687000	-0.027704
0.008420	0.686000	0.009622
0.023253	0.698000	-0.026924
-0.040502	0.700000	-0.033138
0.015659	0.687000	-0.002409
0.012028	0.686000	-0.014433
-0.014265	0.678000	-0.003566
-0.001203	0.686000	-0.030070
-0.050105	0.697000	-0.004888
0.018226	0.693000	0.007290
-0.020745	0.696000	-0.043932
-0.026346	0.683000	-0.013173
-0.009538	0.680000	0.009538
-0.039162	0.698000	-0.033043
0.000000	0.694000	-0.043805
-0.052775	0.700000	-0.013501
-0.042834	0.698000	-0.026924
-0.021461	0.680000	-0.005961
-0.025111	0.682000	-0.002392
-0.013115	0.680000	-0.026230
-0.050393	0.701000	-0.020894
0.004797	0.684000	0.009594
-0.020328	0.682000	0.003587
-0.041729	0.700000	-0.033138
0.012116	0.691000	0.014539
0.008395	0.684000	-0.004797
-0.036136	0.687000	-0.014454
0.013250	0.687000	0.006023
-0.002430	0.693000	-0.042527
-0.026731	0.693000	-0.036452
0.002423	0.691000	-0.037558
-0.049514	0.706000	-0.030946
-0.043805	0.694000	-0.002434
0.028269	0.701000	-0.011062
-0.045282	0.698000	0.002448
-0.014454	0.687000	-0.037341
0.010825	0.686000	0.006014
-0.025332	0.688000	0.014476
-0.006058	0.691000	-0.041193
0.015659	0.687000	-0.001205
-0.009622	0.686000	0.020447
-0.026307	0.682000	-0.009566
0.009636	0.687000	-0.021682
-0.024196	0.690000	-0.035084
-0.030113	0.687000	-0.026500
0.008444	0.688000	-0.028951
0.014433	0.686000	-0.000000
-0.015477	0.679000	-0.004762
-0.013115	0.680000	-0.021461
0.004811	0.686000	0.012028
-0.029288	0.696000	0.023186
-0.031181	0.684000	0.004797
-0.025111	0.682000	-0.015545
0.013231	0.686000	-0.009622
-0.008432	0.687000	-0.034932
0.025774	0.700000	-0.018410
0.012045	0.687000	-0.020477
0.015682	0.688000	-0.006031
0.006058	0.691000	0.020596
-0.015568	0.683000	-0.031136
-0.021524	0.682000	-0.001196
0.006014	0.686000	0.010825
0.014686	0.698000	-0.030596
-0.010699	0.678000	-0.014265
-0.009580	0.683000	-0.028741
0.010857	0.688000	0.014476
-0.010983	0.696000	-0.047592
0.008395	0.684000	-0.002399
-0.011888	0.678000	-0.014265
0.007290	0.693000	-0.034022
-0.016937	0.690000	0.022986
-0.005944	0.678000	0.001189
-0.007227	0.687000	0.025295
0.001192	0.680000	0.001192
-0.040849	0.706000	-0.039611
-0.028741	0.683000	-0.009580
-0.016667	0.679000	-0.000000
0.011014	0.698000	-0.036715
-0.050105	0.697000	-0.006110
0.016962	0.691000	-0.013327
-0.037558	0.691000	0.008481
0.017256	0.703000	-0.039443
-0.018147	0.690000	0.024196
-0.038601	0.688000	0.001206
0.009819	0.700000	-0.042957
-0.031637	0.694000	-0.034071
0.018226	0.693000	-0.014581
-0.052549	0.697000	-0.006110
0.003593	0.683000	-0.014370
-0.002385	0.680000	-0.019076
0.025664	0.697000	-0.021997
0.002392	0.682000	-0.008370
0.013559	0.703000	-0.041908
-0.009763	0.696000	-0.046372
0.018226	0.693000	0.009720
0.000000	0.680000	-0.002385
-0.024547	0.700000	-0.046639
-0.029938	0.683000	-0.015568
0.014476	0.688000	-0.015682
-0.037558	0.691000	-0.018173
-0.029582	0.703000	-0.045606
0.001210	0.690000	-0.036294
-0.046639	0.700000	0.004909
-0.002392	0.682000	0.011958
0.001196	0.682000	-0.007175
-0.025406	0.690000	0.019357
-0.010730	0.680000	-0.021461
-0.035389	0.696000	-0.034169
0.021903	0.694000	-0.008518
-0.030377	0.693000	-0.035237
-0.030157	0.688000	-0.030157
-0.038601	0.688000	-0.007238
-0.023915	0.682000	-0.001196
-0.037884	0.697000	-0.032996
0.005961	0.680000	0.004769
-0.002420	0.690000	0.021776
-0.010778	0.683000	-0.029938
-0.034983	0.688000	-0.024126
-0.001192	0.680000	-0.014307
-0.033727	0.687000	-0.018068
-0.010778	0.683000	-0.031136
0.012028	0.686000	-0.008420
-0.028951	0.688000	-0.031364
-0.015477	0.679000	-0.014286
0.023119	0.694000	-0.004867
-0.017011	0.693000	-0.046172
-0.025553	0.694000	-0.041372
-0.007154	0.680000	-0.022653
-0.038210	0.703000	-0.039443
-0.001206	0.688000	0.018094
0.019525	0.696000	0.003661
-0.032381	0.684000	-0.010794
-0.027583	0.684000	-0.026384
-0.031181	0.684000	-0.015591
-0.026307	0.682000	-0.007175
-0.037504	0.690000	-0.016937
0.028108	0.697000	-0.021997
-0.042404	0.691000	-0.004846
-0.016864	0.687000	-0.037341
0.025700	0.698000	0.003671
-0.011993	0.684000	-0.032381
-0.005944	0.678000	-0.000000
-0.001196	0.682000	-0.025111
0.010857	0.688000	-0.025332
-0.033327	0.704000	-0.043202
0.014433	0.686000	-0.002406
-0.015477	0.679000	-0.021429
0.007227	0.687000	-0.027704
-0.033923	0.691000	-0.030289
-0.003577	0.680000	-0.019076
-0.025148	0.683000	0.007185
0.028269	0.701000	-0.012291
0.023186	0.696000	-0.014644
0.013520	0.701000	-0.034414
0.007196	0.684000	-0.004797
0.026886	0.697000	-0.021997
0.012116	0.691000	-0.029077
-0.046639	0.700000	0.003682
