0.000000	0.708000	-0.034758
0.012116	0.691000	-0.056943
0.018778	0.714000	-0.026289
-0.001224	0.698000	-0.053848
0.006145	0.701000	-0.073745
0.031774	0.697000	-0.042773
0.001222	0.697000	-0.054993
0.015796	0.693000	-0.043742
-0.003750	0.713000	-0.031253
-0.002476	0.706000	-0.073033
0.030552	0.697000	-0.065992
0.009735	0.694000	-0.043805
0.039275	0.700000	-0.061367
0.002444	0.697000	-0.058660
0.020656	0.693000	-0.064398
0.024301	0.693000	-0.060753
0.000000	0.700000	-0.042957
0.001234	0.704000	-0.035796
-0.002458	0.701000	-0.060225
0.023119	0.694000	-0.066925
0.007343	0.698000	-0.070982
0.018489	0.703000	-0.078886
0.000000	0.698000	-0.055072
0.044247	0.701000	-0.052851
0.008591	0.700000	-0.073640
0.017011	0.693000	-0.043742
0.028350	0.703000	-0.078886
0.021342	0.716000	-0.023852
0.029456	0.700000	-0.073640
-0.011172	0.708000	-0.052137
0.037346	0.710000	-0.038591
0.012449	0.710000	-0.033611
0.007290	0.693000	-0.059538
-0.008665	0.706000	-0.065606
0.009875	0.704000	-0.034562
0.009777	0.697000	-0.070880
0.041729	0.700000	-0.047866
0.017035	0.694000	-0.042588
0.034513	0.703000	-0.072723
0.019357	0.690000	-0.055651
0.039331	0.701000	-0.044247
0.029582	0.703000	-0.080119
-0.001224	0.698000	-0.052625
0.012116	0.691000	-0.048462
-0.002479	0.707000	-0.038428
0.042957	0.700000	-0.057685
0.024582	0.701000	-0.077432
0.031253	0.713000	-0.032503
0.012168	0.694000	-0.042588
-0.003703	0.704000	-0.044436
0.024301	0.693000	-0.061968
-0.004951	0.706000	-0.043325
0.018357	0.698000	-0.074653
0.000000	0.698000	-0.058744
0.020984	0.704000	-0.081467
0.006084	0.694000	-0.060841
0.013462	0.698000	-0.073430
0.031774	0.697000	-0.041550
-0.003714	0.706000	-0.068082
0.014959	0.711000	-0.031166
0.011109	0.704000	-0.034562
0.003671	0.698000	-0.041610
-0.013829	0.717000	-0.045257
0.037030	0.704000	-0.075295
0.003724	0.708000	-0.032275
0.039443	0.703000	-0.067793
-0.002455	0.700000	-0.055230
0.000000	0.710000	-0.033611
0.000000	0.698000	-0.051401
0.036305	0.714000	-0.033801
0.031637	0.694000	-0.055973
0.003671	0.698000	-0.047729
0.041729	0.700000	-0.056457
0.034218	0.697000	-0.043995
0.006189	0.706000	-0.077985
0.019553	0.697000	-0.037884
0.008518	0.694000	-0.047456
0.031728	0.696000	-0.059796
0.035440	0.697000	-0.040328
0.031034	0.708000	-0.035999
0.000000	0.700000	-0.041729
0.029288	0.696000	-0.065897
0.006110	0.697000	-0.067214
0.020775	0.697000	-0.039106
-0.006172	0.704000	-0.051843
0.026731	0.693000	-0.059538
0.011204	0.710000	-0.032367
-0.009931	0.708000	-0.055861
0.044247	0.701000	-0.058996
0.029288	0.696000	-0.062236
0.025443	0.691000	-0.053308
0.017453	0.711000	-0.031166
0.032996	0.697000	-0.064770
0.006110	0.697000	-0.046439
0.003682	0.700000	-0.068731
0.001257	0.717000	-0.028914
0.029582	0.703000	-0.077653
0.037030	0.704000	-0.072826
0.039892	0.711000	-0.038645
0.035004	0.713000	-0.036254
-0.010057	0.717000	-0.040228
0.016962	0.691000	-0.052097
0.012151	0.693000	-0.061968
0.029330	0.697000	-0.068436
-0.008677	0.707000	-0.052063
0.030045	0.714000	-0.030045
0.009735	0.694000	-0.046239
0.021282	0.714000	-0.028793
0.007501	0.713000	-0.030003
0.024547	0.700000	-0.076095
0.007343	0.698000	-0.037939
0.029288	0.696000	-0.045152
0.032412	0.711000	-0.034905
0.007427	0.706000	-0.033422
0.000000	0.706000	-0.037136
0.030552	0.697000	-0.067214
0.027426	0.711000	-0.033659
0.031637	0.694000	-0.058407
0.023186	0.696000	-0.070779
0.036662	0.697000	-0.051327
0.014854	0.706000	-0.079223
0.001222	0.697000	-0.056215
0.006277	0.716000	-0.025108
0.017035	0.694000	-0.041372
0.003714	0.706000	-0.034660
-0.004937	0.704000	-0.061717
0.007511	0.714000	-0.026289
0.040676	0.703000	-0.044373
0.025443	0.691000	-0.054520
0.007364	0.700000	-0.074867
-0.010015	0.714000	-0.042564
0.027946	0.693000	-0.057108
0.011220	0.711000	-0.031166
0.020596	0.691000	-0.049674
0.018173	0.691000	-0.061789
0.024652	0.703000	-0.080119
0.003750	0.713000	-0.031253
0.001233	0.703000	-0.038210
0.014644	0.696000	-0.036610
0.012221	0.697000	-0.072102
0.016962	0.691000	-0.063001
0.046060	0.710000	-0.046060
0.032047	0.703000	-0.073956
0.007364	0.700000	-0.073640
0.044815	0.710000	-0.046060
0.008518	0.694000	-0.060841
0.041789	0.701000	-0.046705
0.035004	0.713000	-0.030003
0.024301	0.693000	-0.047387
0.038102	0.701000	-0.066371
0.015750	0.691000	-0.053308
0.001224	0.698000	-0.050177
0.024336	0.694000	-0.066925
0.033753	0.713000	-0.030003
0.030508	0.696000	-0.043932
0.018226	0.693000	-0.046172
0.002444	0.697000	-0.052549
-0.011204	0.710000	-0.048550
0.008518	0.694000	-0.063274
0.030596	0.698000	-0.039162
0.008542	0.696000	-0.042711
0.002458	0.701000	-0.078662
0.043570	0.710000	-0.039836
0.007301	0.694000	-0.062057
0.003666	0.697000	-0.063548
-0.008788	0.716000	-0.041428
0.039443	0.703000	-0.066560
0.032093	0.704000	-0.077764
-0.003719	0.707000	-0.073137
0.028229	0.700000	-0.036820
0.043141	0.703000	-0.065327
0.018252	0.694000	-0.066925
0.004867	0.694000	-0.052323
0.035389	0.696000	-0.047592
0.010015	0.714000	-0.027541
0.022124	0.701000	-0.034414
0.034169	0.696000	-0.048813
-0.002455	0.700000	-0.051548
0.006251	0.713000	-0.031253
0.013385	0.694000	-0.066925
0.015002	0.713000	-0.030003
0.011062	0.701000	-0.035644
0.027619	0.716000	-0.026363
0.013366	0.693000	-0.047387
0.029204	0.694000	-0.060841
0.010951	0.694000	-0.046239
0.023319	0.700000	-0.076095
0.039162	0.698000	-0.055072
0.046839	0.703000	-0.056699
-0.006172	0.704000	-0.054311
0.035440	0.697000	-0.041550
-0.011204	0.710000	-0.060998
0.034071	0.694000	-0.053540
0.013559	0.703000	-0.034513
-0.012449	0.710000	-0.059754
0.045476	0.701000	-0.055309
0.018226	0.693000	-0.047387
0.021808	0.691000	-0.060578
0.036662	0.697000	-0.059882
-0.001227	0.700000	-0.058912
0.034071	0.694000	-0.055973
0.003766	0.716000	-0.026363
0.039275	0.700000	-0.060139
0.007438	0.707000	-0.032230
0.007427	0.706000	-0.080460
0.027987	0.694000	-0.043805
0.028067	0.696000	-0.042711
0.004895	0.698000	-0.068534
0.018568	0.706000	-0.080460
0.029330	0.697000	-0.070880
0.025516	0.693000	-0.047387
-0.006251	0.713000	-0.038754
0.032854	0.694000	-0.046239
0.018594	0.707000	-0.084293
0.036662	0.697000	-0.050105
0.030420	0.694000	-0.057190
0.007427	0.706000	-0.079223
0.036715	0.698000	-0.063639
0.014602	0.694000	-0.038938
0.000000	0.704000	-0.075295
0.023119	0.694000	-0.043805
0.027040	0.701000	-0.082349
0.035288	0.694000	-0.052323
0.029288	0.696000	-0.063457
0.032949	0.696000	-0.045152
0.031166	0.711000	-0.034905
-0.008800	0.717000	-0.038971
0.030420	0.694000	-0.046239
0.002514	0.717000	-0.027657
0.046705	0.701000	-0.054080
0.035288	0.694000	-0.049889
-0.006233	0.711000	-0.037399
-0.006189	0.706000	-0.065606
0.010904	0.691000	-0.053308
0.002469	0.704000	-0.037030
-0.004930	0.703000	-0.049304
0.024582	0.701000	-0.035644
-0.007427	0.706000	-0.051990
-0.007438	0.707000	-0.066939
0.004881	0.696000	-0.050033
0.002469	0.704000	-0.075295
-0.001227	0.700000	-0.050321
0.021282	0.714000	-0.027541
0.018173	0.691000	-0.049674
0.019357	0.690000	-0.060490
0.025664	0.697000	-0.072102
0.010936	0.693000	-0.063183
0.020086	0.716000	-0.025108
-0.007438	0.707000	-0.068178
0.037939	0.698000	-0.057520
0.020745	0.696000	-0.070779
0.006084	0.694000	-0.058407
0.021808	0.691000	-0.055731
0.029161	0.693000	-0.049817
0.018305	0.696000	-0.040271
0.029919	0.711000	-0.034905
0.010904	0.691000	-0.052097
-0.003719	0.707000	-0.038428
0.029456	0.700000	-0.038047
0.011014	0.698000	-0.073430
0.003671	0.698000	-0.044058
0.025884	0.703000	-0.082584
0.004909	0.700000	-0.069958
-0.008665	0.706000	-0.060655
0.009819	0.700000	-0.074867
0.040676	0.703000	-0.070258
-0.007427	0.706000	-0.055703
0.005022	0.716000	-0.026363
0.012116	0.691000	-0.055731
-0.009917	0.707000	-0.059501
0.000000	0.700000	-0.062594
0.033043	0.698000	-0.066087
-0.011220	0.711000	-0.046125
0.012151	0.693000	-0.063183
0.022502	0.713000	-0.030003
-0.002500	0.713000	-0.032503
0.025811	0.701000	-0.035644
0.032047	0.703000	-0.076421
0.038047	0.700000	-0.063821
0.020775	0.697000	-0.037884
0.000000	0.704000	-0.070358
0.044247	0.701000	-0.055309
0.029161	0.693000	-0.048602
0.002465	0.703000	-0.077653
0.009777	0.697000	-0.040328
0.023020	0.691000	-0.050885
0.035593	0.700000	-0.067503
-0.012449	0.710000	-0.057264
0.002455	0.700000	-0.067503
0.023020	0.691000	-0.054520
-0.003703	0.704000	-0.066655
0.003661	0.696000	-0.053694
-0.006189	0.706000	-0.066844
0.016024	0.703000	-0.078886
0.019946	0.711000	-0.031166
0.004881	0.696000	-0.063457
0.027866	0.691000	-0.048462
0.009735	0.694000	-0.065708
0.042957	0.700000	-0.051548
0.043141	0.703000	-0.048071
0.029161	0.693000	-0.057108
0.041789	0.701000	-0.060225
0.031774	0.697000	-0.067214
0.026770	0.694000	-0.045022
0.030377	0.693000	-0.052248
0.023086	0.693000	-0.046172
0.038047	0.700000	-0.044184
0.009791	0.698000	-0.073430
0.039162	0.698000	-0.051401
0.012221	0.697000	-0.070880
0.032549	0.714000	-0.028793
0.020567	0.690000	-0.053231
0.025884	0.703000	-0.083816
0.039162	0.698000	-0.058744
0.013616	0.706000	-0.080460
0.031774	0.697000	-0.064770
0.044815	0.710000	-0.044815
-0.008714	0.710000	-0.044815
0.015796	0.693000	-0.047387
0.007290	0.693000	-0.053463
0.034169	0.696000	-0.061016
0.021966	0.696000	-0.070779
0.020567	0.690000	-0.058070
0.030596	0.698000	-0.069758
0.003671	0.698000	-0.045282
0.000000	0.707000	-0.035949
0.041908	0.703000	-0.069025
0.040560	0.701000	-0.065142
0.025664	0.697000	-0.073324
0.012379	0.706000	-0.080460
0.026142	0.710000	-0.033611
0.039892	0.711000	-0.037399
0.026731	0.693000	-0.054678
0.022092	0.700000	-0.077322
0.001227	0.700000	-0.046639
0.007406	0.704000	-0.034562
0.026654	0.691000	-0.052097
0.039275	0.700000	-0.045411
-0.001238	0.706000	-0.073033
0.036715	0.698000	-0.040386
0.001222	0.697000	-0.059882
0.000000	0.701000	-0.040560
-0.002465	0.703000	-0.043141
0.025995	0.706000	-0.034660
0.018147	0.690000	-0.052021
0.023020	0.691000	-0.059366
0.022439	0.711000	-0.032412
0.023686	0.711000	-0.032412
0.025700	0.698000	-0.037939
0.012151	0.693000	-0.043742
0.021871	0.693000	-0.061968
0.025811	0.701000	-0.077432
0.025884	0.703000	-0.080119
-0.008665	0.706000	-0.059417
0.013751	0.713000	-0.030003
0.031592	0.693000	-0.051033
-0.003750	0.713000	-0.032503
0.021808	0.691000	-0.049674
0.001227	0.700000	-0.065049
0.001234	0.704000	-0.072826
0.020567	0.690000	-0.054441
-0.001233	0.703000	-0.041908
0.035288	0.694000	-0.055973
0.004958	0.707000	-0.032230
0.012168	0.694000	-0.065708
-0.007406	0.704000	-0.049374
-0.007427	0.706000	-0.059417
-0.008690	0.708000	-0.047172
-0.003703	0.704000	-0.064186
0.045606	0.703000	-0.059164
0.017084	0.696000	-0.037830
0.035440	0.697000	-0.062326
0.024477	0.698000	-0.074653
0.023086	0.693000	-0.063183
0.032949	0.696000	-0.063457
-0.012519	0.714000	-0.045068
0.043018	0.701000	-0.062683
0.006110	0.697000	-0.068436
-0.009931	0.708000	-0.058344
0.030683	0.700000	-0.036820
-0.012554	0.716000	-0.042683
0.011267	0.714000	-0.027541
0.021997	0.697000	-0.073324
0.020567	0.690000	-0.060490
0.030420	0.694000	-0.059624
0.011141	0.706000	-0.080460
0.024406	0.696000	-0.069558
0.003661	0.696000	-0.052474
0.002511	0.716000	-0.030129
-0.007501	0.713000	-0.041254
0.012203	0.696000	-0.037830
0.008505	0.693000	-0.054678
0.032047	0.703000	-0.075188
0.041729	0.700000	-0.051548
0.020894	0.701000	-0.034414
0.015727	0.690000	-0.058070
0.044247	0.701000	-0.054080
0.034267	0.698000	-0.066087
0.016962	0.691000	-0.053308
0.022629	0.717000	-0.025143
-0.004937	0.704000	-0.060483
0.032367	0.710000	-0.036101
0.039499	0.704000	-0.069123
0.013424	0.696000	-0.039050
0.024231	0.691000	-0.053308
0.015819	0.694000	-0.041372
-0.008665	0.706000	-0.049514
0.013443	0.697000	-0.072102
0.002465	0.703000	-0.071490
0.025443	0.691000	-0.056943
0.038265	0.704000	-0.070358
0.030420	0.694000	-0.047456
0.034513	0.703000	-0.073956
0.021966	0.696000	-0.041491
0.003703	0.704000	-0.075295
0.038754	0.713000	-0.036254
0.023186	0.696000	-0.069558
-0.003687	0.701000	-0.052851
-0.008677	0.707000	-0.058262
0.025516	0.693000	-0.049817
0.035440	0.697000	-0.045217
0.020567	0.690000	-0.055651
0.001222	0.697000	-0.061104
0.018515	0.704000	-0.034562
-0.009931	0.708000	-0.054620
0.006110	0.697000	-0.065992
0.026770	0.694000	-0.064491
0.011141	0.706000	-0.033422
0.009720	0.693000	-0.058323
0.021997	0.697000	-0.039106
-0.006172	0.704000	-0.059249
0.043386	0.707000	-0.045865
0.024231	0.691000	-0.055731
0.026847	0.696000	-0.067118
0.018305	0.696000	-0.039050
0.035440	0.697000	-0.042773
0.028793	0.714000	-0.028793
0.040907	0.707000	-0.042147
0.016320	0.716000	-0.025108
0.018147	0.690000	-0.056861
-0.002476	0.706000	-0.068082
0.004888	0.697000	-0.064770
0.013327	0.691000	-0.060578
0.023086	0.693000	-0.047387
0.007322	0.696000	-0.047592
-0.002455	0.700000	-0.050321
0.017011	0.693000	-0.046172
0.015065	0.716000	-0.026363
0.012151	0.693000	-0.044957
-0.006172	0.704000	-0.055546
0.002444	0.697000	-0.062326
0.007301	0.694000	-0.064491
0.019441	0.693000	-0.064398
0.002465	0.703000	-0.038210
0.010904	0.691000	-0.058155
0.025516	0.693000	-0.048602
0.019806	0.706000	-0.080460
0.009875	0.704000	-0.077764
0.026770	0.694000	-0.060841
0.002458	0.701000	-0.039331
0.019806	0.706000	-0.033422
0.014581	0.693000	-0.047387
-0.008677	0.707000	-0.054543
0.023020	0.691000	-0.056943
0.024301	0.693000	-0.059538
0.009763	0.696000	-0.068338
0.002476	0.706000	-0.034660
0.010904	0.691000	-0.056943
0.023852	0.716000	-0.027619
0.020984	0.704000	-0.080233
0.018147	0.690000	-0.054441
0.001234	0.704000	-0.076529
0.013520	0.701000	-0.076203
0.001224	0.698000	-0.062415
0.010936	0.693000	-0.059538
0.035004	0.713000	-0.035004
0.024231	0.691000	-0.050885
0.032854	0.694000	-0.052323
0.031728	0.696000	-0.061016
0.029456	0.700000	-0.036820
0.036152	0.711000	-0.038645
0.018226	0.693000	-0.063183
0.036662	0.697000	-0.043995
-0.013829	0.717000	-0.044000
0.030420	0.694000	-0.058407
0.007406	0.704000	-0.077764
0.042087	0.706000	-0.044563
0.029456	0.700000	-0.074867
0.002448	0.698000	-0.064863
0.035389	0.696000	-0.059796
0.004867	0.694000	-0.059624
-0.006198	0.707000	-0.069418
0.033280	0.703000	-0.072723
0.024301	0.693000	-0.046172
0.006137	0.700000	-0.071185
0.008505	0.693000	-0.053463
0.027946	0.693000	-0.055893
-0.001227	0.700000	-0.055230
0.015065	0.716000	-0.025108
0.008665	0.706000	-0.033422
