-0.015955	0.700000	0.024547
-0.009777	0.697000	-0.001222
-0.023453	0.704000	-0.027156
-0.036101	0.710000	-0.011204
-0.041601	0.719000	-0.026474
-0.031122	0.710000	-0.029877
0.013925	0.722000	-0.044307
-0.018305	0.696000	0.004881
-0.001229	0.701000	0.012291
-0.031034	0.708000	-0.026069
0.000000	0.700000	-0.004909
-0.032640	0.716000	-0.040172
0.017747	0.723000	-0.038030
0.003714	0.706000	-0.024757
-0.022281	0.706000	-0.032184
0.002465	0.703000	-0.000000
-0.029498	0.701000	0.001229
-0.002455	0.700000	-0.009819
-0.001229	0.701000	0.013520
-0.003698	0.703000	-0.016024
0.012466	0.711000	-0.008726
-0.001252	0.714000	-0.048823
-0.013713	0.711000	-0.046125
0.001234	0.704000	-0.024687
-0.022124	0.701000	0.024582
-0.003735	0.710000	-0.044815
-0.044184	0.720000	-0.023986
-0.005029	0.717000	-0.051543
-0.013616	0.706000	-0.038373
-0.032093	0.704000	-0.001234
0.015065	0.716000	-0.026363
-0.031516	0.719000	-0.046644
0.003724	0.708000	-0.035999
0.013771	0.714000	-0.027541
0.003703	0.704000	-0.000000
-0.032275	0.708000	-0.016138
0.011220	0.711000	-0.012466
-0.006286	0.717000	-0.051543
-0.017723	0.722000	-0.053168
-0.022029	0.698000	0.017134
0.005064	0.722000	-0.053168
0.001229	0.701000	0.007375
-0.017109	0.697000	0.017109
-0.030859	0.704000	0.001234
-0.006110	0.697000	0.006110
-0.034905	0.711000	-0.024932
0.016411	0.720000	-0.036610
0.011204	0.710000	-0.006224
-0.012396	0.707000	-0.039667
-0.025318	0.722000	-0.051902
-0.025700	0.698000	-0.001224
-0.004958	0.707000	-0.039667
-0.035445	0.722000	-0.045573
-0.040172	0.716000	-0.018831
-0.012379	0.706000	-0.037136
0.004937	0.704000	0.006172
-0.036152	0.711000	-0.019946
0.007438	0.707000	0.001240
-0.022408	0.710000	-0.039836
-0.044307	0.722000	-0.032914
0.001234	0.704000	-0.025921
-0.042922	0.720000	-0.023986
-0.029624	0.704000	-0.012343
0.004937	0.704000	-0.000000
0.011220	0.711000	-0.021193
-0.014644	0.696000	0.014644
0.000000	0.701000	0.001229
0.016343	0.717000	-0.026400
0.009973	0.711000	-0.017453
-0.014686	0.698000	-0.008567
0.008788	0.716000	-0.038917
-0.003671	0.698000	0.011014
-0.007322	0.696000	0.014644
-0.001234	0.704000	-0.027156
-0.029498	0.701000	-0.006145
-0.040509	0.722000	-0.041775
-0.029751	0.707000	-0.017354
-0.013462	0.698000	-0.006119
-0.028229	0.700000	0.013501
-0.017109	0.697000	0.002444
0.004937	0.704000	0.009875
0.001234	0.704000	0.014812
0.006189	0.706000	0.007427
-0.024897	0.710000	-0.039836
-0.017084	0.696000	0.004881
-0.012291	0.701000	-0.022124
0.007438	0.707000	-0.000000
-0.033753	0.713000	-0.033753
-0.003671	0.698000	0.003671
0.018857	0.717000	-0.016343
-0.026924	0.698000	0.007343
0.004937	0.704000	0.001234
-0.018410	0.700000	-0.015955
-0.027001	0.700000	-0.007364
0.002465	0.703000	-0.007396
-0.004895	0.698000	-0.000000
0.007427	0.706000	-0.002476
0.001233	0.703000	-0.012326
0.011314	0.717000	-0.037714
0.011220	0.711000	-0.013713
0.006198	0.707000	-0.023553
-0.016047	0.704000	-0.033327
0.018910	0.719000	-0.021431
0.011204	0.710000	-0.007469
-0.026924	0.698000	0.001224
-0.033943	0.717000	-0.038971
0.002469	0.704000	0.011109
-0.019581	0.698000	-0.001224
0.006189	0.706000	-0.017330
-0.031560	0.720000	-0.047971
-0.025700	0.698000	-0.003671
-0.007375	0.701000	-0.017207
-0.015864	0.696000	0.004881
-0.003735	0.710000	-0.042325
-0.038917	0.716000	-0.013809
0.003714	0.706000	-0.030946
-0.015191	0.722000	-0.054434
-0.032230	0.707000	-0.006198
-0.002504	0.714000	-0.048823
-0.001234	0.704000	-0.023453
-0.022281	0.706000	-0.033422
-0.006189	0.706000	-0.037136
-0.028390	0.704000	-0.016047
-0.024792	0.707000	-0.033469
-0.024827	0.708000	-0.035999
-0.027387	0.710000	-0.036101
-0.042922	0.720000	-0.031560
-0.028390	0.704000	-0.014812
-0.038808	0.714000	-0.010015
-0.003756	0.714000	-0.048823
-0.036152	0.711000	-0.014959
-0.026924	0.698000	0.004895
0.001238	0.706000	-0.030946
-0.002500	0.713000	-0.047505
-0.021073	0.707000	-0.034709
-0.020775	0.697000	0.007332
-0.021163	0.710000	-0.039836
-0.032640	0.716000	-0.038917
-0.015910	0.698000	-0.008567
-0.002448	0.698000	0.007343
-0.026032	0.707000	-0.029751
-0.034758	0.708000	-0.008690
-0.024757	0.706000	-0.030946
0.002532	0.722000	-0.053168
-0.012396	0.707000	-0.040907
-0.017084	0.696000	0.007322
-0.039243	0.722000	-0.043041
0.017747	0.723000	-0.039297
-0.002511	0.716000	-0.055237
-0.030171	0.717000	-0.045257
-0.044184	0.720000	-0.013886
-0.007343	0.698000	-0.004895
-0.006119	0.698000	-0.002448
0.008690	0.708000	-0.014896
0.002490	0.710000	-0.041081
-0.017109	0.697000	-0.001222
-0.015978	0.701000	-0.022124
-0.033422	0.706000	-0.001238
-0.018331	0.697000	-0.000000
0.002465	0.703000	0.008628
-0.027001	0.700000	0.018410
0.015002	0.713000	-0.015002
-0.033517	0.708000	-0.008690
0.000000	0.708000	-0.038482
-0.007501	0.713000	-0.047505
-0.007396	0.703000	-0.025884
-0.018331	0.697000	0.003666
0.003703	0.704000	0.001234
0.004937	0.704000	-0.008640
-0.004909	0.700000	-0.008591
0.015002	0.713000	-0.003750
-0.038808	0.714000	-0.016274
0.005043	0.719000	-0.047905
-0.002455	0.700000	0.011046
-0.023419	0.703000	-0.019721
-0.028874	0.716000	-0.045194
-0.014938	0.710000	-0.042325
-0.012501	0.713000	-0.047505
-0.018489	0.703000	-0.023419
0.021461	0.720000	-0.020198
0.007438	0.707000	-0.012396
-0.007343	0.698000	-0.006119
-0.033895	0.716000	-0.037662
0.004937	0.704000	-0.013578
-0.024757	0.706000	-0.028471
-0.024441	0.697000	-0.000000
-0.002490	0.710000	-0.043570
0.004958	0.707000	-0.026032
-0.003671	0.698000	0.004895
0.009959	0.710000	-0.012449
-0.012203	0.696000	-0.001220
0.012624	0.720000	-0.044184
-0.031428	0.717000	-0.042743
0.006198	0.707000	-0.019834
0.001240	0.707000	-0.034709
-0.030946	0.706000	-0.008665
0.008714	0.710000	-0.026142
0.022786	0.722000	-0.022786
-0.013462	0.698000	-0.007343
0.010057	0.717000	-0.041486
-0.003682	0.700000	-0.012273
-0.013424	0.696000	0.017084
-0.013443	0.697000	-0.004888
-0.018331	0.697000	0.018331
-0.033659	0.711000	-0.031166
-0.009819	0.700000	-0.015955
-0.042922	0.720000	-0.006312
-0.024477	0.698000	-0.004895
-0.038917	0.716000	-0.030129
-0.028471	0.706000	-0.019806
-0.021163	0.710000	-0.038591
-0.017183	0.700000	0.025774
-0.006137	0.700000	-0.009819
0.016320	0.716000	-0.022597
0.012466	0.711000	-0.011220
-0.013886	0.720000	-0.054283
-0.026289	0.714000	-0.045068
0.002465	0.703000	-0.009861
-0.033422	0.706000	-0.000000
-0.038808	0.714000	-0.006259
0.003735	0.710000	-0.038591
-0.012203	0.696000	0.001220
-0.013616	0.706000	-0.037136
-0.008628	0.703000	-0.025884
-0.003671	0.698000	0.015910
-0.044184	0.720000	-0.008837
-0.019637	0.700000	-0.003682
-0.025700	0.698000	0.014686
-0.019946	0.711000	-0.042385
-0.006137	0.700000	0.023319
-0.017134	0.698000	0.020805
-0.008542	0.696000	0.004881
-0.007396	0.703000	-0.024652
-0.019637	0.700000	-0.008591
-0.029793	0.708000	-0.029793
0.018936	0.720000	-0.026510
0.002476	0.706000	-0.027233
-0.007332	0.697000	0.004888
-0.018305	0.696000	0.006102
-0.006119	0.698000	-0.004895
-0.037872	0.720000	-0.037872
-0.001234	0.704000	-0.029624
-0.009973	0.711000	-0.046125
-0.022439	0.711000	-0.041138
-0.007343	0.698000	0.018357
-0.011093	0.703000	-0.024652
-0.015887	0.697000	0.018331
-0.023519	0.706000	-0.033422
0.003714	0.706000	-0.029708
-0.006259	0.714000	-0.050075
-0.028995	0.719000	-0.047905
0.001229	0.701000	0.006145
-0.001229	0.701000	-0.006145
-0.041659	0.720000	-0.027773
0.015065	0.716000	-0.031385
0.004979	0.710000	-0.033611
0.004937	0.704000	-0.012343
-0.009763	0.696000	0.015864
0.003703	0.704000	0.003703
0.003703	0.704000	-0.011109
-0.017575	0.716000	-0.047705
-0.031034	0.708000	-0.027310
-0.006102	0.696000	0.007322
0.003750	0.713000	-0.042504
-0.009791	0.698000	-0.008567
0.017747	0.723000	-0.041833
-0.035151	0.716000	-0.035151
-0.042922	0.720000	-0.025248
-0.019862	0.708000	-0.037241
-0.009861	0.703000	-0.024652
-0.020170	0.719000	-0.049165
0.017600	0.717000	-0.025143
-0.019525	0.696000	0.010983
0.020255	0.722000	-0.031648
0.007469	0.710000	-0.027387
-0.027310	0.708000	-0.033517
-0.002476	0.706000	-0.034660
-0.022281	0.706000	-0.030946
0.013925	0.722000	-0.045573
-0.014665	0.697000	-0.003666
0.000000	0.720000	-0.051758
0.012501	0.713000	-0.018752
-0.021699	0.728000	-0.056163
-0.004888	0.697000	0.015887
-0.041659	0.720000	-0.032822
0.012519	0.714000	-0.025038
-0.008800	0.717000	-0.052800
0.008714	0.710000	-0.024897
-0.011014	0.698000	-0.011014
0.008690	0.708000	-0.001241
-0.028511	0.707000	-0.028511
-0.017084	0.696000	0.010983
-0.013424	0.696000	-0.000000
-0.007343	0.698000	0.019581
-0.025774	0.700000	0.019637
-0.008542	0.696000	0.014644
-0.040341	0.719000	-0.034037
-0.004909	0.700000	-0.012273
-0.010043	0.716000	-0.051471
-0.001227	0.700000	-0.002455
-0.003703	0.704000	-0.024687
0.002465	0.703000	0.007396
0.018857	0.717000	-0.013829
-0.031385	0.716000	-0.041428
0.010085	0.719000	-0.045383
0.004951	0.706000	-0.023519
0.013771	0.714000	-0.011267
0.002469	0.704000	-0.012343
-0.008604	0.701000	-0.028269
0.000000	0.704000	-0.016047
0.003724	0.708000	-0.034758
-0.018357	0.698000	-0.004895
-0.030859	0.704000	-0.006172
-0.008542	0.696000	0.013424
-0.002469	0.704000	-0.023453
-0.016525	0.725000	-0.057202
-0.002455	0.700000	-0.007364
0.006198	0.707000	-0.024792
0.000000	0.704000	-0.023453
0.021550	0.723000	-0.031691
-0.002483	0.708000	-0.039724
0.003798	0.722000	-0.053168
0.013751	0.713000	-0.016252
0.008726	0.711000	-0.033659
0.004937	0.704000	0.003703
-0.025700	0.698000	0.012238
-0.007511	0.714000	-0.048823
0.015128	0.719000	-0.034037
-0.007543	0.717000	-0.054057
-0.004895	0.698000	0.019581
-0.024477	0.698000	0.014686
0.002476	0.706000	-0.028471
0.015149	0.720000	-0.036610
-0.006163	0.703000	-0.025884
-0.034660	0.706000	0.004951
-0.014644	0.696000	0.001220
-0.041486	0.717000	-0.012571
-0.012273	0.700000	-0.019637
-0.023253	0.698000	0.017134
0.009931	0.708000	-0.007448
-0.037504	0.713000	-0.023752
0.006172	0.704000	-0.006172
-0.007511	0.714000	-0.050075
0.008690	0.708000	-0.002483
-0.030859	0.704000	0.008640
-0.032367	0.710000	-0.026142
-0.015955	0.700000	0.023319
-0.012273	0.700000	-0.015955
0.012466	0.711000	-0.009973
-0.010127	0.722000	-0.056966
-0.013443	0.697000	-0.003666
-0.012343	0.704000	-0.033327
-0.015864	0.696000	0.015864
-0.025700	0.698000	0.013462
0.000000	0.701000	-0.007375
-0.008788	0.716000	-0.051471
0.010001	0.713000	-0.032503
-0.022029	0.698000	0.015910
-0.027619	0.716000	-0.046449
-0.025774	0.700000	0.018410
0.005029	0.717000	-0.046514
-0.024547	0.700000	0.019637
-0.002455	0.700000	0.003682
-0.023419	0.703000	-0.022187
-0.014728	0.700000	-0.019637
-0.009833	0.701000	-0.030727
-0.006286	0.717000	-0.054057
0.009931	0.708000	-0.001241
-0.020865	0.700000	-0.003682
-0.034856	0.710000	-0.007469
-0.002448	0.698000	0.008567
-0.012326	0.703000	-0.030815
0.003782	0.719000	-0.047905
-0.008542	0.696000	0.007322
-0.040509	0.722000	-0.040509
0.006286	0.717000	-0.044000
-0.034758	0.708000	-0.009931
-0.004909	0.700000	-0.007364
-0.019525	0.696000	0.012203
-0.028229	0.700000	0.002455
-0.004888	0.697000	0.017109
-0.011014	0.698000	-0.012238
-0.004909	0.700000	0.022092
0.000000	0.703000	0.012326
-0.036254	0.713000	-0.025003
-0.040172	0.716000	-0.006277
0.011220	0.711000	-0.022439
0.007532	0.716000	-0.040172
0.016480	0.723000	-0.041833
0.016320	0.716000	-0.017575
-0.013944	0.723000	-0.057045
-0.041601	0.719000	-0.034037
0.002476	0.706000	-0.032184
-0.006163	0.703000	-0.018489
-0.014791	0.703000	-0.027117
-0.011109	0.704000	-0.033327
-0.041486	0.717000	-0.013829
0.007438	0.707000	-0.019834
0.003735	0.710000	-0.037346
-0.002476	0.706000	-0.033422
-0.003682	0.700000	-0.001227
0.008751	0.713000	-0.035004
-0.003687	0.701000	0.023353
-0.013694	0.710000	-0.043570
-0.003719	0.707000	-0.038428
0.007574	0.720000	-0.051758
0.000000	0.720000	-0.050496
0.000000	0.714000	-0.047571
-0.017256	0.703000	-0.024652
0.002465	0.703000	-0.002465
-0.001250	0.713000	-0.047505
0.004937	0.704000	-0.011109
-0.006224	0.710000	-0.043570
-0.014854	0.706000	-0.038373
-0.015955	0.700000	0.025774
-0.033611	0.710000	-0.023652
-0.030859	0.704000	0.007406
0.012501	0.713000	-0.017502
-0.015887	0.697000	-0.004888
-0.010951	0.694000	0.008518
0.011220	0.711000	-0.016206
0.006172	0.704000	-0.007406
0.019015	0.723000	-0.038030
-0.010983	0.696000	0.004881
0.002476	0.706000	-0.030946
-0.024932	0.711000	-0.042385
-0.009791	0.698000	-0.003671
0.007427	0.706000	0.002476
0.012606	0.719000	-0.040341
-0.019862	0.708000	-0.038482
-0.012764	0.728000	-0.058716
-0.022187	0.703000	-0.023419
-0.023253	0.698000	-0.004895
-0.029793	0.708000	-0.027310
-0.015955	0.700000	-0.018410
0.004958	0.707000	-0.029751
-0.009763	0.696000	0.013424
0.012659	0.722000	-0.046839
0.005008	0.714000	-0.041312
0.002465	0.703000	0.004930
0.011204	0.710000	-0.001245
-0.011093	0.703000	-0.029582
0.007543	0.717000	-0.044000
-0.015212	0.723000	-0.055777
-0.035004	0.713000	-0.028753
-0.022092	0.700000	0.019637
-0.021610	0.725000	-0.054660
-0.016320	0.716000	-0.048960
-0.005029	0.717000	-0.055314
0.004937	0.704000	0.007406
-0.011046	0.700000	0.025774
-0.044123	0.719000	-0.021431
-0.023319	0.700000	0.022092
-0.033517	0.708000	-0.014896
-0.002469	0.704000	-0.018515
0.011220	0.711000	-0.017453
-0.011014	0.698000	0.020805
-0.011393	0.722000	-0.056966
-0.013462	0.698000	-0.011014
-0.028229	0.700000	0.015955
0.001238	0.706000	-0.032184
-0.021461	0.720000	-0.050496
-0.032230	0.707000	0.009917
-0.010983	0.696000	0.003661
-0.029582	0.703000	-0.009861
-0.038971	0.717000	-0.032686
-0.037399	0.711000	-0.009973
-0.014749	0.701000	-0.022124
-0.019750	0.704000	-0.027156
0.007574	0.720000	-0.049234
-0.013443	0.697000	-0.002444
-0.038808	0.714000	-0.007511
0.000000	0.704000	-0.019750
0.001234	0.704000	0.013578
0.016343	0.717000	-0.030171
-0.001227	0.700000	0.011046
-0.036254	0.713000	0.006251
-0.026474	0.719000	-0.049165
-0.034085	0.720000	-0.044184
-0.014602	0.694000	0.009735
-0.033895	0.716000	-0.036406
-0.016274	0.714000	-0.047571
-0.022124	0.701000	-0.008604
0.003714	0.706000	-0.025995
-0.003698	0.703000	-0.023419
-0.029582	0.703000	0.016024
-0.007480	0.711000	-0.046125
-0.008567	0.698000	-0.006119
-0.007332	0.697000	-0.001222
0.000000	0.704000	-0.032093
-0.023319	0.700000	-0.011046
-0.020775	0.697000	0.003666
-0.031516	0.719000	-0.044123
-0.031034	0.708000	-0.019862
0.011346	0.719000	-0.041601
0.016320	0.716000	-0.018831
-0.007322	0.696000	0.013424
-0.033517	0.708000	-0.009931
0.002469	0.704000	-0.022218
-0.007543	0.717000	-0.056571
