-0.031592	0.693000	-0.066828
0.027619	0.716000	-0.052726
-0.025406	0.690000	-0.025406
0.001220	0.696000	-0.034169
-0.043553	0.690000	-0.058070
-0.002458	0.701000	-0.019665
-0.015978	0.701000	-0.065142
-0.038265	0.704000	-0.007406
-0.050591	0.687000	-0.051795
-0.059280	0.690000	-0.032665
-0.023020	0.691000	-0.056943
-0.064212	0.691000	-0.060578
-0.031592	0.693000	-0.019441
-0.009959	0.710000	-0.001245
0.001227	0.700000	-0.025774
-0.049314	0.686000	-0.048111
-0.032570	0.688000	-0.055489
-0.033923	0.691000	-0.060578
0.027271	0.707000	-0.032230
0.019806	0.706000	-0.022281
0.026069	0.708000	-0.023586
0.004888	0.697000	-0.037884
-0.052097	0.691000	-0.058155
0.018910	0.719000	0.005043
0.022281	0.706000	-0.024757
0.007532	0.716000	0.002511
-0.049817	0.693000	-0.061968
0.011141	0.706000	-0.013616
-0.003714	0.706000	-0.011141
0.041659	0.720000	-0.011362
-0.007511	0.714000	0.002504
0.012624	0.720000	0.007574
0.013867	0.719000	0.006303
0.036762	0.723000	0.002535
0.033801	0.714000	-0.013771
-0.012151	0.693000	-0.034022
-0.007343	0.698000	-0.061191
0.022692	0.719000	0.003782
0.007406	0.704000	-0.013578
0.024827	0.708000	-0.019862
-0.007322	0.696000	-0.054914
-0.003671	0.698000	-0.025700
-0.037714	0.717000	0.002514
-0.040004	0.713000	-0.002500
-0.055893	0.693000	-0.021871
-0.008518	0.694000	-0.049889
0.033753	0.713000	-0.017502
0.042122	0.728000	-0.000000
-0.028471	0.706000	-0.003714
0.012273	0.700000	-0.041729
-0.007301	0.694000	-0.027987
-0.034881	0.686000	-0.037286
-0.021371	0.717000	0.002514
-0.041491	0.696000	-0.017084
0.021044	0.706000	-0.024757
0.031428	0.717000	-0.003771
-0.052579	0.714000	-0.008763
0.001266	0.722000	0.012659
0.001227	0.700000	-0.052775
-0.025295	0.687000	-0.048182
0.018594	0.707000	-0.014875
-0.062057	0.694000	-0.030420
-0.027704	0.687000	-0.030113
-0.025295	0.687000	-0.038545
-0.014728	0.700000	-0.015955
-0.036452	0.693000	-0.063183
0.043339	0.727000	-0.003824
-0.069123	0.704000	-0.022218
-0.048618	0.711000	-0.007480
0.027310	0.708000	-0.040965
-0.016962	0.691000	-0.031500
-0.007448	0.708000	-0.006207
0.051057	0.728000	-0.022976
-0.046372	0.696000	-0.015864
-0.040328	0.697000	-0.013443
-0.032230	0.707000	-0.003719
-0.037667	0.693000	-0.065613
0.042122	0.728000	0.003829
-0.039106	0.697000	-0.013443
-0.053540	0.694000	-0.062057
-0.028909	0.687000	-0.050591
-0.073033	0.706000	-0.034660
-0.048673	0.694000	-0.063274
0.021342	0.716000	-0.000000
0.002511	0.716000	0.003766
-0.009763	0.696000	-0.056135
-0.055651	0.690000	-0.027825
0.011141	0.706000	-0.053228
0.019862	0.708000	-0.013655
-0.065424	0.691000	-0.048462
0.056626	0.734000	-0.015443
0.008567	0.698000	-0.035491
-0.041193	0.691000	-0.060578
-0.008555	0.697000	-0.058660
0.041659	0.720000	-0.012624
-0.018699	0.711000	-0.001247
-0.038377	0.684000	-0.040776
0.001229	0.701000	-0.056538
0.046903	0.723000	-0.013944
-0.044373	0.684000	-0.046772
-0.007375	0.701000	-0.018436
-0.014644	0.696000	-0.023186
0.024827	0.708000	-0.017379
0.022534	0.714000	-0.003756
0.048637	0.730000	-0.031998
-0.022886	0.687000	-0.044568
-0.059366	0.691000	-0.058155
-0.002434	0.694000	-0.040155
-0.026510	0.720000	0.006312
-0.011141	0.706000	-0.007427
0.011409	0.723000	0.010141
-0.010085	0.719000	0.006303
0.034179	0.722000	-0.000000
0.043041	0.722000	-0.012659
-0.020283	0.723000	0.008874
-0.040097	0.693000	-0.061968
0.001227	0.700000	-0.020865
-0.054520	0.691000	-0.023020
-0.008640	0.704000	-0.014812
0.038971	0.717000	-0.016343
-0.053000	0.687000	-0.028909
0.033801	0.714000	-0.023786
-0.005085	0.725000	0.012712
0.025599	0.730000	0.011519
0.041659	0.720000	-0.021461
0.008591	0.700000	-0.047866
0.001234	0.704000	-0.012343
-0.037286	0.686000	-0.032475
-0.023186	0.696000	-0.015864
-0.038489	0.686000	-0.044503
-0.043805	0.694000	-0.018252
0.023786	0.714000	-0.002504
0.018568	0.706000	-0.049514
0.032042	0.731000	0.011535
-0.022344	0.708000	-0.002483
0.012414	0.708000	-0.007448
-0.044436	0.704000	-0.008640
-0.013327	0.691000	-0.043616
-0.046909	0.686000	-0.031272
0.038971	0.717000	-0.010057
-0.038047	0.700000	-0.009819
-0.028909	0.687000	-0.027704
-0.031500	0.691000	-0.058155
0.004937	0.704000	-0.016047
-0.060315	0.688000	-0.048252
-0.021808	0.691000	-0.026654
0.022629	0.717000	0.001257
-0.012151	0.693000	-0.035237
-0.022986	0.690000	-0.025406
-0.006084	0.694000	-0.047456
-0.004895	0.698000	-0.057520
-0.027866	0.691000	-0.023020
-0.050812	0.690000	-0.056861
0.009833	0.701000	-0.049163
0.049917	0.730000	-0.028159
-0.042220	0.688000	-0.055489
-0.051720	0.686000	-0.049314
0.000000	0.711000	-0.000000
0.037872	0.720000	-0.035347
0.035200	0.717000	-0.030171
-0.001217	0.694000	-0.038938
0.017330	0.706000	-0.021044
-0.065424	0.691000	-0.046039
0.031253	0.713000	-0.040004
-0.062236	0.696000	-0.026847
-0.004986	0.711000	-0.001247
-0.049602	0.690000	-0.055651
-0.064677	0.696000	-0.032949
-0.066087	0.698000	-0.031819
-0.032712	0.691000	-0.060578
0.016662	0.731000	0.014099
0.040677	0.725000	-0.001271
0.037714	0.717000	-0.017600
0.040509	0.722000	-0.036711
0.002458	0.701000	-0.019665
0.035838	0.730000	0.010239
0.039515	0.727000	0.003824
0.008567	0.698000	-0.037939
-0.047729	0.698000	-0.067310
0.016047	0.704000	-0.018515
-0.052923	0.686000	-0.042098
-0.053540	0.694000	-0.064491
0.004930	0.703000	-0.056699
-0.007438	0.707000	-0.009917
-0.057818	0.687000	-0.033727
0.030045	0.714000	-0.043816
0.008591	0.700000	-0.027001
0.017330	0.706000	-0.022281
-0.039576	0.684000	-0.039576
0.027966	0.725000	0.006356
-0.063001	0.691000	-0.037558
0.043041	0.722000	-0.018989
0.006189	0.706000	-0.007427
-0.043141	0.703000	-0.008628
-0.059108	0.688000	-0.036189
-0.029077	0.691000	-0.021808
-0.024301	0.693000	-0.021871
0.018936	0.720000	0.006312
0.011046	0.700000	-0.030683
0.039406	0.725000	-0.000000
-0.029035	0.690000	-0.055651
-0.008505	0.693000	-0.031592
-0.036452	0.693000	-0.061968
0.023652	0.710000	-0.014938
0.013616	0.706000	-0.016092
-0.033776	0.688000	-0.025332
0.021759	0.730000	0.012799
0.002444	0.697000	-0.031774
-0.047182	0.690000	-0.024196
-0.060578	0.691000	-0.032712
0.000000	0.700000	-0.022092
-0.036084	0.686000	-0.031272
0.033895	0.716000	-0.028874
-0.026500	0.687000	-0.033727
-0.011109	0.704000	-0.013578
-0.035999	0.708000	-0.003724
-0.035237	0.693000	-0.019441
-0.045706	0.686000	-0.049314
0.017453	0.711000	-0.004986
-0.023020	0.691000	-0.023020
-0.010141	0.723000	0.010141
-0.013809	0.716000	0.002511
0.033801	0.714000	-0.016274
0.002455	0.700000	-0.024547
-0.062594	0.700000	-0.020865
-0.065424	0.691000	-0.053308
-0.012151	0.693000	-0.040097
0.027310	0.708000	-0.028551
0.002455	0.700000	-0.054003
-0.015727	0.690000	-0.044763
-0.030377	0.693000	-0.064398
0.040846	0.728000	0.003829
0.029877	0.710000	-0.024897
-0.030171	0.717000	0.002514
-0.008690	0.708000	-0.004965
-0.039162	0.698000	-0.012238
0.011362	0.720000	0.007574
-0.031911	0.700000	-0.009819
0.002444	0.697000	-0.037884
-0.033280	0.703000	-0.007396
0.023553	0.707000	-0.021073
0.004951	0.706000	-0.011141
0.016115	0.707000	-0.011156
0.053978	0.733000	-0.011567
-0.017428	0.710000	-0.002490
-0.003698	0.703000	-0.018489
-0.033727	0.687000	-0.028909
-0.042098	0.686000	-0.034881
0.021044	0.706000	-0.028471
0.006110	0.697000	-0.043995
0.025108	0.716000	-0.002511
-0.036820	0.700000	-0.009819
-0.021871	0.693000	-0.023086
0.048504	0.728000	-0.026805
0.036406	0.716000	-0.011298
-0.040733	0.704000	-0.007406
-0.001220	0.696000	-0.045152
0.011488	0.728000	0.014041
0.002444	0.697000	-0.035440
-0.058575	0.696000	-0.021966
-0.055973	0.694000	-0.062057
0.001238	0.706000	-0.008665
-0.001238	0.706000	-0.012379
-0.008567	0.698000	-0.062415
-0.063821	0.700000	-0.022092
-0.066635	0.691000	-0.055731
-0.001250	0.713000	0.001250
-0.035491	0.698000	-0.011014
-0.001233	0.703000	-0.018489
-0.042098	0.686000	-0.038489
0.003687	0.701000	-0.020894
-0.042527	0.693000	-0.061968
0.027310	0.708000	-0.026069
0.022944	0.727000	0.008923
0.038240	0.727000	0.003824
0.040565	0.723000	-0.044368
-0.019357	0.690000	-0.041133
0.044307	0.722000	-0.018989
0.009791	0.698000	-0.036715
0.025995	0.706000	-0.035898
-0.018857	0.717000	0.003771
0.006207	0.708000	-0.003724
0.012571	0.717000	0.005029
0.052549	0.731000	-0.029479
-0.007438	0.707000	-0.007438
0.030256	0.719000	-0.000000
-0.027001	0.700000	-0.011046
0.023886	0.717000	0.001257
0.020984	0.704000	-0.034562
-0.010936	0.693000	-0.040097
0.019834	0.707000	-0.016115
0.033895	0.716000	-0.027619
0.023519	0.706000	-0.034660
-0.009931	0.708000	-0.004965
0.027541	0.714000	-0.007511
-0.015023	0.714000	0.001252
0.059361	0.736000	-0.018066
0.041659	0.720000	-0.018936
0.006330	0.722000	0.008861
-0.057190	0.694000	-0.021903
-0.035288	0.694000	-0.017035
-0.013559	0.703000	-0.013559
-0.068731	0.700000	-0.030683
0.006338	0.723000	0.011409
-0.034267	0.698000	-0.011014
0.027773	0.720000	0.002525
0.006119	0.698000	-0.047729
-0.002444	0.697000	-0.029330
0.019862	0.708000	-0.050896
-0.030113	0.687000	-0.045773
-0.020596	0.691000	-0.052097
-0.014665	0.697000	-0.021997
-0.009917	0.707000	-0.008677
-0.020656	0.693000	-0.025516
0.039080	0.719000	-0.008825
-0.020567	0.690000	-0.045972
-0.003671	0.698000	-0.055072
-0.040965	0.708000	-0.006207
-0.071795	0.706000	-0.027233
-0.017379	0.708000	-0.003724
-0.004888	0.697000	-0.026886
0.049781	0.728000	-0.024252
0.017330	0.706000	-0.019806
-0.033727	0.687000	-0.050591
-0.042098	0.686000	-0.050517
-0.020805	0.698000	-0.064863
-0.071795	0.706000	-0.030946
-0.014602	0.694000	-0.025553
-0.051720	0.686000	-0.045706
0.004986	0.711000	-0.001247
0.021103	0.708000	-0.013655
0.003682	0.700000	-0.050321
0.058070	0.736000	-0.021938
0.001255	0.716000	0.003766
0.009917	0.707000	-0.006198
0.015149	0.720000	0.007574
-0.012168	0.694000	-0.025553
0.001252	0.714000	0.002504
-0.012379	0.706000	-0.007427
0.014812	0.704000	-0.020984
-0.006110	0.697000	-0.023219
0.022281	0.706000	-0.023519
0.033324	0.731000	0.010253
-0.036254	0.713000	-0.001250
-0.031272	0.686000	-0.034881
-0.004867	0.694000	-0.037721
0.032549	0.714000	-0.010015
-0.061700	0.690000	-0.052021
-0.011109	0.704000	-0.011109
0.023039	0.730000	0.012799
0.057913	0.734000	-0.027026
0.020479	0.730000	0.012799
0.001220	0.696000	-0.041491
0.027026	0.734000	-0.055339
0.029035	0.720000	0.002525
-0.055489	0.688000	-0.053077
-0.031166	0.711000	-0.000000
0.030045	0.714000	-0.007511
-0.068731	0.700000	-0.036820
0.000000	0.722000	0.008861
0.008665	0.706000	-0.055703
0.043220	0.725000	-0.005085
-0.018173	0.691000	-0.029077
-0.024231	0.691000	-0.056943
0.027310	0.708000	-0.039724
-0.048111	0.686000	-0.031272
-0.031364	0.688000	-0.026538
0.036457	0.717000	-0.033943
0.009861	0.703000	-0.023419
0.051197	0.730000	-0.031998
0.049917	0.730000	-0.029438
0.018489	0.703000	-0.039443
0.056626	0.734000	-0.025739
-0.013462	0.698000	-0.019581
0.002476	0.706000	-0.009903
-0.050517	0.686000	-0.045706
-0.044373	0.684000	-0.047971
-0.029077	0.691000	-0.060578
0.021044	0.706000	-0.047038
-0.013713	0.711000	-0.000000
-0.040776	0.684000	-0.039576
-0.034022	0.693000	-0.019441
-0.019862	0.708000	-0.003724
-0.057818	0.687000	-0.036136
0.000000	0.704000	-0.012343
-0.060753	0.693000	-0.029161
0.053978	0.733000	-0.010282
0.007364	0.700000	-0.024547
0.014041	0.728000	0.012764
-0.054080	0.701000	-0.014749
0.047228	0.728000	-0.003829
-0.008542	0.696000	-0.054914
-0.071592	0.704000	-0.045671
0.012414	0.708000	-0.008690
-0.023086	0.693000	-0.058323
0.027426	0.711000	-0.044878
0.052549	0.731000	-0.006408
0.022408	0.710000	-0.051040
0.011062	0.701000	-0.028269
0.022281	0.706000	-0.032184
-0.053540	0.694000	-0.018252
-0.006084	0.694000	-0.042588
0.001262	0.720000	0.007574
-0.038489	0.686000	-0.048111
-0.030070	0.686000	-0.040895
0.019946	0.711000	-0.007480
0.017256	0.703000	-0.041908
-0.027734	0.719000	0.003782
0.003714	0.706000	-0.009903
0.013559	0.703000	-0.048071
-0.062326	0.697000	-0.024441
-0.059882	0.697000	-0.020775
0.053978	0.733000	-0.020563
-0.032475	0.686000	-0.034881
0.026363	0.716000	-0.051471
-0.012151	0.693000	-0.048602
-0.019015	0.723000	0.006338
-0.012659	0.722000	0.007595
-0.020745	0.696000	-0.018305
-0.052248	0.693000	-0.020656
-0.067310	0.698000	-0.029372
0.028551	0.708000	-0.031034
0.017330	0.706000	-0.018568
0.009819	0.700000	-0.031911
0.002448	0.698000	-0.026924
0.039297	0.723000	-0.040565
-0.065606	0.706000	-0.017330
-0.025700	0.698000	-0.067310
-0.042743	0.717000	0.002514
-0.056613	0.687000	-0.034932
0.026142	0.710000	-0.043570
0.024827	0.708000	-0.018620
-0.001217	0.694000	-0.041372
-0.004895	0.698000	-0.024477
-0.006119	0.698000	-0.059968
-0.005001	0.713000	0.001250
0.011046	0.700000	-0.036820
0.041659	0.720000	-0.008837
-0.002434	0.694000	-0.041372
-0.028909	0.687000	-0.033727
-0.023186	0.696000	-0.017084
0.040341	0.719000	-0.018910
0.004895	0.698000	-0.047729
-0.032475	0.686000	-0.038489
0.011141	0.706000	-0.014854
-0.013655	0.708000	-0.003724
-0.023886	0.717000	0.003771
0.034037	0.719000	-0.002521
-0.008518	0.694000	-0.029204
-0.039443	0.703000	-0.008628
-0.025295	0.687000	-0.037341
0.040397	0.720000	-0.021461
-0.022408	0.710000	-0.001245
0.010169	0.725000	0.011440
0.043041	0.722000	-0.016457
0.016092	0.706000	-0.017330
0.009819	0.700000	-0.034365
-0.048602	0.693000	-0.061968
0.037977	0.722000	-0.043041
0.003671	0.698000	-0.026924
0.023886	0.717000	-0.000000
-0.044503	0.686000	-0.033678
-0.070258	0.703000	-0.038210
0.036610	0.720000	-0.040397
0.013520	0.701000	-0.034414
-0.038645	0.711000	-0.002493
-0.051795	0.687000	-0.031318
-0.053463	0.693000	-0.060753
-0.042404	0.691000	-0.021808
-0.034562	0.704000	-0.006172
0.049781	0.728000	-0.001276
0.006145	0.701000	-0.022124
-0.020507	0.688000	-0.043427
-0.024091	0.687000	-0.039750
-0.057506	0.713000	-0.011251
-0.009735	0.694000	-0.054757
0.018699	0.711000	-0.006233
-0.036136	0.687000	-0.028909
-0.036136	0.687000	-0.026500
-0.068731	0.700000	-0.040502
-0.044827	0.691000	-0.020596
-0.032523	0.687000	-0.053000
0.051197	0.730000	-0.030718
-0.060315	0.688000	-0.039808
-0.002458	0.701000	-0.060225
-0.026500	0.687000	-0.031318
0.047358	0.730000	-0.001280
0.014791	0.703000	-0.025884
-0.036457	0.717000	0.002514
-0.059968	0.698000	-0.018357
-0.049386	0.687000	-0.030113
0.007532	0.716000	0.003766
-0.032640	0.716000	0.002511
-0.033659	0.711000	-0.001247
0.007343	0.698000	-0.036715
-0.020255	0.722000	0.005064
0.016183	0.710000	-0.007469
-0.018305	0.696000	-0.020745
-0.041372	0.694000	-0.066925
0.021759	0.730000	0.011519
