0.009931	0.708000	-0.040965
-0.004790	0.683000	-0.005988
0.008370	0.682000	0.007175
-0.001178	0.672000	0.038882
-0.043427	0.688000	0.016888
0.000000	0.691000	-0.019385
-0.004888	0.697000	-0.032996
-0.002479	0.707000	-0.058262
-0.016544	0.674000	0.014181
-0.020119	0.675000	0.015386
0.001245	0.710000	-0.046060
0.007322	0.696000	-0.023186
-0.030771	0.675000	0.022486
0.001183	0.675000	0.018936
0.007501	0.713000	-0.053755
-0.030157	0.688000	-0.007238
0.001178	0.672000	0.024743
0.005961	0.680000	0.009538
-0.024964	0.678000	0.011888
-0.033334	0.679000	0.017858
-0.009454	0.674000	0.014181
-0.016594	0.676000	0.010667
-0.035389	0.696000	-0.015864
-0.022387	0.672000	0.023565
-0.044247	0.701000	-0.001229
-0.009412	0.671000	0.020000
-0.011782	0.672000	0.016495
-0.024652	0.703000	-0.046839
-0.008518	0.694000	-0.031637
-0.024056	0.686000	-0.006014
0.018436	0.701000	-0.023353
-0.007290	0.693000	-0.029161
-0.004713	0.672000	0.018852
-0.002353	0.671000	0.022353
-0.036743	0.676000	0.033187
-0.009566	0.682000	-0.002392
-0.015499	0.680000	-0.000000
0.015796	0.693000	0.003645
0.008628	0.703000	-0.034513
0.002490	0.710000	-0.049795
-0.002363	0.674000	0.017726
0.007112	0.676000	0.045040
0.009510	0.678000	0.033285
-0.012063	0.688000	-0.018094
-0.028867	0.686000	-0.004811
-0.007154	0.680000	-0.000000
-0.001229	0.701000	-0.038102
-0.017674	0.672000	0.020030
-0.008677	0.707000	-0.059501
-0.017726	0.674000	0.016544
0.015796	0.693000	0.009720
-0.009398	0.670000	0.032893
0.001210	0.690000	-0.016937
0.013694	0.710000	-0.041081
-0.017779	0.676000	0.011853
0.019665	0.701000	-0.022124
0.007112	0.676000	0.030817
-0.024743	0.672000	0.038882
0.012028	0.686000	0.015636
-0.017011	0.693000	-0.030377
-0.009594	0.684000	-0.010794
0.004839	0.690000	-0.014518
-0.025516	0.693000	-0.026731
0.000000	0.714000	-0.063846
-0.035926	0.683000	0.011975
-0.026346	0.683000	0.001198
0.010699	0.678000	0.030908
-0.021335	0.676000	0.016594
0.008334	0.679000	0.011905
-0.015226	0.668000	0.037479
-0.001247	0.711000	-0.062331
-0.021776	0.690000	-0.018147
0.012379	0.706000	-0.021044
-0.015727	0.690000	-0.021776
-0.036852	0.678000	0.040418
-0.001196	0.682000	-0.000000
-0.030953	0.679000	0.014286
-0.007427	0.706000	-0.060655
-0.007059	0.671000	0.030589
-0.003529	0.671000	0.040001
0.017183	0.700000	-0.013501
-0.030377	0.693000	-0.023086
-0.031955	0.675000	0.043789
-0.040537	0.680000	0.028614
-0.039287	0.679000	0.025001
-0.040477	0.679000	0.035715
-0.033776	0.688000	-0.000000
-0.005909	0.674000	0.016544
-0.001176	0.671000	0.034118
-0.002409	0.687000	-0.015659
0.013115	0.680000	0.039345
-0.033138	0.675000	0.030771
-0.024743	0.672000	0.028278
-0.014181	0.674000	0.016544
-0.029807	0.680000	0.007154
0.018252	0.694000	0.004867
0.001178	0.672000	0.038882
0.012466	0.711000	-0.037399
0.017134	0.698000	-0.006119
-0.008395	0.684000	-0.008395
-0.028867	0.686000	-0.003608
-0.025883	0.671000	0.034118
0.019469	0.694000	0.004867
0.018410	0.700000	-0.013501
-0.026731	0.693000	-0.024301
-0.004706	0.671000	0.042354
-0.023530	0.671000	0.036471
0.004797	0.684000	0.001199
-0.018824	0.671000	0.040001
0.000000	0.694000	-0.024336
-0.032333	0.683000	0.005988
0.017183	0.700000	-0.015955
-0.036136	0.687000	0.007227
0.002420	0.690000	-0.014518
0.009917	0.707000	-0.037188
-0.007301	0.694000	-0.030420
-0.019048	0.679000	0.005953
0.008321	0.678000	0.032097
-0.012941	0.671000	0.023530
-0.021208	0.672000	0.021208
-0.004895	0.698000	-0.046505
-0.015454	0.678000	0.005944
-0.036743	0.676000	0.035558
-0.011046	0.700000	-0.047866
-0.041729	0.680000	0.026230
-0.015796	0.693000	-0.030377
-0.024743	0.672000	0.032991
-0.027059	0.671000	0.029412
-0.001178	0.672000	0.048308
-0.015727	0.690000	-0.022986
-0.021044	0.706000	-0.054466
0.017183	0.700000	-0.027001
-0.017858	0.679000	0.003572
-0.023565	0.672000	0.024743
-0.009398	0.670000	0.030543
0.007301	0.694000	-0.021903
0.002356	0.672000	0.036525
0.007364	0.700000	-0.033138
-0.001205	0.687000	-0.012045
0.009580	0.683000	0.009580
-0.033776	0.688000	-0.001206
-0.036852	0.678000	0.024964
-0.024706	0.671000	0.030589
-0.012922	0.670000	0.037591
0.004783	0.682000	0.004783
-0.015591	0.684000	-0.008395
-0.038040	0.678000	0.042795
-0.009398	0.670000	0.031718
-0.036347	0.691000	-0.002423
-0.007048	0.670000	0.025844
0.000000	0.671000	0.030589
-0.010604	0.672000	0.018852
0.019918	0.710000	-0.038591
-0.014686	0.698000	-0.042834
-0.002423	0.691000	-0.021808
-0.013443	0.697000	-0.040328
-0.004951	0.706000	-0.055703
-0.020686	0.694000	-0.029204
0.003608	0.686000	-0.006014
-0.016495	0.672000	0.021208
-0.001222	0.697000	-0.030552
0.002490	0.710000	-0.054774
-0.011975	0.683000	-0.005988
0.006233	0.711000	-0.047372
0.004909	0.700000	-0.030683
0.020865	0.700000	-0.018410
-0.004741	0.676000	0.007112
-0.007511	0.714000	-0.063846
0.011204	0.710000	-0.037346
-0.018568	0.706000	-0.053228
-0.004846	0.691000	-0.024231
-0.021177	0.671000	0.034118
-0.020954	0.703000	-0.048071
-0.022753	0.683000	-0.000000
-0.035440	0.697000	-0.017109
-0.002493	0.711000	-0.049865
-0.033138	0.675000	0.033138
0.007112	0.676000	0.043854
0.002371	0.676000	0.016594
-0.039287	0.679000	0.040477
-0.007048	0.670000	0.027019
-0.023086	0.693000	-0.025516
0.017011	0.693000	0.010936
0.017281	0.704000	-0.024687
-0.020269	0.680000	0.002385
-0.015750	0.691000	-0.024231
-0.013501	0.700000	-0.044184
-0.012028	0.686000	-0.014433
-0.019020	0.678000	0.010699
0.009524	0.679000	0.048811
-0.002479	0.707000	-0.055782
-0.009791	0.698000	-0.044058
0.014581	0.693000	0.002430
-0.016962	0.691000	-0.032712
-0.016092	0.706000	-0.055703
-0.001198	0.683000	-0.002395
-0.018824	0.671000	0.025883
-0.031090	0.682000	0.007175
0.006049	0.690000	-0.013308
-0.025001	0.679000	0.007143
-0.025516	0.693000	-0.027946
0.003556	0.676000	0.017779
-0.031955	0.675000	0.039055
0.000000	0.700000	-0.035593
-0.017937	0.682000	-0.001196
0.019946	0.711000	-0.034905
0.002356	0.672000	0.037704
0.012116	0.691000	0.009692
0.000000	0.672000	0.043595
0.020954	0.703000	-0.016024
0.005001	0.713000	-0.051255
-0.011093	0.703000	-0.050536
-0.019048	0.679000	0.003572
-0.027261	0.676000	0.013038
-0.033187	0.676000	0.042669
-0.003719	0.707000	-0.061980
0.004811	0.686000	-0.002406
-0.015317	0.672000	0.021208
-0.003682	0.700000	-0.035593
-0.001227	0.700000	-0.036820
-0.008272	0.674000	0.012999
0.009791	0.698000	-0.023253
-0.023565	0.672000	0.022387
-0.027180	0.674000	0.020090
-0.025259	0.686000	-0.008420
0.008432	0.687000	0.006023
-0.014812	0.704000	-0.051843
-0.011093	0.703000	-0.053002
-0.008567	0.698000	-0.046505
0.005996	0.684000	0.001199
-0.013173	0.683000	-0.003593
-0.029631	0.676000	0.018964
-0.001189	0.678000	0.007133
-0.042922	0.680000	0.025038
0.008726	0.711000	-0.046125
0.001178	0.672000	0.031812
0.006251	0.713000	-0.053755
-0.008555	0.697000	-0.041550
0.013559	0.703000	-0.032047
-0.009594	0.684000	-0.009594
-0.035926	0.683000	0.013173
-0.002413	0.688000	-0.018094
-0.010857	0.688000	-0.020507
0.012273	0.700000	-0.027001
0.010951	0.694000	-0.006084
0.020894	0.701000	-0.017207
-0.034525	0.679000	0.021429
-0.037667	0.693000	-0.001215
-0.009763	0.696000	-0.039050
-0.009426	0.672000	0.018852
-0.030908	0.678000	0.017831
-0.017281	0.704000	-0.050608
-0.007343	0.698000	-0.046505
-0.034022	0.693000	-0.010936
0.003551	0.675000	0.021303
0.003687	0.701000	-0.035644
-0.008223	0.670000	0.030543
0.003740	0.711000	-0.052358
-0.028278	0.672000	0.037704
-0.026346	0.683000	-0.000000
-0.028404	0.675000	0.020119
-0.009412	0.671000	0.029412
0.007301	0.694000	-0.020686
0.012221	0.697000	-0.008555
-0.008628	0.703000	-0.050536
-0.004909	0.700000	-0.041729
-0.021903	0.694000	-0.027987
0.004741	0.676000	0.016594
-0.001176	0.671000	0.032942
-0.034022	0.693000	-0.012151
-0.025883	0.671000	0.037648
-0.004951	0.706000	-0.056941
-0.016471	0.671000	0.025883
0.001178	0.672000	0.023565
-0.035288	0.694000	-0.013385
-0.018436	0.701000	-0.046705
0.001233	0.703000	-0.039443
0.013462	0.698000	-0.012238
0.001178	0.672000	0.035347
0.009580	0.683000	0.010778
-0.001210	0.690000	-0.019357
0.015065	0.716000	-0.051471
0.010888	0.690000	0.001210
0.001183	0.675000	0.020119
0.004979	0.710000	-0.056019
0.001198	0.683000	0.002395
-0.011923	0.680000	-0.001192
-0.029894	0.682000	0.004783
-0.023705	0.676000	0.016594
-0.002444	0.697000	-0.030552
0.002444	0.697000	-0.031774
0.006251	0.713000	-0.052505
0.001198	0.683000	0.001198
-0.038040	0.678000	0.043984
0.007133	0.678000	0.016643
-0.013308	0.690000	-0.024196
-0.037830	0.696000	-0.013424
0.010794	0.684000	0.020388
-0.032854	0.694000	-0.014602
0.011905	0.679000	0.045240
-0.005874	0.670000	0.042290
0.000000	0.701000	-0.038102
0.002500	0.713000	-0.062506
0.008297	0.676000	0.029631
0.003629	0.690000	-0.013308
0.009959	0.710000	-0.042325
0.016937	0.690000	0.014518
-0.030245	0.690000	-0.008469
-0.012941	0.671000	0.042354
0.004741	0.676000	0.018964
0.011046	0.700000	-0.014728
-0.009580	0.683000	-0.005988
-0.015386	0.675000	0.011835
-0.030289	0.691000	-0.013327
-0.018964	0.676000	0.013038
-0.034169	0.696000	-0.015864
0.002371	0.676000	0.013038
0.005926	0.676000	0.035558
0.016047	0.704000	-0.017281
0.009720	0.693000	-0.012151
-0.021177	0.671000	0.023530
-0.004706	0.671000	0.038824
-0.027261	0.676000	0.017779
-0.003529	0.671000	0.034118
-0.012941	0.671000	0.022353
0.001198	0.683000	-0.000000
0.004818	0.687000	-0.007227
0.009678	0.690000	-0.003629
-0.034372	0.676000	0.042669
-0.030070	0.686000	-0.002406
-0.027019	0.670000	0.046989
-0.028446	0.676000	0.013038
0.015659	0.687000	0.022886
-0.036662	0.697000	-0.017109
-0.014370	0.683000	-0.005988
0.011267	0.714000	-0.052579
-0.023915	0.682000	0.003587
0.003735	0.710000	-0.046060
-0.003551	0.675000	0.014202
-0.016741	0.682000	-0.002392
-0.040716	0.683000	0.020358
0.014581	0.693000	0.003645
0.015545	0.682000	0.034677
-0.025883	0.671000	0.028236
-0.005891	0.672000	0.017674
0.004958	0.707000	-0.044626
-0.026616	0.690000	-0.016937
0.009580	0.683000	0.013173
-0.006189	0.706000	-0.059417
0.002490	0.710000	-0.057264
-0.017937	0.682000	-0.002392
-0.016024	0.703000	-0.048071
-0.021073	0.707000	-0.057022
-0.026076	0.676000	0.017779
-0.004713	0.672000	0.045951
-0.010825	0.686000	-0.015636
-0.013096	0.679000	0.003572
0.003577	0.680000	0.005961
0.017453	0.711000	-0.037399
-0.027503	0.682000	0.002392
-0.043805	0.694000	0.008518
0.014812	0.704000	-0.018515
0.014728	0.700000	-0.013501
-0.025921	0.672000	0.042417
-0.010699	0.678000	0.007133
0.003682	0.700000	-0.031911
-0.039750	0.687000	0.013250
-0.019441	0.693000	-0.025516
0.012291	0.701000	-0.031956
0.012379	0.706000	-0.023519
-0.036852	0.678000	0.027341
0.010015	0.714000	-0.055083
0.015796	0.693000	0.010936
-0.020686	0.694000	-0.030420
-0.014433	0.686000	-0.010825
-0.005882	0.671000	0.035295
-0.041729	0.700000	-0.007364
-0.036452	0.693000	-0.004860
0.000000	0.672000	0.040060
-0.022353	0.671000	0.036471
-0.002406	0.686000	-0.008420
-0.029035	0.690000	-0.013308
0.013616	0.706000	-0.021044
-0.031272	0.686000	-0.000000
0.002434	0.694000	-0.021903
0.008321	0.678000	0.038040
-0.018515	0.704000	-0.051843
-0.021177	0.671000	0.043530
-0.028530	0.678000	0.011888
0.001178	0.672000	0.032991
0.011923	0.680000	0.040537
-0.036852	0.678000	0.026153
-0.035873	0.682000	0.016741
-0.023635	0.674000	0.020090
-0.013019	0.675000	0.010652
-0.040477	0.679000	0.025001
-0.015226	0.668000	0.030452
0.001206	0.688000	-0.013269
-0.020000	0.671000	0.028236
0.013115	0.680000	0.044114
-0.013076	0.678000	0.007133
0.017256	0.703000	-0.018489
0.015682	0.688000	0.016888
-0.031637	0.694000	-0.021903
-0.008235	0.671000	0.021177
0.000000	0.694000	-0.025553
-0.001224	0.698000	-0.045282
0.006110	0.697000	-0.026886
-0.038040	0.678000	0.039229
0.012063	0.688000	0.012063
-0.006014	0.686000	-0.010825
0.019469	0.694000	0.010951
-0.020090	0.674000	0.017726
-0.005988	0.683000	-0.004790
-0.003671	0.698000	-0.046505
0.013308	0.690000	0.010888
0.001210	0.690000	-0.015727
-0.026731	0.693000	-0.021871
0.004930	0.703000	-0.035745
0.001247	0.711000	-0.052358
-0.035389	0.696000	-0.014644
-0.021682	0.687000	-0.012045
0.002409	0.687000	-0.007227
0.009875	0.704000	-0.034562
-0.010636	0.674000	0.012999
-0.010762	0.682000	-0.002392
-0.008284	0.675000	0.010652
-0.012326	0.703000	-0.051769
-0.025883	0.671000	0.025883
0.011109	0.704000	-0.034562
0.002395	0.683000	0.001198
0.010015	0.714000	-0.052579
0.003566	0.678000	0.010699
0.010888	0.690000	0.007259
-0.036294	0.690000	0.002420
-0.009861	0.703000	-0.051769
-0.007259	0.690000	-0.024196
-0.001210	0.690000	-0.020567
-0.015887	0.697000	-0.040328
-0.009398	0.670000	0.037591
0.015545	0.682000	0.035873
-0.016839	0.686000	-0.010825
0.006049	0.690000	-0.014518
-0.014349	0.682000	-0.003587
-0.015272	0.670000	0.038766
-0.017207	0.701000	-0.046705
-0.035084	0.690000	0.001210
0.000000	0.672000	0.035347
0.000000	0.710000	-0.046060
-0.009594	0.684000	-0.008395
0.001245	0.710000	-0.058509
0.008518	0.694000	-0.018252
-0.026191	0.679000	0.008334
0.014749	0.701000	-0.015978
0.005988	0.683000	0.003593
0.011905	0.679000	0.044049
0.001245	0.710000	-0.059754
-0.031955	0.675000	0.044973
-0.020865	0.700000	-0.041729
-0.032523	0.687000	-0.002409
0.015887	0.697000	-0.008555
-0.001240	0.707000	-0.059501
-0.003714	0.706000	-0.055703
-0.019469	0.694000	-0.034071
-0.001176	0.671000	0.022353
-0.028278	0.672000	0.023565
-0.026500	0.687000	-0.013250
0.008505	0.693000	-0.013366
0.002353	0.671000	0.027059
-0.006031	0.688000	-0.020507
0.000000	0.676000	0.015408
-0.011765	0.671000	0.022353
0.010983	0.696000	-0.008542
0.000000	0.671000	0.027059
-0.015750	0.691000	-0.029077
0.003740	0.711000	-0.053605
-0.028362	0.674000	0.022453
-0.030634	0.672000	0.044773
0.012519	0.714000	-0.048823
0.009524	0.679000	0.036906
0.013751	0.713000	-0.046255
0.007375	0.701000	-0.034414
-0.007217	0.686000	-0.010825
0.001189	0.678000	0.007133
-0.017963	0.683000	-0.003593
-0.030725	0.674000	0.041361
0.001227	0.700000	-0.034365
0.002423	0.691000	-0.016962
-0.027704	0.687000	-0.008432
-0.015750	0.691000	-0.026654
-0.026153	0.678000	0.009510
-0.008346	0.680000	-0.001192
-0.005953	0.679000	0.003572
0.003666	0.697000	-0.030552
-0.037504	0.690000	0.004839
0.010715	0.679000	0.042858
-0.046505	0.698000	0.002448
-0.020090	0.674000	0.018908
0.013616	0.706000	-0.034660
0.016206	0.711000	-0.034905
