-0.006224	0.710000	-0.039836
-0.020395	0.727000	-0.030592
-0.042296	0.731000	-0.030760
0.015086	0.717000	-0.042743
-0.011535	0.731000	-0.025634
-0.038556	0.733000	-0.029559
0.011141	0.706000	-0.051990
-0.028511	0.707000	-0.058262
-0.040790	0.727000	-0.035691
-0.014749	0.701000	-0.056538
-0.003771	0.717000	-0.028914
-0.011109	0.704000	-0.045671
-0.016183	0.710000	-0.037346
-0.033943	0.717000	-0.036457
-0.036280	0.739000	-0.024619
-0.030003	0.744000	-0.019567
-0.035079	0.741000	-0.022087
-0.004916	0.701000	-0.046705
0.017575	0.716000	-0.047705
-0.010015	0.714000	-0.036305
-0.030084	0.746000	-0.018312
-0.026879	0.730000	-0.029438
0.027889	0.723000	-0.043100
0.006137	0.700000	-0.056457
-0.036101	0.710000	-0.052284
-0.003698	0.703000	-0.060397
-0.044859	0.731000	-0.032042
-0.044307	0.722000	-0.040509
0.009861	0.703000	-0.054234
-0.039732	0.731000	-0.030760
-0.018594	0.707000	-0.042147
0.017649	0.719000	-0.042862
0.000000	0.703000	-0.060397
0.011156	0.707000	-0.048345
-0.031428	0.717000	-0.036457
0.003719	0.707000	-0.040907
0.026621	0.723000	-0.045636
-0.013616	0.706000	-0.042087
-0.027657	0.717000	-0.036457
-0.015955	0.700000	-0.057685
-0.004916	0.701000	-0.049163
0.021252	0.713000	-0.055006
-0.018515	0.704000	-0.046905
-0.009833	0.701000	-0.049163
-0.038917	0.716000	-0.043939
-0.038608	0.734000	-0.025739
-0.040677	0.725000	-0.036864
0.029156	0.723000	-0.039297
0.016776	0.736000	-0.024519
-0.022281	0.706000	-0.047038
-0.019515	0.742000	-0.016913
-0.030003	0.713000	-0.042504
-0.023986	0.720000	-0.032822
0.007375	0.701000	-0.054080
-0.018620	0.708000	-0.040965
0.018989	0.722000	-0.037977
-0.027271	0.707000	-0.052063
0.017870	0.728000	-0.031911
-0.021073	0.707000	-0.043386
-0.023386	0.741000	-0.020788
0.017649	0.719000	-0.041601
-0.022187	0.703000	-0.059164
-0.022218	0.704000	-0.051843
-0.032777	0.719000	-0.035298
-0.013559	0.703000	-0.060397
0.022723	0.720000	-0.046709
0.026621	0.723000	-0.036762
-0.005022	0.716000	-0.035151
-0.010253	0.731000	-0.024352
0.001268	0.723000	-0.030424
-0.017207	0.701000	-0.050393
-0.017526	0.714000	-0.032549
-0.033611	0.710000	-0.051040
-0.032367	0.710000	-0.047305
-0.030298	0.720000	-0.034085
0.006286	0.717000	-0.033943
-0.033753	0.713000	-0.042504
-0.044859	0.731000	-0.030760
-0.003756	0.714000	-0.035053
-0.011141	0.706000	-0.044563
-0.038971	0.717000	-0.041486
-0.036152	0.711000	-0.047372
0.000000	0.708000	-0.042206
-0.004930	0.703000	-0.059164
-0.024785	0.744000	-0.018263
-0.011298	0.716000	-0.033895
0.013829	0.717000	-0.041486
0.021878	0.734000	-0.029600
-0.014099	0.731000	-0.025634
0.016571	0.727000	-0.033142
-0.021252	0.713000	-0.035004
-0.028159	0.730000	-0.029438
-0.013559	0.703000	-0.049304
-0.036101	0.710000	-0.058509
0.030508	0.725000	-0.041949
0.003682	0.700000	-0.058912
-0.031253	0.713000	-0.042504
-0.010253	0.731000	-0.023070
-0.041486	0.717000	-0.042743
-0.033895	0.716000	-0.038917
-0.006233	0.711000	-0.037399
-0.027310	0.708000	-0.047172
0.003682	0.700000	-0.057685
-0.036101	0.710000	-0.053529
0.002504	0.714000	-0.037556
-0.006145	0.701000	-0.054080
-0.034842	0.736000	-0.025809
-0.031034	0.708000	-0.059585
0.014938	0.710000	-0.058509
-0.033643	0.738000	-0.025879
0.002525	0.720000	-0.032822
-0.032130	0.733000	-0.029559
-0.023553	0.707000	-0.043386
-0.027503	0.713000	-0.041254
-0.007532	0.716000	-0.033895
0.016274	0.714000	-0.047571
-0.031297	0.714000	-0.040060
0.003803	0.723000	-0.030424
0.007532	0.716000	-0.035151
-0.034856	0.710000	-0.049795
0.007364	0.700000	-0.057685
0.012659	0.722000	-0.035445
0.006145	0.701000	-0.054080
-0.043577	0.731000	-0.030760
0.000000	0.701000	-0.054080
0.013655	0.708000	-0.058344
-0.011093	0.703000	-0.048071
0.004951	0.706000	-0.043325
-0.042296	0.731000	-0.032042
-0.007375	0.701000	-0.049163
-0.031867	0.727000	-0.031867
-0.036254	0.713000	-0.045005
-0.032261	0.736000	-0.028390
-0.002465	0.703000	-0.044373
-0.031034	0.708000	-0.058344
0.002455	0.700000	-0.056457
-0.020339	0.725000	-0.033050
0.024452	0.734000	-0.032174
0.020198	0.720000	-0.046709
-0.020954	0.703000	-0.061630
0.012379	0.706000	-0.053228
-0.037399	0.711000	-0.053605
-0.004930	0.703000	-0.044373
0.011346	0.719000	-0.039080
-0.026032	0.707000	-0.045865
-0.008628	0.703000	-0.049304
-0.035079	0.741000	-0.023386
-0.039515	0.727000	-0.034416
0.012396	0.707000	-0.059501
0.024086	0.723000	-0.044368
0.021252	0.713000	-0.053755
-0.027310	0.708000	-0.044689
-0.012379	0.706000	-0.042087
-0.023519	0.706000	-0.044563
0.016639	0.730000	-0.029438
-0.006259	0.714000	-0.036305
-0.009959	0.710000	-0.037346
0.013636	0.707000	-0.049584
0.000000	0.710000	-0.041081
-0.003687	0.701000	-0.046705
-0.034856	0.710000	-0.058509
0.017723	0.722000	-0.037977
-0.017281	0.704000	-0.046905
0.011409	0.723000	-0.032959
-0.017428	0.710000	-0.036101
0.011204	0.710000	-0.044815
0.022786	0.722000	-0.043041
-0.048637	0.730000	-0.033278
-0.003687	0.701000	-0.050393
-0.010043	0.716000	-0.033895
-0.035053	0.714000	-0.041312
-0.037399	0.711000	-0.058591
0.025529	0.728000	-0.034464
-0.013578	0.704000	-0.046905
-0.014099	0.731000	-0.030760
0.029237	0.725000	-0.043220
0.009973	0.711000	-0.041138
0.024086	0.723000	-0.036762
0.002458	0.701000	-0.061454
-0.025353	0.723000	-0.031691
0.019015	0.723000	-0.034227
0.003714	0.706000	-0.047038
-0.017379	0.708000	-0.038482
0.024052	0.722000	-0.048104
-0.029751	0.707000	-0.057022
0.018699	0.711000	-0.053605
-0.031181	0.741000	-0.023386
0.002553	0.728000	-0.028081
0.003798	0.722000	-0.031648
0.020591	0.734000	-0.029600
0.020255	0.722000	-0.040509
-0.024319	0.730000	-0.028159
0.025318	0.722000	-0.048104
-0.029559	0.733000	-0.028274
-0.031122	0.710000	-0.044815
-0.014749	0.701000	-0.058996
0.026584	0.722000	-0.049370
0.012379	0.706000	-0.054466
-0.019946	0.711000	-0.034905
0.009959	0.710000	-0.042325
-0.033611	0.710000	-0.044815
-0.013520	0.701000	-0.056538
-0.019146	0.728000	-0.030634
-0.018568	0.706000	-0.043325
-0.010253	0.731000	-0.025634
0.008923	0.727000	-0.029317
-0.008763	0.714000	-0.035053
0.007438	0.707000	-0.047105
0.017453	0.711000	-0.054851
-0.031122	0.710000	-0.043570
-0.022187	0.703000	-0.061630
0.026584	0.722000	-0.040509
0.024086	0.723000	-0.041833
-0.009875	0.704000	-0.046905
0.017526	0.714000	-0.048823
-0.019146	0.728000	-0.033187
-0.011583	0.734000	-0.019304
-0.022218	0.704000	-0.049374
-0.012554	0.716000	-0.035151
-0.020984	0.704000	-0.049374
0.008640	0.704000	-0.051843
0.007364	0.700000	-0.055230
-0.013713	0.711000	-0.036152
-0.032275	0.708000	-0.055861
0.030508	0.725000	-0.040677
-0.028793	0.714000	-0.040060
0.000000	0.703000	-0.049304
-0.008628	0.703000	-0.060397
-0.029919	0.711000	-0.043632
-0.033552	0.736000	-0.027100
0.018936	0.720000	-0.040397
-0.009819	0.700000	-0.050321
0.004909	0.700000	-0.058912
-0.044184	0.720000	-0.042922
-0.011298	0.716000	-0.035151
0.031867	0.727000	-0.043339
-0.031122	0.710000	-0.046060
-0.008677	0.707000	-0.040907
-0.002458	0.701000	-0.050393
-0.027210	0.739000	-0.022027
0.005085	0.725000	-0.031779
-0.027271	0.707000	-0.053303
0.011519	0.730000	-0.028159
-0.007448	0.708000	-0.040965
-0.032640	0.716000	-0.037662
0.003771	0.717000	-0.033943
-0.001233	0.703000	-0.056699
-0.022218	0.704000	-0.048140
0.001234	0.704000	-0.045671
-0.028313	0.734000	-0.025739
-0.025995	0.706000	-0.051990
-0.002458	0.701000	-0.055309
-0.020563	0.733000	-0.024419
0.008751	0.713000	-0.038754
-0.035151	0.716000	-0.040172
-0.008604	0.701000	-0.050393
-0.016092	0.706000	-0.042087
-0.036101	0.710000	-0.049795
-0.023453	0.704000	-0.053077
0.007448	0.708000	-0.040965
0.003798	0.722000	-0.032914
-0.003687	0.701000	-0.049163
0.008923	0.727000	-0.030592
-0.014854	0.706000	-0.045801
-0.047358	0.730000	-0.031998
-0.036101	0.710000	-0.051040
-0.005001	0.713000	-0.037504
-0.009861	0.703000	-0.048071
0.013636	0.707000	-0.052063
-0.016594	0.728000	-0.031911
-0.023586	0.708000	-0.040965
-0.041014	0.731000	-0.030760
-0.008972	0.731000	-0.025634
-0.030990	0.707000	-0.048345
-0.011535	0.731000	-0.024352
-0.014791	0.703000	-0.050536
-0.001250	0.713000	-0.038754
-0.007532	0.716000	-0.031385
-0.013501	0.700000	-0.052775
-0.021878	0.734000	-0.023165
0.020086	0.716000	-0.050215
-0.022313	0.707000	-0.043386
0.017649	0.719000	-0.044123
-0.021163	0.710000	-0.038591
-0.040397	0.720000	-0.039134
-0.029600	0.734000	-0.027026
-0.022218	0.704000	-0.056780
-0.021103	0.708000	-0.040965
-0.036966	0.727000	-0.033142
-0.022176	0.744000	-0.016958
-0.007396	0.703000	-0.048071
-0.027387	0.710000	-0.042325
-0.029751	0.707000	-0.048345
-0.016206	0.711000	-0.034905
-0.021759	0.730000	-0.028159
0.011362	0.720000	-0.037872
-0.013616	0.706000	-0.044563
-0.002458	0.701000	-0.057767
-0.025995	0.706000	-0.055703
0.024252	0.728000	-0.034464
0.001271	0.725000	-0.029237
0.012449	0.710000	-0.047305
-0.015317	0.728000	-0.029358
-0.022218	0.704000	-0.055546
-0.038293	0.728000	-0.033187
0.005099	0.727000	-0.030592
-0.037556	0.714000	-0.043816
0.016320	0.716000	-0.046449
-0.008604	0.701000	-0.061454
0.020591	0.734000	-0.028313
-0.015317	0.728000	-0.028081
0.003682	0.700000	-0.060139
-0.018436	0.701000	-0.051622
0.010197	0.727000	-0.029317
-0.033142	0.727000	-0.033142
0.007648	0.727000	-0.030592
-0.019199	0.730000	-0.028159
-0.035151	0.716000	-0.038917
0.021371	0.717000	-0.049028
-0.008604	0.701000	-0.051622
-0.025884	0.703000	-0.060397
0.015065	0.716000	-0.045194
0.007396	0.703000	-0.053002
0.001234	0.704000	-0.048140
-0.024319	0.730000	-0.026879
-0.021997	0.738000	-0.020703
0.012677	0.723000	-0.034227
0.018936	0.720000	-0.044184
0.002469	0.704000	-0.049374
-0.018489	0.703000	-0.053002
-0.034700	0.733000	-0.030845
0.001250	0.713000	-0.037504
0.007375	0.701000	-0.061454
-0.005043	0.719000	-0.028995
-0.041126	0.733000	-0.029559
-0.043339	0.727000	-0.035691
-0.029793	0.708000	-0.053378
0.011314	0.717000	-0.040228
-0.020423	0.728000	-0.029358
-0.047358	0.730000	-0.035838
-0.002504	0.714000	-0.036305
-0.036305	0.714000	-0.042564
-0.011314	0.717000	-0.031428
-0.007406	0.704000	-0.045671
0.008690	0.708000	-0.043448
-0.007406	0.704000	-0.043202
-0.002458	0.701000	-0.051622
-0.020703	0.738000	-0.020703
-0.002458	0.701000	-0.056538
0.003714	0.706000	-0.045801
0.018936	0.720000	-0.041659
0.020198	0.720000	-0.045446
0.015254	0.725000	-0.033050
0.029237	0.725000	-0.049576
-0.013694	0.710000	-0.038591
0.001238	0.706000	-0.044563
-0.004930	0.703000	-0.056699
0.018699	0.711000	-0.054851
-0.028793	0.714000	-0.041312
-0.024086	0.723000	-0.031691
-0.013501	0.700000	-0.054003
-0.008788	0.716000	-0.026363
-0.033611	0.710000	-0.058509
-0.027271	0.707000	-0.057022
-0.025143	0.717000	-0.033943
-0.008690	0.708000	-0.039724
-0.032349	0.738000	-0.027173
-0.008604	0.701000	-0.062683
-0.004986	0.711000	-0.039892
0.013886	0.720000	-0.039134
-0.016639	0.730000	-0.026879
-0.029751	0.707000	-0.049584
0.003687	0.701000	-0.052851
-0.017502	0.713000	-0.033753
-0.001255	0.716000	-0.033895
-0.012817	0.731000	-0.025634
-0.007396	0.703000	-0.046839
-0.027310	0.708000	-0.048413
-0.023323	0.739000	-0.022027
0.011172	0.708000	-0.047172
-0.024792	0.707000	-0.044626
-0.006145	0.701000	-0.051622
-0.012291	0.701000	-0.062683
0.004979	0.710000	-0.039836
-0.029438	0.730000	-0.029438
0.022818	0.723000	-0.038030
-0.009861	0.703000	-0.060397
-0.022218	0.704000	-0.050608
-0.012291	0.701000	-0.057767
-0.006163	0.703000	-0.045606
-0.026142	0.710000	-0.042325
-0.009875	0.704000	-0.044436
-0.015978	0.701000	-0.052851
0.010239	0.730000	-0.028159
0.017919	0.730000	-0.029438
-0.008628	0.703000	-0.046839
-0.013501	0.700000	-0.051548
-0.022344	0.708000	-0.042206
0.018778	0.714000	-0.050075
0.004937	0.704000	-0.051843
-0.004937	0.704000	-0.043202
0.021848	0.733000	-0.033415
-0.026032	0.707000	-0.047105
-0.046078	0.730000	-0.035838
-0.024792	0.707000	-0.047105
-0.020591	0.734000	-0.023165
0.013925	0.722000	-0.037977
-0.003750	0.713000	-0.038754
-0.008604	0.701000	-0.058996
-0.017183	0.700000	-0.058912
-0.003698	0.703000	-0.061630
0.015254	0.725000	-0.031779
0.029237	0.725000	-0.035593
-0.010015	0.714000	-0.028793
-0.019834	0.707000	-0.042147
0.002549	0.727000	-0.029317
-0.007438	0.707000	-0.042147
-0.030171	0.717000	-0.036457
-0.002504	0.714000	-0.035053
-0.027271	0.707000	-0.050824
-0.009917	0.707000	-0.040907
-0.027773	0.720000	-0.034085
-0.003698	0.703000	-0.044373
-0.011567	0.733000	-0.021848
-0.026584	0.722000	-0.032914
-0.024757	0.706000	-0.050752
0.008714	0.710000	-0.044815
0.016388	0.719000	-0.041601
-0.007375	0.701000	-0.052851
-0.006145	0.701000	-0.046705
-0.039841	0.733000	-0.028274
0.014959	0.711000	-0.049865
-0.014854	0.706000	-0.042087
-0.016047	0.704000	-0.044436
0.014079	0.730000	-0.026879
-0.041601	0.719000	-0.041601
0.009903	0.706000	-0.059417
-0.018699	0.711000	-0.034905
-0.022944	0.727000	-0.030592
-0.041486	0.717000	-0.045257
-0.028551	0.708000	-0.053378
-0.017944	0.731000	-0.021789
0.006198	0.707000	-0.044626
0.029156	0.723000	-0.041833
0.012379	0.706000	-0.051990
-0.010043	0.716000	-0.027619
-0.010015	0.714000	-0.030045
-0.033415	0.733000	-0.030845
0.022597	0.716000	-0.051471
-0.014749	0.701000	-0.054080
-0.031122	0.710000	-0.047305
-0.039406	0.725000	-0.036864
0.025318	0.722000	-0.049370
0.015485	0.736000	-0.023228
0.023165	0.734000	-0.032174
-0.011046	0.700000	-0.055230
-0.033142	0.727000	-0.031867
-0.032549	0.714000	-0.040060
-0.017919	0.730000	-0.030718
-0.004930	0.703000	-0.057932
0.021431	0.719000	-0.047905
-0.013809	0.716000	-0.032640
0.012379	0.706000	-0.056941
0.012799	0.730000	-0.026879
0.007375	0.701000	-0.062683
-0.042411	0.733000	-0.029559
0.006373	0.727000	-0.030592
0.008788	0.716000	-0.037662
-0.023165	0.734000	-0.023165
-0.014896	0.708000	-0.039724
0.004951	0.706000	-0.047038
0.029237	0.725000	-0.048304
-0.029751	0.707000	-0.059501
-0.039841	0.733000	-0.026989
0.030508	0.725000	-0.049576
-0.032275	0.708000	-0.053378
0.012379	0.706000	-0.050752
0.013983	0.725000	-0.033050
0.006189	0.706000	-0.048276
-0.001241	0.708000	-0.042206
0.011156	0.707000	-0.060741
0.000000	0.722000	-0.030382
-0.036101	0.710000	-0.054774
-0.017453	0.711000	-0.034905
-0.024685	0.741000	-0.022087
0.007448	0.708000	-0.043448
-0.032480	0.741000	-0.022087
-0.041486	0.717000	-0.044000
-0.019488	0.741000	-0.018189
-0.022692	0.719000	-0.032777
0.030424	0.723000	-0.038030
0.012747	0.727000	-0.030592
-0.018140	0.739000	-0.019436
0.029156	0.723000	-0.036762
-0.006172	0.704000	-0.044436
-0.027210	0.739000	-0.023323
0.021520	0.722000	-0.041775
0.015485	0.736000	-0.024519
-0.004951	0.706000	-0.042087
0.008604	0.701000	-0.061454
