-0.019553	0.697000	-0.042773
-0.011362	0.720000	0.002525
-0.043939	0.716000	-0.006277
-0.030727	0.701000	-0.009833
-0.012203	0.696000	-0.014644
-0.002476	0.706000	-0.051990
-0.009735	0.694000	-0.020686
-0.033138	0.700000	-0.040502
-0.014602	0.694000	-0.019469
-0.034365	0.700000	-0.035593
-0.026886	0.697000	-0.037884
-0.005043	0.719000	0.001261
-0.016115	0.707000	-0.003719
-0.012168	0.694000	-0.037721
-0.005008	0.714000	-0.002504
-0.033801	0.714000	-0.052579
-0.040965	0.708000	-0.042206
-0.004867	0.694000	-0.025553
-0.014602	0.694000	-0.027987
-0.005029	0.717000	-0.000000
-0.006110	0.697000	-0.012221
-0.035644	0.701000	-0.034414
-0.012168	0.694000	-0.019469
0.027233	0.706000	-0.030946
-0.040907	0.707000	-0.023553
0.016115	0.707000	-0.012396
-0.004881	0.696000	-0.037830
-0.019553	0.697000	-0.037884
0.016047	0.704000	-0.027156
0.006137	0.700000	-0.020865
-0.035898	0.706000	-0.009903
-0.033138	0.700000	-0.042957
0.013559	0.703000	-0.029582
-0.002493	0.711000	-0.056098
0.006145	0.701000	-0.014749
-0.047372	0.711000	-0.016206
-0.007595	0.722000	0.005064
-0.020686	0.694000	-0.029204
-0.009931	0.708000	-0.054620
-0.014602	0.694000	-0.018252
-0.021903	0.694000	-0.023119
-0.002469	0.704000	-0.050608
0.003666	0.697000	-0.023219
-0.040849	0.706000	-0.025995
0.003682	0.700000	-0.040502
0.001247	0.711000	-0.056098
-0.003719	0.707000	-0.054543
0.003714	0.706000	-0.007427
0.000000	0.700000	-0.044184
0.021103	0.708000	-0.039724
0.001224	0.698000	-0.037939
-0.028108	0.697000	-0.018331
-0.020805	0.698000	-0.013462
-0.025627	0.696000	-0.020745
0.001233	0.703000	-0.009861
0.008604	0.701000	-0.018436
-0.034365	0.700000	-0.040502
0.009875	0.704000	-0.039499
0.014812	0.704000	-0.016047
0.008628	0.703000	-0.013559
-0.041659	0.720000	-0.001262
-0.015086	0.717000	-0.002514
-0.043100	0.723000	-0.000000
0.006145	0.701000	-0.012291
0.016343	0.717000	-0.001257
0.013636	0.707000	-0.009917
0.022629	0.717000	-0.011314
-0.037241	0.708000	-0.007448
-0.033138	0.700000	-0.041729
0.012343	0.704000	-0.038265
-0.009791	0.698000	-0.044058
-0.036873	0.701000	-0.030727
0.024897	0.710000	-0.023652
-0.003650	0.694000	-0.025553
-0.042325	0.710000	-0.036101
0.000000	0.698000	-0.037939
0.020086	0.716000	-0.010043
-0.023419	0.703000	-0.006163
0.006172	0.704000	-0.044436
-0.025664	0.697000	-0.014665
-0.009720	0.693000	-0.027946
0.019918	0.710000	-0.042325
-0.033185	0.701000	-0.019665
-0.025700	0.698000	-0.012238
-0.029624	0.704000	-0.049374
0.011172	0.708000	-0.045930
-0.028108	0.697000	-0.021997
0.011204	0.710000	-0.049795
-0.013925	0.722000	0.005064
-0.038482	0.708000	-0.043448
0.011362	0.720000	0.005050
-0.002444	0.697000	-0.019553
-0.036152	0.711000	-0.004986
-0.006303	0.719000	0.001261
-0.019581	0.698000	-0.012238
-0.014602	0.694000	-0.026770
-0.009903	0.706000	-0.053228
-0.025921	0.704000	-0.006172
0.026289	0.714000	-0.017526
-0.024052	0.722000	0.006330
0.009833	0.701000	-0.019665
0.009833	0.701000	-0.022124
0.015065	0.716000	-0.003766
0.009861	0.703000	-0.036978
0.007406	0.704000	-0.011109
-0.044815	0.710000	-0.027387
-0.039836	0.710000	-0.007469
-0.033043	0.698000	-0.034267
0.019834	0.707000	-0.034709
-0.025553	0.694000	-0.025553
-0.002532	0.722000	0.007595
0.017526	0.714000	-0.007511
-0.017256	0.703000	-0.057932
-0.035644	0.701000	-0.033185
-0.003724	0.708000	-0.055861
-0.040965	0.708000	-0.034758
0.006198	0.707000	-0.048345
-0.004867	0.694000	-0.034071
-0.048755	0.713000	-0.011251
0.014896	0.708000	-0.043448
-0.038265	0.704000	-0.040733
0.000000	0.696000	-0.030508
-0.018752	0.713000	-0.002500
-0.022218	0.704000	-0.054311
-0.018252	0.694000	-0.027987
-0.026770	0.694000	-0.034071
0.000000	0.697000	-0.019553
0.002444	0.697000	-0.031774
-0.008518	0.694000	-0.035288
-0.008518	0.694000	-0.032854
0.026032	0.707000	-0.028511
0.010015	0.714000	-0.003756
-0.006172	0.704000	-0.049374
-0.002469	0.704000	-0.049374
-0.015128	0.719000	-0.001261
-0.041949	0.725000	0.003814
0.006198	0.707000	-0.006198
0.018568	0.706000	-0.023519
0.007396	0.703000	-0.013559
0.012449	0.710000	-0.007469
-0.027001	0.700000	-0.047866
-0.009861	0.703000	-0.050536
-0.020686	0.694000	-0.021903
-0.012151	0.693000	-0.027946
-0.012203	0.696000	-0.041491
-0.024477	0.698000	-0.047729
0.012606	0.719000	-0.000000
-0.006145	0.701000	-0.007375
-0.008714	0.710000	-0.056019
-0.042325	0.710000	-0.043570
0.000000	0.707000	-0.050824
-0.007301	0.694000	-0.024336
0.011109	0.704000	-0.013578
0.013578	0.704000	-0.016047
-0.018515	0.704000	-0.055546
-0.029877	0.710000	-0.056019
-0.006189	0.706000	-0.051990
-0.015864	0.696000	-0.040271
0.013616	0.706000	-0.039611
-0.015128	0.719000	-0.000000
-0.012221	0.697000	-0.043995
0.000000	0.710000	-0.002490
-0.024792	0.707000	-0.055782
-0.050075	0.714000	-0.017526
0.008690	0.708000	-0.006207
-0.017796	0.725000	0.007627
-0.027310	0.708000	-0.002483
-0.007290	0.693000	-0.026731
-0.039499	0.704000	-0.024687
-0.028632	0.710000	-0.057264
0.009931	0.708000	-0.006207
-0.038265	0.704000	-0.022218
-0.017207	0.701000	-0.007375
0.024687	0.704000	-0.030859
-0.038808	0.714000	-0.005008
-0.025664	0.697000	-0.015887
0.006145	0.701000	-0.013520
-0.039569	0.728000	0.006382
-0.013520	0.701000	-0.051622
-0.004909	0.700000	-0.009819
-0.018305	0.696000	-0.040271
-0.010983	0.696000	-0.041491
0.017354	0.707000	-0.014875
0.001238	0.706000	-0.006189
0.011204	0.710000	-0.007469
-0.019525	0.696000	-0.035389
-0.017207	0.701000	-0.051622
-0.023253	0.698000	-0.047729
0.023652	0.710000	-0.029877
-0.037714	0.717000	-0.000000
0.003698	0.703000	-0.044373
0.008690	0.708000	-0.052137
-0.023186	0.696000	-0.036610
-0.040907	0.707000	-0.016115
0.025038	0.714000	-0.021282
0.008640	0.704000	-0.011109
-0.027310	0.708000	-0.055861
-0.016525	0.725000	0.007627
0.009903	0.706000	-0.009903
0.004937	0.704000	-0.045671
0.013578	0.704000	-0.014812
-0.020745	0.696000	-0.018305
0.004958	0.707000	-0.006198
-0.014854	0.706000	-0.058179
0.001224	0.698000	-0.020805
0.023786	0.714000	-0.017526
-0.027987	0.694000	-0.027987
-0.030683	0.700000	-0.012273
-0.026510	0.720000	0.006312
-0.042325	0.710000	-0.044815
0.001222	0.697000	-0.031774
-0.048413	0.708000	-0.026069
-0.032275	0.708000	-0.004965
-0.023353	0.701000	-0.050393
0.001245	0.710000	-0.053529
-0.033801	0.714000	-0.001252
-0.013385	0.694000	-0.017035
-0.015796	0.693000	-0.030377
0.001222	0.697000	-0.025664
-0.015864	0.696000	-0.039050
-0.002525	0.720000	0.003787
-0.020686	0.694000	-0.031637
-0.001268	0.723000	0.007606
0.025038	0.714000	-0.017526
0.014938	0.710000	-0.009959
0.020086	0.716000	-0.003766
-0.035796	0.704000	-0.011109
-0.020775	0.697000	-0.043995
-0.040509	0.722000	0.001266
-0.046255	0.713000	-0.013751
-0.001233	0.703000	-0.008628
-0.004867	0.694000	-0.031637
0.018568	0.706000	-0.030946
-0.047372	0.711000	-0.022439
0.007574	0.720000	0.003787
-0.036610	0.720000	0.001262
-0.011393	0.722000	0.007595
0.004895	0.698000	-0.026924
-0.019469	0.694000	-0.030420
-0.008861	0.722000	0.006330
-0.046255	0.713000	-0.011251
-0.031774	0.697000	-0.031774
-0.020686	0.694000	-0.027987
-0.006137	0.700000	-0.045411
-0.034365	0.700000	-0.024547
-0.028471	0.706000	-0.054466
0.007375	0.701000	-0.036873
-0.032184	0.706000	-0.006189
-0.036873	0.701000	-0.025811
0.006137	0.700000	-0.035593
-0.007290	0.693000	-0.025516
0.027387	0.710000	-0.023652
-0.004930	0.703000	-0.006163
-0.027040	0.701000	-0.009833
-0.011314	0.717000	-0.003771
-0.038102	0.701000	-0.027040
-0.018252	0.694000	-0.031637
-0.006207	0.708000	-0.054620
-0.013809	0.716000	-0.003766
0.012326	0.703000	-0.030815
0.021073	0.707000	-0.035949
-0.031956	0.701000	-0.013520
-0.016047	0.704000	-0.055546
-0.028269	0.701000	-0.009833
-0.036978	0.703000	-0.036978
-0.021997	0.697000	-0.045217
-0.022124	0.701000	-0.051622
-0.026770	0.694000	-0.031637
-0.025248	0.720000	0.005050
-0.020984	0.704000	-0.054311
0.006330	0.722000	0.005064
-0.016457	0.722000	0.003798
0.015086	0.717000	0.001257
-0.007290	0.693000	-0.027946
-0.004867	0.694000	-0.023119
0.021342	0.716000	-0.007532
-0.007364	0.700000	-0.007364
0.001268	0.723000	0.007606
-0.036406	0.716000	-0.002511
-0.017944	0.731000	0.010253
-0.012554	0.716000	-0.005022
-0.019750	0.704000	-0.059249
-0.029372	0.698000	-0.044058
0.002444	0.697000	-0.028108
-0.024652	0.703000	-0.007396
-0.038265	0.704000	-0.039499
-0.047505	0.713000	-0.013751
-0.031122	0.710000	-0.056019
-0.034414	0.701000	-0.041789
-0.004867	0.694000	-0.029204
0.009931	0.708000	-0.050896
0.001227	0.700000	-0.039275
-0.003682	0.700000	-0.044184
-0.003703	0.704000	-0.006172
-0.039836	0.710000	-0.008714
-0.006259	0.714000	-0.003756
-0.008825	0.719000	-0.000000
0.023686	0.711000	-0.018699
-0.028793	0.714000	0.001252
-0.017084	0.696000	-0.037830
-0.014749	0.701000	-0.006145
-0.023453	0.704000	-0.055546
-0.007427	0.706000	-0.051990
-0.038265	0.704000	-0.034562
-0.019581	0.698000	-0.045282
-0.039569	0.728000	0.005106
-0.020745	0.696000	-0.019525
0.012326	0.703000	-0.029582
0.014812	0.704000	-0.030859
-0.009833	0.701000	-0.049163
-0.012221	0.697000	-0.013443
-0.045005	0.713000	-0.011251
0.007438	0.707000	-0.006198
-0.018831	0.716000	-0.001255
-0.028350	0.703000	-0.008628
-0.029372	0.698000	-0.017134
-0.029372	0.698000	-0.041610
0.024687	0.704000	-0.032093
-0.033043	0.698000	-0.035491
0.016047	0.704000	-0.033327
-0.010951	0.694000	-0.023119
0.021163	0.710000	-0.018673
-0.011046	0.700000	-0.047866
-0.014602	0.694000	-0.020686
-0.003798	0.722000	0.005064
0.002448	0.698000	-0.017134
-0.038265	0.704000	-0.035796
-0.024477	0.698000	-0.046505
-0.010085	0.719000	-0.001261
-0.027850	0.722000	0.007595
-0.042325	0.710000	-0.012449
-0.033280	0.703000	-0.012326
-0.013443	0.697000	-0.013443
-0.042147	0.707000	-0.026032
0.014875	0.707000	-0.042147
-0.031956	0.701000	-0.012291
0.022408	0.710000	-0.023652
0.004930	0.703000	-0.043141
-0.006338	0.723000	0.006338
-0.010999	0.697000	-0.042773
-0.027987	0.694000	-0.034071
-0.024301	0.693000	-0.026731
0.017330	0.706000	-0.039611
-0.043754	0.713000	-0.011251
-0.033138	0.700000	-0.023319
-0.012291	0.701000	-0.051622
-0.012273	0.700000	-0.006137
-0.009735	0.694000	-0.030420
-0.012238	0.698000	-0.011014
-0.007301	0.694000	-0.019469
-0.017035	0.694000	-0.025553
0.023652	0.710000	-0.028632
0.014812	0.704000	-0.033327
0.000000	0.711000	-0.000000
-0.012571	0.717000	-0.003771
-0.033138	0.700000	-0.036820
-0.023419	0.703000	-0.051769
-0.047372	0.711000	-0.017453
0.002490	0.710000	-0.003735
-0.003650	0.694000	-0.026770
-0.037346	0.710000	-0.006224
0.014812	0.704000	-0.035796
0.013636	0.707000	-0.043386
-0.021103	0.708000	-0.002483
0.013694	0.710000	-0.046060
-0.029204	0.694000	-0.030420
0.011062	0.701000	-0.022124
0.007595	0.722000	0.005064
-0.040397	0.720000	-0.001262
-0.024441	0.697000	-0.040328
0.016252	0.713000	-0.050005
0.009931	0.708000	-0.053378
0.021073	0.707000	-0.021073
-0.020745	0.696000	-0.040271
-0.010951	0.694000	-0.020686
-0.043570	0.710000	-0.038591
-0.020086	0.716000	-0.001255
-0.006259	0.714000	-0.002504
-0.006102	0.696000	-0.037830
-0.026886	0.697000	-0.040328
0.007427	0.706000	-0.008665
0.006137	0.700000	-0.018410
-0.007469	0.710000	-0.054774
0.003687	0.701000	-0.041789
-0.046255	0.713000	-0.036254
0.012326	0.703000	-0.027117
-0.017723	0.722000	0.005064
0.012343	0.704000	-0.014812
0.023652	0.710000	-0.022408
0.016206	0.711000	-0.008726
-0.030596	0.698000	-0.044058
-0.042325	0.710000	-0.037346
-0.021431	0.719000	0.005043
-0.032549	0.714000	-0.000000
0.009973	0.711000	-0.004986
-0.021903	0.694000	-0.024336
-0.018357	0.698000	-0.046505
0.006137	0.700000	-0.036820
0.001224	0.698000	-0.013462
-0.040846	0.728000	0.005106
0.019918	0.710000	-0.044815
0.016320	0.716000	-0.002511
-0.048550	0.710000	-0.029877
-0.002521	0.719000	0.002521
0.011172	0.708000	-0.047172
0.007364	0.700000	-0.033138
-0.023686	0.711000	-0.000000
-0.001220	0.696000	-0.031728
-0.006084	0.694000	-0.023119
-0.006119	0.698000	-0.042834
-0.015887	0.697000	-0.045217
0.018778	0.714000	-0.008763
-0.038210	0.703000	-0.024652
-0.007606	0.723000	0.006338
-0.043570	0.710000	-0.031122
-0.022692	0.719000	0.005043
-0.029330	0.697000	-0.037884
-0.016047	0.704000	-0.059249
0.007364	0.700000	-0.030683
-0.001245	0.710000	-0.002490
-0.008518	0.694000	-0.024336
-0.009763	0.696000	-0.040271
-0.020984	0.704000	-0.006172
-0.014665	0.697000	-0.043995
-0.023319	0.700000	-0.049093
0.018778	0.714000	-0.007511
0.014812	0.704000	-0.037030
0.007448	0.708000	-0.048413
-0.014728	0.700000	-0.009819
-0.012151	0.693000	-0.031592
-0.018252	0.694000	-0.032854
-0.003687	0.701000	-0.008604
-0.001222	0.697000	-0.037884
-0.028874	0.716000	0.002511
-0.032093	0.704000	-0.008640
0.006172	0.704000	-0.043202
-0.031819	0.698000	-0.022029
-0.031911	0.700000	-0.041729
-0.017134	0.698000	-0.012238
-0.015819	0.694000	-0.020686
-0.029498	0.701000	-0.011062
0.013578	0.704000	-0.017281
-0.043448	0.708000	-0.039724
0.017453	0.711000	-0.046125
-0.015819	0.694000	-0.032854
0.003787	0.720000	0.005050
-0.037662	0.716000	-0.001255
0.013809	0.716000	-0.005022
-0.003714	0.706000	-0.051990
-0.022534	0.714000	-0.000000
0.006137	0.700000	-0.019637
-0.038373	0.706000	-0.013616
0.011109	0.704000	-0.038265
-0.007343	0.698000	-0.042834
-0.006102	0.696000	-0.040271
0.004930	0.703000	-0.011093
0.007396	0.703000	-0.040676
-0.032503	0.713000	-0.052505
0.002469	0.704000	-0.046905
-0.012273	0.700000	-0.008591
-0.005050	0.720000	0.002525
0.002448	0.698000	-0.015910
-0.002532	0.722000	0.005064
0.022344	0.708000	-0.038482
-0.036873	0.701000	-0.031956
-0.006084	0.694000	-0.027987
-0.012168	0.694000	-0.023119
-0.018410	0.700000	-0.009819
-0.043448	0.708000	-0.026069
-0.043632	0.711000	-0.036152
0.009917	0.707000	-0.008677
-0.044184	0.720000	-0.002525
-0.001222	0.697000	-0.019553
-0.022281	0.706000	-0.003714
-0.016047	0.704000	-0.056780
-0.032275	0.708000	-0.048413
-0.034365	0.700000	-0.036820
0.018620	0.708000	-0.013655
-0.047305	0.710000	-0.027387
0.017600	0.717000	-0.001257
-0.001227	0.700000	-0.044184
0.006303	0.719000	0.002521
0.003814	0.725000	-0.058474
-0.038265	0.704000	-0.037030
0.007364	0.700000	-0.034365
-0.043570	0.710000	-0.037346
0.025921	0.704000	-0.030859
-0.040907	0.707000	-0.018594
0.026032	0.707000	-0.027271
-0.015212	0.723000	0.006338
-0.021342	0.716000	0.001255
-0.039297	0.723000	0.002535
-0.021371	0.717000	0.002514
-0.028108	0.697000	-0.017109
0.025921	0.704000	-0.034562
-0.024406	0.696000	-0.019525
-0.013424	0.696000	-0.014644
-0.047505	0.713000	-0.020002
0.012343	0.704000	-0.034562
-0.036978	0.703000	-0.035745
