-0.014938	0.710000	-0.038591
-0.021669	0.727000	-0.007648
-0.033187	0.728000	-0.015317
-0.009931	0.708000	-0.032275
0.015128	0.719000	-0.027734
0.015191	0.722000	-0.016457
-0.012449	0.710000	-0.033611
0.002490	0.710000	-0.041081
0.003766	0.716000	-0.048960
-0.030592	0.727000	-0.015296
-0.021461	0.720000	-0.013886
-0.029035	0.720000	-0.051758
-0.034322	0.725000	-0.030508
-0.031867	0.727000	-0.043339
-0.022944	0.727000	-0.007648
-0.015065	0.716000	-0.017575
-0.008874	0.723000	-0.007606
-0.001240	0.707000	-0.034709
-0.016388	0.719000	-0.051687
-0.025353	0.723000	-0.050706
-0.005099	0.727000	-0.003824
-0.027850	0.722000	-0.041775
-0.012466	0.711000	-0.026179
0.003782	0.719000	-0.017649
0.007532	0.716000	-0.051471
0.008763	0.714000	-0.030045
-0.024219	0.727000	-0.010197
-0.030382	0.722000	-0.029116
0.013867	0.719000	-0.027734
-0.021342	0.716000	-0.033895
-0.027773	0.720000	-0.034085
0.013829	0.717000	-0.032686
0.013867	0.719000	-0.028995
-0.020086	0.716000	-0.027619
-0.010057	0.717000	-0.052800
0.002521	0.719000	-0.016388
-0.003756	0.714000	-0.016274
0.010085	0.719000	-0.022692
-0.033278	0.730000	-0.014079
-0.029438	0.730000	-0.012799
-0.011204	0.710000	-0.031122
-0.018778	0.714000	-0.028793
-0.016206	0.711000	-0.034905
-0.006312	0.720000	-0.011362
0.010085	0.719000	-0.017649
-0.005050	0.720000	-0.011362
-0.012677	0.723000	-0.007606
-0.010127	0.722000	-0.010127
-0.022597	0.716000	-0.041428
-0.023852	0.716000	-0.036406
-0.008960	0.730000	-0.056317
0.002532	0.722000	-0.011393
-0.020283	0.723000	-0.053242
0.003735	0.710000	-0.029877
0.008874	0.723000	-0.013944
-0.015023	0.714000	-0.046320
-0.009959	0.710000	-0.028632
-0.014938	0.710000	-0.033611
-0.012466	0.711000	-0.024932
-0.021371	0.717000	-0.045257
-0.005064	0.722000	-0.008861
-0.022597	0.716000	-0.023852
-0.032959	0.723000	-0.029156
-0.010057	0.717000	-0.012571
-0.008751	0.713000	-0.047505
-0.020395	0.727000	-0.010197
0.018910	0.719000	-0.032777
-0.022692	0.719000	-0.016388
-0.007648	0.727000	-0.003824
-0.026474	0.719000	-0.025213
0.006233	0.711000	-0.036152
0.000000	0.719000	-0.012606
0.000000	0.710000	-0.044815
-0.029035	0.720000	-0.050496
0.002493	0.711000	-0.042385
-0.033050	0.725000	-0.034322
-0.034464	0.728000	-0.039569
-0.016343	0.717000	-0.016343
0.004979	0.710000	-0.033611
-0.023952	0.719000	-0.018910
-0.022786	0.722000	-0.050636
-0.030424	0.723000	-0.038030
-0.022597	0.716000	-0.033895
0.000000	0.713000	-0.022502
0.011362	0.720000	-0.021461
0.003735	0.710000	-0.031122
-0.020255	0.722000	-0.012659
-0.018831	0.716000	-0.045194
0.007532	0.716000	-0.046449
-0.011298	0.716000	-0.051471
-0.029156	0.723000	-0.045636
0.018910	0.719000	-0.036559
0.012554	0.716000	-0.031385
0.002490	0.710000	-0.039836
-0.025318	0.722000	-0.013925
-0.021699	0.728000	-0.005106
-0.023852	0.716000	-0.040172
-0.026989	0.733000	-0.007711
0.012554	0.716000	-0.033895
-0.007480	0.711000	-0.043632
-0.002479	0.707000	-0.034709
-0.002514	0.717000	-0.052800
0.017723	0.722000	-0.026584
-0.006382	0.728000	-0.002553
-0.010057	0.717000	-0.011314
0.001266	0.722000	-0.008861
0.000000	0.710000	-0.039836
0.003740	0.711000	-0.027426
-0.017600	0.717000	-0.016343
0.010015	0.714000	-0.040060
-0.007448	0.708000	-0.029793
-0.003750	0.713000	-0.020002
-0.012519	0.714000	-0.018778
0.015149	0.720000	-0.023986
-0.020114	0.717000	-0.017600
-0.006207	0.708000	-0.033517
-0.017502	0.713000	-0.041254
0.001250	0.713000	-0.052505
0.012571	0.717000	-0.045257
0.008726	0.711000	-0.034905
-0.026915	0.731000	-0.010253
0.010085	0.719000	-0.018910
-0.013713	0.711000	-0.042385
-0.011204	0.710000	-0.034856
-0.013829	0.717000	-0.051543
0.001245	0.710000	-0.041081
0.015149	0.720000	-0.026510
0.012554	0.716000	-0.032640
0.016388	0.719000	-0.040341
-0.015023	0.714000	-0.020030
0.013829	0.717000	-0.044000
0.003735	0.710000	-0.028632
-0.030382	0.722000	-0.035445
-0.003724	0.708000	-0.035999
-0.009931	0.708000	-0.037241
-0.037271	0.733000	-0.024419
0.010043	0.716000	-0.025108
-0.037271	0.733000	-0.019278
-0.018857	0.717000	-0.018857
0.007532	0.716000	-0.050215
-0.031911	0.728000	-0.015317
-0.029317	0.727000	-0.015296
-0.033187	0.728000	-0.021699
-0.016343	0.717000	-0.050286
-0.021342	0.716000	-0.028874
0.012571	0.717000	-0.040228
-0.016206	0.711000	-0.028672
-0.025143	0.717000	-0.035200
-0.001245	0.710000	-0.043570
0.002532	0.722000	-0.010127
-0.013944	0.723000	-0.008874
-0.001257	0.717000	-0.013829
-0.011440	0.725000	-0.006356
-0.018910	0.719000	-0.050426
-0.027850	0.722000	-0.043041
-0.002483	0.708000	-0.027310
-0.008714	0.710000	-0.028632
-0.006330	0.722000	-0.010127
-0.039841	0.733000	-0.026989
0.012554	0.716000	-0.035151
-0.023986	0.720000	-0.015149
0.016411	0.720000	-0.027773
0.002493	0.711000	-0.052358
0.002483	0.708000	-0.037241
-0.003740	0.711000	-0.046125
-0.033142	0.727000	-0.039515
-0.015128	0.719000	-0.051687
-0.012449	0.710000	-0.034856
0.001261	0.719000	-0.015128
-0.004979	0.710000	-0.027387
-0.035838	0.730000	-0.037118
-0.004965	0.708000	-0.038482
0.003766	0.716000	-0.050215
0.013886	0.720000	-0.022723
-0.032174	0.734000	-0.010296
0.005022	0.716000	-0.048960
-0.003824	0.727000	-0.003824
-0.015254	0.725000	-0.006356
-0.006207	0.708000	-0.038482
-0.011251	0.713000	-0.020002
-0.022692	0.719000	-0.017649
-0.010043	0.716000	-0.016320
-0.008874	0.723000	-0.006338
-0.028197	0.731000	-0.011535
-0.011220	0.711000	-0.043632
0.001247	0.711000	-0.023686
-0.032042	0.731000	-0.012817
-0.020423	0.728000	-0.008935
-0.034464	0.728000	-0.040846
-0.001247	0.711000	-0.023686
-0.006356	0.725000	-0.005085
0.010015	0.714000	-0.033801
0.000000	0.707000	-0.033469
-0.001268	0.723000	-0.005071
-0.030382	0.722000	-0.036711
-0.015254	0.725000	-0.007627
-0.016320	0.716000	-0.020086
-0.007448	0.708000	-0.039724
-0.012519	0.714000	-0.047571
-0.027850	0.722000	-0.048104
-0.028274	0.733000	-0.008996
-0.003735	0.710000	-0.023652
0.003740	0.711000	-0.042385
-0.022818	0.723000	-0.011409
-0.014959	0.711000	-0.024932
0.012571	0.717000	-0.044000
-0.030508	0.725000	-0.043220
-0.013751	0.713000	-0.021252
-0.018857	0.717000	-0.020114
-0.027850	0.722000	-0.021520
-0.001247	0.711000	-0.047372
-0.017600	0.717000	-0.049028
-0.015002	0.713000	-0.021252
-0.020114	0.717000	-0.020114
0.011298	0.716000	-0.038917
-0.023852	0.716000	-0.035151
-0.007511	0.714000	-0.017526
-0.017502	0.713000	-0.036254
-0.023952	0.719000	-0.020170
-0.002514	0.717000	-0.015086
-0.022597	0.716000	-0.031385
-0.001241	0.708000	-0.037241
-0.025143	0.717000	-0.036457
-0.033142	0.727000	-0.035691
-0.004979	0.710000	-0.041081
-0.015065	0.716000	-0.018831
-0.027850	0.722000	-0.045573
-0.011314	0.717000	-0.013829
-0.012449	0.710000	-0.031122
-0.007532	0.716000	-0.013809
-0.017723	0.722000	-0.053168
-0.017600	0.717000	-0.017600
-0.027773	0.720000	-0.049234
0.003787	0.720000	-0.008837
-0.030382	0.722000	-0.032914
-0.021520	0.722000	-0.012659
0.000000	0.711000	-0.024932
0.013867	0.719000	-0.020170
-0.018778	0.714000	-0.041312
-0.001240	0.707000	-0.035949
0.011298	0.716000	-0.030129
0.010169	0.725000	-0.013983
0.013944	0.723000	-0.015212
0.000000	0.711000	-0.047372
0.010015	0.714000	-0.037556
-0.018752	0.713000	-0.033753
-0.023852	0.716000	-0.028874
-0.015086	0.717000	-0.016343
-0.007469	0.710000	-0.024897
0.000000	0.708000	-0.037241
-0.017502	0.713000	-0.037504
-0.035985	0.733000	-0.020563
-0.013771	0.714000	-0.018778
0.012571	0.717000	-0.047771
-0.002493	0.711000	-0.044878
0.005043	0.719000	-0.016388
-0.025143	0.717000	-0.040228
-0.012449	0.710000	-0.041081
-0.011267	0.714000	-0.018778
-0.001262	0.720000	-0.011362
-0.023952	0.719000	-0.017649
0.003756	0.714000	-0.051327
0.006303	0.719000	-0.018910
0.002514	0.717000	-0.017600
0.010043	0.716000	-0.043939
-0.038556	0.733000	-0.025704
-0.007501	0.713000	-0.046255
-0.014959	0.711000	-0.037399
-0.008788	0.716000	-0.015065
-0.024252	0.728000	-0.007659
-0.001241	0.708000	-0.038482
-0.025493	0.727000	-0.011472
-0.022786	0.722000	-0.012659
0.005029	0.717000	-0.051543
0.000000	0.723000	-0.005071
-0.029035	0.720000	-0.036610
0.006330	0.722000	-0.015191
-0.021342	0.716000	-0.032640
-0.013694	0.710000	-0.033611
0.000000	0.714000	-0.020030
-0.030508	0.725000	-0.039406
0.006251	0.713000	-0.027503
-0.033050	0.725000	-0.033050
0.016343	0.717000	-0.037714
-0.020086	0.716000	-0.036406
0.006277	0.716000	-0.021342
-0.013751	0.713000	-0.022502
-0.021371	0.717000	-0.017600
0.016411	0.720000	-0.020198
-0.010001	0.713000	-0.046255
-0.030424	0.723000	-0.046903
-0.018752	0.713000	-0.032503
-0.027773	0.720000	-0.036610
-0.006338	0.723000	-0.007606
-0.013809	0.716000	-0.016320
0.016411	0.720000	-0.021461
-0.011204	0.710000	-0.028632
-0.030424	0.723000	-0.040565
0.001241	0.708000	-0.035999
0.012659	0.722000	-0.016457
-0.015128	0.719000	-0.013867
-0.020086	0.716000	-0.026363
-0.031691	0.723000	-0.025353
-0.020086	0.716000	-0.037662
-0.026474	0.719000	-0.041601
-0.012606	0.719000	-0.011346
0.001247	0.711000	-0.046125
-0.029035	0.720000	-0.034085
-0.021610	0.725000	-0.053389
0.003787	0.720000	-0.010099
-0.031779	0.725000	-0.041949
0.018857	0.717000	-0.035200
-0.014959	0.711000	-0.043632
-0.035985	0.733000	-0.021848
-0.012554	0.716000	-0.016320
-0.030382	0.722000	-0.034179
-0.007532	0.716000	-0.050215
0.017649	0.719000	-0.031516
0.001255	0.716000	-0.018831
-0.030508	0.725000	-0.021610
0.012624	0.720000	-0.023986
-0.008751	0.713000	-0.020002
-0.026474	0.719000	-0.036559
0.005029	0.717000	-0.018857
0.010099	0.720000	-0.020198
-0.024252	0.728000	-0.006382
-0.035887	0.731000	-0.024352
-0.022597	0.716000	-0.043939
-0.029600	0.734000	-0.009009
-0.030382	0.722000	-0.027850
-0.015149	0.720000	-0.054283
-0.033324	0.731000	-0.012817
-0.015065	0.716000	-0.047705
-0.004986	0.711000	-0.044878
-0.001240	0.707000	-0.032230
-0.015128	0.719000	-0.052947
0.013829	0.717000	-0.036457
0.010043	0.716000	-0.028874
-0.010141	0.723000	-0.007606
-0.030508	0.725000	-0.020339
0.012571	0.717000	-0.028914
-0.023852	0.716000	-0.041428
-0.001266	0.722000	-0.008861
0.002483	0.708000	-0.031034
0.006312	0.720000	-0.016411
-0.002521	0.719000	-0.012606
-0.012449	0.710000	-0.032367
-0.029600	0.734000	-0.007722
0.000000	0.716000	-0.050215
-0.031867	0.727000	-0.022944
-0.017526	0.714000	-0.022534
-0.039841	0.733000	-0.024419
-0.023886	0.717000	-0.022629
-0.028313	0.734000	-0.006435
0.011298	0.716000	-0.032640
-0.029035	0.720000	-0.026510
0.015149	0.720000	-0.017674
-0.011346	0.719000	-0.011346
-0.030634	0.728000	-0.014041
0.006233	0.711000	-0.038645
-0.016274	0.714000	-0.045068
-0.003750	0.713000	-0.017502
-0.007627	0.725000	-0.005085
-0.007480	0.711000	-0.021193
0.013867	0.719000	-0.018910
-0.023852	0.716000	-0.038917
-0.012606	0.719000	-0.012606
-0.025143	0.717000	-0.028914
0.013829	0.717000	-0.035200
-0.007448	0.708000	-0.032275
-0.030424	0.723000	-0.025353
-0.026510	0.720000	-0.050496
0.002525	0.720000	-0.015149
-0.020030	0.714000	-0.031297
-0.020170	0.719000	-0.047905
0.007595	0.722000	-0.013925
-0.003735	0.710000	-0.024897
0.005050	0.720000	-0.015149
-0.017526	0.714000	-0.042564
0.006277	0.716000	-0.022597
-0.007680	0.730000	-0.056317
0.010015	0.714000	-0.041312
-0.002525	0.720000	-0.011362
-0.021461	0.720000	-0.046709
0.001241	0.708000	-0.032275
-0.015212	0.723000	-0.008874
-0.001250	0.713000	-0.048755
-0.026474	0.719000	-0.035298
0.006286	0.717000	-0.020114
-0.029116	0.722000	-0.024052
-0.001257	0.717000	-0.052800
-0.006259	0.714000	-0.050075
0.006312	0.720000	-0.017674
-0.006224	0.710000	-0.024897
0.000000	0.722000	-0.008861
-0.021461	0.720000	-0.047971
-0.002535	0.723000	-0.006338
-0.020198	0.720000	-0.049234
-0.021371	0.717000	-0.022629
-0.011488	0.728000	-0.003829
0.001255	0.716000	-0.050215
-0.034464	0.728000	-0.038293
-0.030424	0.723000	-0.045636
-0.005029	0.717000	-0.054057
0.011298	0.716000	-0.036406
-0.012501	0.713000	-0.046255
-0.025143	0.717000	-0.037714
-0.034558	0.730000	-0.014079
0.005050	0.720000	-0.008837
0.002490	0.710000	-0.038591
-0.003735	0.710000	-0.043570
0.004986	0.711000	-0.031166
-0.031691	0.723000	-0.046903
-0.007532	0.716000	-0.016320
-0.033050	0.725000	-0.031779
-0.027773	0.720000	-0.039134
0.008763	0.714000	-0.027541
-0.002490	0.710000	-0.039836
-0.008763	0.714000	-0.048823
0.002511	0.716000	-0.018831
0.012571	0.717000	-0.027657
0.002483	0.708000	-0.033517
-0.016411	0.720000	-0.053021
0.005022	0.716000	-0.021342
-0.001252	0.714000	-0.018778
0.011346	0.719000	-0.023952
-0.006224	0.710000	-0.027387
-0.037169	0.731000	-0.017944
-0.012466	0.711000	-0.022439
-0.016411	0.720000	-0.012624
-0.007543	0.717000	-0.012571
-0.033142	0.727000	-0.024219
-0.012554	0.716000	-0.050215
-0.001257	0.717000	-0.055314
-0.021550	0.723000	-0.051974
0.000000	0.713000	-0.021252
-0.020114	0.717000	-0.046514
-0.012571	0.717000	-0.052800
-0.029116	0.722000	-0.037977
-0.030382	0.722000	-0.026584
-0.035593	0.725000	-0.034322
0.015086	0.717000	-0.037714
-0.021342	0.716000	-0.043939
-0.001241	0.708000	-0.027310
0.000000	0.716000	-0.018831
-0.016206	0.711000	-0.041138
0.007480	0.711000	-0.032412
-0.024086	0.723000	-0.011409
0.000000	0.719000	-0.013867
0.010043	0.716000	-0.046449
-0.003735	0.710000	-0.042325
-0.016457	0.722000	-0.054434
-0.004979	0.710000	-0.026142
0.011362	0.720000	-0.018936
0.007511	0.714000	-0.028793
-0.012466	0.711000	-0.043632
-0.008861	0.722000	-0.010127
-0.008714	0.710000	-0.041081
-0.011488	0.728000	-0.002553
-0.001257	0.717000	-0.051543
0.010015	0.714000	-0.047571
-0.012449	0.710000	-0.027387
-0.016206	0.711000	-0.027426
-0.017453	0.711000	-0.032412
-0.026510	0.720000	-0.018936
0.001250	0.713000	-0.051255
-0.005008	0.714000	-0.050075
0.018910	0.719000	-0.034037
-0.017453	0.711000	-0.034905
-0.009959	0.710000	-0.041081
0.013829	0.717000	-0.038971
0.004979	0.710000	-0.032367
-0.029116	0.722000	-0.025318
-0.025248	0.720000	-0.018936
-0.025353	0.723000	-0.048171
0.002483	0.708000	-0.032275
-0.030508	0.725000	-0.022881
-0.026474	0.719000	-0.037819
-0.027850	0.722000	-0.020255
-0.002490	0.710000	-0.023652
-0.008690	0.708000	-0.029793
-0.012554	0.716000	-0.048960
-0.033187	0.728000	-0.022976
0.001261	0.719000	-0.013867
-0.014959	0.711000	-0.042385
-0.012466	0.711000	-0.044878
-0.029479	0.731000	-0.011535
0.007595	0.722000	-0.012659
0.012571	0.717000	-0.042743
-0.011314	0.717000	-0.052800
-0.012554	0.716000	-0.015065
0.013829	0.717000	-0.033943
0.000000	0.708000	-0.029793
-0.029559	0.733000	-0.010282
-0.011393	0.722000	-0.010127
0.005001	0.713000	-0.042504
-0.006224	0.710000	-0.028632
-0.026621	0.723000	-0.015212
0.006251	0.713000	-0.043754
-0.017502	0.713000	-0.025003
