-0.001234	0.704000	0.002469
-0.021903	0.694000	-0.012168
-0.023086	0.693000	-0.044957
0.016092	0.706000	-0.024757
-0.009819	0.700000	0.001227
-0.014518	0.690000	-0.030245
0.000000	0.698000	-0.006119
-0.015910	0.698000	-0.001224
0.001220	0.696000	-0.037830
0.014812	0.704000	-0.023453
0.003687	0.701000	-0.046705
0.022313	0.707000	-0.027271
-0.043018	0.701000	-0.029498
-0.029751	0.707000	-0.002479
0.004881	0.696000	-0.029288
0.011062	0.701000	-0.027040
-0.006145	0.701000	0.002458
-0.045005	0.713000	-0.036254
-0.004867	0.694000	-0.015819
-0.006084	0.694000	-0.010951
0.016183	0.710000	-0.042325
-0.026886	0.697000	-0.006110
-0.014581	0.693000	-0.021871
-0.026654	0.691000	-0.035135
-0.003687	0.701000	-0.000000
-0.016024	0.703000	0.002465
-0.024231	0.691000	-0.041193
-0.043518	0.730000	0.001280
-0.009678	0.690000	-0.033874
-0.035644	0.701000	-0.049163
-0.030289	0.691000	-0.029077
-0.008628	0.703000	-0.057932
-0.011093	0.703000	0.003698
-0.031867	0.727000	0.011472
0.021044	0.706000	-0.006189
-0.033043	0.698000	-0.046505
-0.044859	0.731000	-0.006408
-0.013713	0.711000	0.012466
-0.016047	0.704000	0.004937
0.000000	0.713000	0.010001
-0.034169	0.696000	-0.024406
-0.004881	0.696000	-0.046372
0.007427	0.706000	-0.000000
-0.001220	0.696000	-0.019525
0.013578	0.704000	-0.013578
-0.026770	0.694000	-0.047456
0.007343	0.698000	-0.018357
-0.023419	0.703000	-0.001233
0.001252	0.714000	0.012519
-0.034513	0.703000	-0.051769
-0.023020	0.691000	-0.039981
0.019750	0.704000	-0.004937
0.006110	0.697000	-0.017109
-0.040958	0.730000	0.001280
0.002455	0.700000	-0.046639
-0.008726	0.711000	0.013713
-0.019441	0.693000	-0.041312
-0.039515	0.727000	-0.003824
0.014812	0.704000	-0.020984
-0.009692	0.691000	-0.037558
-0.034464	0.728000	0.011488
-0.007322	0.696000	-0.006102
-0.035389	0.696000	-0.014644
-0.012098	0.690000	-0.035084
-0.034218	0.697000	-0.021997
-0.027001	0.700000	-0.002455
-0.032996	0.697000	-0.045217
-0.046709	0.720000	-0.025248
-0.010951	0.694000	-0.013385
-0.009735	0.694000	-0.017035
-0.022092	0.700000	-0.056457
-0.021044	0.706000	0.006189
-0.029237	0.725000	0.010169
-0.008505	0.693000	-0.024301
-0.004860	0.693000	-0.031592
0.006110	0.697000	-0.018331
-0.020567	0.690000	-0.020567
-0.031728	0.696000	-0.020745
-0.003650	0.694000	-0.017035
-0.053021	0.720000	-0.027773
-0.001238	0.706000	0.003714
-0.002448	0.698000	-0.004895
0.000000	0.704000	-0.058014
-0.027866	0.691000	-0.033923
-0.004860	0.693000	-0.037667
-0.015955	0.700000	-0.055230
0.013636	0.707000	-0.006198
-0.016962	0.691000	-0.038770
-0.013308	0.690000	-0.027825
-0.022029	0.698000	-0.055072
-0.017109	0.697000	-0.003666
-0.007290	0.693000	-0.023086
-0.051543	0.717000	-0.033943
-0.002469	0.704000	-0.056780
0.018594	0.707000	-0.026032
-0.025516	0.693000	-0.013366
-0.015796	0.693000	-0.014581
-0.019068	0.725000	0.015254
-0.001217	0.694000	-0.026770
-0.032807	0.693000	-0.032807
-0.019525	0.696000	-0.009763
0.001247	0.711000	0.006233
-0.019553	0.697000	-0.050105
-0.046141	0.731000	-0.007690
-0.025406	0.690000	-0.030245
0.006110	0.697000	-0.025664
-0.007364	0.700000	-0.000000
-0.008518	0.694000	-0.047456
-0.048960	0.716000	-0.041428
-0.038047	0.700000	-0.020865
0.011093	0.703000	-0.024652
-0.022218	0.704000	-0.000000
-0.014518	0.690000	-0.029035
-0.009791	0.698000	-0.002448
0.002441	0.696000	-0.010983
-0.018568	0.706000	0.007427
-0.026924	0.698000	-0.004895
0.012449	0.710000	-0.003735
0.001217	0.694000	-0.014602
-0.052947	0.719000	-0.030256
-0.041968	0.704000	-0.023453
-0.006084	0.694000	-0.014602
-0.004881	0.696000	-0.008542
-0.015887	0.697000	-0.002444
0.019918	0.710000	-0.036101
-0.003703	0.704000	0.003703
0.003661	0.696000	-0.024406
-0.011204	0.710000	0.011204
0.008567	0.698000	-0.022029
-0.030815	0.703000	-0.051769
-0.008505	0.693000	-0.021871
-0.028229	0.700000	-0.051548
-0.031728	0.696000	-0.017084
0.018673	0.710000	-0.039836
-0.030382	0.722000	0.006330
-0.036864	0.725000	-0.012712
0.013578	0.704000	-0.029624
0.017330	0.706000	-0.008665
0.016092	0.706000	-0.029708
0.021163	0.710000	-0.013694
-0.026731	0.693000	-0.046172
-0.034218	0.697000	-0.020775
-0.002434	0.694000	-0.026770
-0.007301	0.694000	-0.008518
-0.035347	0.720000	-0.008837
-0.013501	0.700000	-0.000000
-0.010001	0.713000	0.015002
0.002441	0.696000	-0.024406
-0.017747	0.723000	0.012677
0.013578	0.704000	-0.011109
-0.017354	0.707000	0.008677
-0.047358	0.730000	-0.016639
-0.035440	0.697000	-0.018331
-0.023020	0.691000	-0.015750
-0.003682	0.700000	-0.052775
0.002441	0.696000	-0.032949
0.001220	0.696000	-0.036610
-0.016937	0.690000	-0.030245
-0.038240	0.727000	0.003824
-0.015819	0.694000	-0.046239
-0.010951	0.694000	-0.009735
0.004881	0.696000	-0.012203
-0.024441	0.697000	-0.007332
0.000000	0.696000	-0.008542
-0.031592	0.693000	-0.036452
-0.018147	0.690000	-0.032665
-0.041182	0.734000	-0.056626
-0.032949	0.696000	-0.017084
-0.027946	0.693000	-0.041312
-0.022124	0.701000	-0.057767
-0.013366	0.693000	-0.043742
-0.035445	0.722000	-0.000000
-0.040846	0.728000	-0.003829
-0.031774	0.697000	-0.046439
-0.032822	0.720000	0.002525
0.000000	0.713000	0.012501
0.000000	0.698000	-0.007343
-0.009735	0.694000	-0.009735
0.001220	0.696000	-0.035389
-0.011046	0.700000	-0.056457
-0.003650	0.694000	-0.019469
-0.036662	0.697000	-0.015887
-0.029204	0.694000	-0.017035
0.001217	0.694000	-0.026770
-0.009763	0.696000	-0.004881
0.006172	0.704000	-0.051843
-0.018147	0.690000	-0.022986
-0.035347	0.720000	-0.002525
-0.021808	0.691000	-0.027866
-0.038293	0.728000	0.007659
-0.017035	0.694000	-0.046239
-0.008591	0.700000	0.001227
-0.020805	0.698000	-0.052625
-0.031648	0.722000	0.006330
-0.035347	0.720000	-0.007574
-0.031728	0.696000	-0.041491
-0.040958	0.730000	0.003840
0.001217	0.694000	-0.015819
-0.001217	0.694000	-0.038938
-0.045888	0.727000	-0.020395
-0.028269	0.701000	-0.002458
-0.001217	0.694000	-0.009735
-0.014749	0.701000	-0.057767
-0.014791	0.703000	0.002465
0.004895	0.698000	-0.008567
-0.018331	0.697000	-0.051327
-0.018147	0.690000	-0.031455
0.001247	0.711000	0.007480
0.004888	0.697000	-0.010999
-0.028043	0.727000	0.011472
-0.026654	0.691000	-0.015750
0.011093	0.703000	-0.014791
0.021252	0.713000	-0.021252
-0.024547	0.700000	-0.002455
-0.009973	0.711000	0.013713
-0.044054	0.739000	-0.053124
-0.044368	0.723000	-0.020283
-0.030946	0.706000	-0.056941
0.002465	0.703000	-0.051769
0.000000	0.694000	-0.027987
0.000000	0.700000	-0.003682
-0.029372	0.698000	-0.048953
0.013578	0.704000	-0.014812
0.001227	0.700000	-0.003682
-0.023186	0.696000	-0.050033
0.008567	0.698000	-0.019581
-0.016937	0.690000	-0.031455
-0.019385	0.691000	-0.036347
0.019862	0.708000	-0.034758
0.001220	0.696000	-0.032949
-0.022313	0.707000	0.007438
-0.038135	0.725000	-0.012712
-0.004860	0.693000	-0.032807
-0.002476	0.706000	0.004951
-0.039162	0.698000	-0.026924
-0.035288	0.694000	-0.030420
-0.012466	0.711000	0.012466
-0.034169	0.696000	-0.012203
0.014959	0.711000	-0.046125
0.002441	0.696000	-0.031728
-0.002434	0.694000	-0.038938
-0.046320	0.714000	-0.040060
-0.026770	0.694000	-0.010951
-0.026847	0.696000	-0.048813
-0.013694	0.710000	0.011204
-0.020656	0.693000	-0.013366
-0.036711	0.722000	-0.003798
-0.001224	0.698000	-0.050177
-0.039162	0.698000	-0.035491
-0.037884	0.697000	-0.034218
0.003682	0.700000	-0.004909
-0.045951	0.728000	-0.015317
-0.050328	0.736000	-0.005162
-0.017011	0.693000	-0.042527
-0.002500	0.713000	0.012501
-0.008505	0.693000	-0.038882
-0.030552	0.697000	-0.009777
-0.002434	0.694000	-0.025553
-0.048438	0.727000	-0.017845
-0.040502	0.700000	-0.034365
-0.029330	0.697000	-0.008555
-0.026142	0.710000	0.003735
0.007364	0.700000	-0.030683
-0.024196	0.690000	-0.026616
0.012449	0.710000	-0.002490
0.013655	0.708000	-0.042206
-0.007301	0.694000	-0.045022
-0.029161	0.693000	-0.043742
-0.004867	0.694000	-0.017035
-0.045636	0.723000	-0.021550
-0.046267	0.733000	-0.001285
-0.024301	0.693000	-0.046172
-0.041789	0.701000	-0.024582
0.016092	0.706000	-0.032184
-0.035740	0.728000	-0.057439
-0.049781	0.728000	-0.014041
-0.025443	0.691000	-0.020596
-0.020865	0.700000	-0.003682
-0.047422	0.731000	-0.008972
-0.040790	0.727000	-0.019120
-0.035440	0.697000	-0.041550
-0.048960	0.716000	-0.045194
-0.052549	0.731000	-0.017944
-0.001224	0.698000	-0.006119
-0.010904	0.691000	-0.027866
-0.020656	0.693000	-0.014581
-0.002434	0.694000	-0.032854
-0.002493	0.711000	0.008726
0.017379	0.708000	-0.017379
-0.026654	0.691000	-0.019385
-0.009917	0.707000	0.008677
-0.002490	0.710000	0.007469
-0.043632	0.711000	-0.041138
-0.013269	0.688000	-0.032570
-0.009861	0.703000	0.003698
-0.006137	0.700000	-0.002455
0.009833	0.701000	-0.038102
-0.024231	0.691000	-0.016962
-0.009833	0.701000	-0.058996
-0.008505	0.693000	-0.025516
-0.024196	0.690000	-0.033874
-0.031592	0.693000	-0.026731
-0.044859	0.731000	-0.002563
-0.032807	0.693000	-0.030377
-0.014581	0.693000	-0.041312
0.019918	0.710000	-0.014938
-0.020656	0.693000	-0.043742
-0.037939	0.698000	-0.024477
-0.035491	0.698000	-0.045282
-0.009735	0.694000	-0.008518
-0.039499	0.704000	-0.049374
-0.030420	0.694000	-0.017035
0.004951	0.706000	-0.055703
-0.002434	0.694000	-0.034071
0.018620	0.708000	-0.024827
-0.022786	0.722000	0.011393
-0.009720	0.693000	-0.040097
-0.013385	0.694000	-0.010951
0.008640	0.704000	-0.004937
-0.037884	0.697000	-0.030552
-0.038265	0.704000	-0.050608
-0.047771	0.717000	-0.028914
-0.021871	0.693000	-0.035237
-0.013713	0.711000	0.013713
-0.001234	0.704000	-0.058014
0.003735	0.710000	0.004979
-0.009735	0.694000	-0.010951
-0.017354	0.707000	0.007438
-0.036873	0.701000	-0.049163
0.003661	0.696000	-0.019525
-0.015727	0.690000	-0.031455
-0.025443	0.691000	-0.019385
-0.029077	0.691000	-0.030289
-0.015727	0.690000	-0.027825
-0.031819	0.698000	-0.048953
-0.011204	0.710000	0.009959
-0.002444	0.697000	-0.048883
-0.016962	0.691000	-0.041193
-0.024196	0.690000	-0.036294
0.011141	0.706000	-0.043325
-0.025406	0.690000	-0.026616
-0.001250	0.713000	0.012501
0.011141	0.706000	-0.042087
0.003661	0.696000	-0.029288
-0.040502	0.700000	-0.027001
0.012343	0.704000	-0.017281
0.013578	0.704000	-0.023453
-0.009678	0.690000	-0.035084
-0.018147	0.690000	-0.027825
-0.039569	0.728000	0.008935
0.009819	0.700000	-0.027001
-0.003650	0.694000	-0.020686
-0.006110	0.697000	-0.050105
-0.002448	0.698000	-0.050177
-0.017256	0.703000	-0.059164
0.005001	0.713000	0.006251
0.003661	0.696000	-0.035389
-0.013443	0.697000	-0.051327
-0.028269	0.701000	-0.055309
-0.004867	0.694000	-0.020686
0.016115	0.707000	-0.038428
-0.029456	0.700000	-0.004909
0.001217	0.694000	-0.029204
-0.046267	0.733000	-0.005141
-0.037884	0.697000	-0.035440
-0.015955	0.700000	-0.000000
-0.047422	0.731000	-0.007690
0.011093	0.703000	-0.038210
-0.030377	0.693000	-0.038882
0.001229	0.701000	-0.052851
0.002448	0.698000	-0.006119
-0.023553	0.707000	0.006198
0.002465	0.703000	-0.002465
-0.017084	0.696000	-0.047592
-0.013308	0.690000	-0.030245
-0.027040	0.701000	-0.055309
-0.026654	0.691000	-0.025443
-0.012168	0.694000	-0.014602
-0.030859	0.704000	-0.054311
0.000000	0.694000	-0.034071
0.008591	0.700000	-0.035593
-0.048960	0.716000	-0.033895
-0.032914	0.722000	0.005064
0.016092	0.706000	-0.022281
0.011172	0.708000	-0.048413
0.001220	0.696000	-0.018305
-0.038135	0.725000	-0.011440
-0.048637	0.730000	-0.012799
0.004979	0.710000	0.004979
-0.043754	0.713000	-0.046255
-0.036662	0.697000	-0.040328
-0.020954	0.703000	-0.001233
-0.009777	0.697000	-0.050105
-0.007375	0.701000	0.002458
-0.004937	0.704000	0.003703
0.000000	0.696000	-0.031728
-0.038135	0.725000	-0.003814
-0.002465	0.703000	-0.055467
0.019834	0.707000	-0.028511
-0.003671	0.698000	-0.051401
-0.006233	0.711000	0.013713
-0.019665	0.701000	-0.057767
-0.047771	0.717000	-0.027657
-0.019581	0.698000	-0.003671
-0.047552	0.733000	-0.002570
0.007375	0.701000	-0.040560
-0.038135	0.725000	-0.006356
0.001217	0.694000	-0.012168
-0.036820	0.700000	-0.045411
0.004888	0.697000	-0.035440
-0.008640	0.704000	0.004937
0.000000	0.696000	-0.039050
-0.039841	0.733000	-0.056549
-0.039443	0.703000	-0.044373
-0.032640	0.716000	-0.003766
0.004909	0.700000	-0.042957
0.009819	0.700000	-0.035593
-0.025700	0.698000	-0.053848
-0.050987	0.727000	-0.019120
-0.032949	0.696000	-0.043932
-0.007375	0.701000	-0.055309
-0.002476	0.706000	-0.059417
-0.021871	0.693000	-0.015796
-0.029456	0.700000	-0.050321
-0.023020	0.691000	-0.033923
-0.006172	0.704000	0.004937
0.016092	0.706000	-0.017330
-0.050286	0.717000	-0.032686
-0.001217	0.694000	-0.021903
0.019862	0.708000	-0.033517
0.008665	0.706000	-0.049514
-0.013366	0.693000	-0.021871
-0.022092	0.700000	-0.003682
0.002434	0.694000	-0.013385
-0.008555	0.697000	-0.003666
-0.027866	0.691000	-0.029077
-0.036715	0.698000	-0.022029
-0.021044	0.706000	0.003714
-0.030377	0.693000	-0.043742
-0.032949	0.696000	-0.042711
-0.048960	0.716000	-0.043939
-0.012168	0.694000	-0.046239
-0.035494	0.723000	-0.011409
-0.027946	0.693000	-0.015796
0.021073	0.707000	-0.027271
0.016092	0.706000	-0.027233
0.014812	0.704000	-0.019750
-0.032807	0.693000	-0.029161
-0.020596	0.691000	-0.016962
-0.041610	0.698000	-0.029372
0.019918	0.710000	-0.024897
-0.024196	0.690000	-0.020567
-0.049781	0.728000	-0.015317
0.002448	0.698000	-0.007343
-0.035347	0.720000	-0.005050
0.017379	0.708000	-0.034758
-0.027866	0.691000	-0.037558
-0.018147	0.690000	-0.029035
-0.012151	0.693000	-0.023086
-0.021776	0.690000	-0.020567
-0.006110	0.697000	-0.006110
-0.004881	0.696000	-0.047592
-0.001229	0.701000	-0.001229
-0.048504	0.728000	-0.015317
-0.006075	0.693000	-0.025516
-0.009819	0.700000	-0.054003
0.001234	0.704000	-0.055546
-0.006110	0.697000	-0.051327
0.012326	0.703000	-0.030815
-0.031637	0.694000	-0.038938
-0.027866	0.691000	-0.038770
-0.040560	0.701000	-0.023353
0.008714	0.710000	0.001245
-0.001217	0.694000	-0.015819
-0.017330	0.706000	0.006189
0.007364	0.700000	-0.039275
-0.014581	0.693000	-0.020656
0.012326	0.703000	-0.019721
-0.034660	0.706000	-0.053228
-0.037016	0.728000	-0.057439
0.004881	0.696000	-0.014644
-0.003650	0.694000	-0.021903
0.009903	0.706000	-0.004951
0.004881	0.696000	-0.015864
0.001233	0.703000	-0.001233
0.000000	0.696000	-0.021966
0.014812	0.704000	-0.013578
0.022502	0.713000	-0.020002
-0.020745	0.696000	-0.048813
0.001252	0.714000	0.011267
0.008640	0.704000	-0.043202
-0.032047	0.703000	-0.051769
0.017354	0.707000	-0.024792
0.021252	0.713000	-0.020002
-0.015864	0.696000	-0.004881
0.013578	0.704000	-0.033327
-0.007396	0.703000	-0.057932
-0.022986	0.690000	-0.024196
0.017330	0.706000	-0.009903
-0.020283	0.723000	0.011409
