0.010367	0.657000	0.056445
0.018319	0.653000	0.079000
-0.032254	0.657000	0.069116
0.018459	0.658000	0.063453
-0.002265	0.646000	0.069092
-0.034576	0.680000	0.026230
-0.024890	0.676000	0.013038
-0.008002	0.652000	0.061731
0.022969	0.655000	0.075797
0.023214	0.662000	0.070803
-0.030960	0.654000	0.072241
0.024191	0.657000	0.077180
0.022087	0.663000	0.067423
-0.011397	0.650000	0.083196
0.009145	0.652000	0.084595
-0.032107	0.654000	0.074534
-0.016078	0.655000	0.086132
0.018347	0.654000	0.084854
0.008039	0.655000	0.058570
0.022087	0.663000	0.062773
-0.001133	0.646000	0.071357
-0.038419	0.664000	0.078002
0.012613	0.654000	0.063067
0.019643	0.659000	0.063550
0.000000	0.650000	0.062682
0.005716	0.652000	0.064018
0.004573	0.652000	0.084595
-0.017384	0.661000	0.089239
-0.002286	0.652000	0.060588
-0.030908	0.678000	0.020209
0.002269	0.647000	0.070333
-0.038303	0.662000	0.070803
-0.024854	0.675000	0.015386
-0.038770	0.691000	0.009692
-0.034874	0.663000	0.061610
0.010289	0.652000	0.083452
0.001134	0.647000	0.077140
-0.022486	0.675000	0.020119
0.020672	0.655000	0.079242
-0.038419	0.664000	0.074510
-0.014816	0.650000	0.083196
-0.018291	0.652000	0.057159
0.005733	0.654000	0.058481
0.008002	0.652000	0.064018
-0.030042	0.659000	0.061239
-0.011362	0.648000	0.080667
-0.014930	0.655000	0.086132
0.033673	0.835000	-0.004392
0.001145	0.653000	0.059536
0.004580	0.653000	0.085869
-0.025034	0.649000	0.081930
-0.001175	0.670000	0.090454
-0.002279	0.650000	0.051285
-0.030913	0.653000	0.075565
-0.033660	0.662000	0.061517
-0.011467	0.654000	0.051601
0.020672	0.655000	0.080390
-0.021335	0.676000	0.013038
-0.006985	0.664000	0.091973
-0.027310	0.649000	0.081930
0.004559	0.650000	0.064961
-0.026172	0.649000	0.078516
-0.011677	0.666000	0.092250
0.000000	0.653000	0.057246
0.014861	0.652000	0.072020
0.019732	0.662000	0.067321
-0.009159	0.653000	0.085869
-0.033187	0.676000	0.023705
-0.031292	0.661000	0.057948
-0.026172	0.649000	0.081930
0.010304	0.653000	0.085869
-0.026172	0.649000	0.073964
0.028067	0.667000	0.066660
-0.026374	0.654000	0.064214
0.017174	0.653000	0.084725
-0.020514	0.650000	0.063821
-0.029631	0.676000	0.016594
-0.026495	0.657000	0.057597
-0.004531	0.646000	0.067959
-0.012459	0.646000	0.072490
-0.020514	0.650000	0.067240
0.009187	0.655000	0.057422
-0.006859	0.652000	0.050300
-0.009145	0.652000	0.084595
0.016054	0.654000	0.066507
-0.024854	0.675000	0.017753
0.004538	0.647000	0.073736
0.003435	0.653000	0.058391
-0.020149	0.676000	0.015408
-0.008002	0.652000	0.056015
-0.036091	0.664000	0.060539
-0.037395	0.688000	0.009650
-0.010162	0.644000	0.072265
0.005681	0.648000	0.077259
0.017148	0.652000	0.076593
-0.033531	0.683000	0.011975
-0.008002	0.652000	0.053729
-0.013655	0.649000	0.081930
-0.040954	0.687000	0.024091
-0.021620	0.649000	0.079654
-0.032191	0.680000	0.013115
0.005742	0.655000	0.057422
-0.023705	0.676000	0.018964
-0.010304	0.653000	0.085869
0.030818	0.837000	-0.002935
-0.007017	0.667000	0.097066
-0.025227	0.654000	0.064214
-0.003419	0.650000	0.053564
-0.001134	0.647000	0.077140
0.002290	0.653000	0.060681
-0.014816	0.650000	0.062682
-0.035873	0.682000	0.027503
-0.027310	0.649000	0.079654
0.014861	0.652000	0.070877
-0.031292	0.661000	0.056789
0.025613	0.664000	0.069853
-0.010162	0.644000	0.073395
0.020893	0.662000	0.060357
-0.036091	0.664000	0.062868
-0.016029	0.653000	0.056101
-0.034677	0.682000	0.021524
0.018319	0.653000	0.070985
-0.042220	0.688000	0.024126
0.004545	0.648000	0.077259
0.006891	0.655000	0.051679
0.035137	0.835000	-0.002928
0.021887	0.657000	0.073724
-0.018291	0.652000	0.058302
-0.027180	0.674000	0.024817
0.027019	0.670000	0.062261
-0.015882	0.647000	0.073736
0.013718	0.652000	0.082308
-0.030953	0.679000	0.011905
-0.026172	0.649000	0.076240
-0.032286	0.682000	0.010762
0.033753	0.837000	-0.001468
0.010320	0.654000	0.061921
-0.007965	0.649000	0.081930
-0.009342	0.666000	0.093418
-0.033187	0.676000	0.026076
0.009117	0.650000	0.083196
-0.005681	0.648000	0.080667
-0.021754	0.653000	0.065261
-0.011344	0.647000	0.069199
-0.018235	0.650000	0.082056
-0.035764	0.658000	0.077297
-0.027647	0.657000	0.063357
-0.033610	0.661000	0.064901
-0.030953	0.679000	0.013096
-0.027647	0.657000	0.062205
-0.017305	0.658000	0.087681
-0.038714	0.690000	0.010888
0.012536	0.650000	0.079777
0.015066	0.661000	0.055630
-0.013907	0.661000	0.089239
-0.013781	0.655000	0.053976
0.025728	0.667000	0.066660
0.011519	0.657000	0.056445
-0.020482	0.649000	0.072826
-0.034779	0.684000	0.008395
0.003430	0.652000	0.064018
-0.019345	0.649000	0.080792
0.019702	0.661000	0.059107
-0.018235	0.650000	0.069520
-0.034558	0.657000	0.077180
-0.033383	0.680000	0.017884
0.014861	0.652000	0.082308
0.016004	0.652000	0.077736
0.023109	0.659000	0.083192
-0.037609	0.825000	-0.010126
-0.027310	0.649000	0.076240
-0.021720	0.652000	0.062875
0.005725	0.653000	0.061826
-0.040954	0.687000	0.033727
-0.038377	0.684000	0.023986
-0.030771	0.650000	0.079777
0.023284	0.664000	0.067524
0.000000	0.647000	0.069199
-0.005847	0.667000	0.095897
-0.015955	0.650000	0.069520
-0.010289	0.652000	0.061731
-0.025150	0.652000	0.068590
0.024264	0.659000	0.075104
-0.031136	0.683000	0.008383
-0.003419	0.650000	0.085475
-0.030908	0.678000	0.014265
-0.021398	0.678000	0.011888
-0.006985	0.664000	0.089644
0.002290	0.653000	0.059536
0.020924	0.663000	0.063935
0.012633	0.655000	0.060867
0.002276	0.649000	0.084206
-0.013613	0.647000	0.078274
-0.017095	0.650000	0.063821
-0.015882	0.647000	0.074871
-0.024890	0.676000	0.010667
-0.012478	0.647000	0.079408
-0.012536	0.650000	0.063821
0.004594	0.655000	0.051679
0.003414	0.649000	0.081930
-0.005698	0.650000	0.052425
-0.020482	0.649000	0.075102
0.004559	0.650000	0.067240
-0.011397	0.650000	0.062682
-0.022520	0.676000	0.018964
0.012671	0.657000	0.056445
0.009089	0.648000	0.074987
-0.010257	0.650000	0.064961
-0.006838	0.650000	0.051285
-0.009145	0.652000	0.062875
-0.029587	0.675000	0.023670
0.018431	0.657000	0.086396
-0.014747	0.647000	0.074871
-0.028362	0.674000	0.025998
0.022053	0.662000	0.060357
-0.029631	0.650000	0.079777
-0.028842	0.658000	0.055377
-0.032144	0.679000	0.017858
-0.028886	0.659000	0.057772
-0.017442	0.829000	-0.007268
-0.024890	0.676000	0.011853
0.011432	0.652000	0.065161
-0.018179	0.648000	0.077259
-0.030817	0.676000	0.022520
0.010257	0.650000	0.072939
0.014975	0.657000	0.062205
-0.017042	0.648000	0.073850
-0.034576	0.680000	0.028614
-0.027221	0.675000	0.018936
-0.019494	0.654000	0.055041
-0.009145	0.652000	0.083452
-0.027261	0.676000	0.010667
-0.007904	0.644000	0.075653
-0.003514	0.668000	0.094869
-0.028448	0.649000	0.079654
-0.034779	0.684000	0.013192
-0.026076	0.676000	0.008297
-0.023896	0.649000	0.077378
0.025574	0.663000	0.072073
-0.013676	0.650000	0.083196
-0.036036	0.663000	0.066260
-0.027261	0.676000	0.008297
0.002293	0.654000	0.053894
-0.039692	0.686000	0.022853
0.011397	0.650000	0.069520
-0.002276	0.649000	0.081930
-0.014793	0.649000	0.069413
-0.010162	0.644000	0.074524
-0.028404	0.675000	0.021303
-0.017200	0.654000	0.055041
0.017332	0.659000	0.058928
0.025497	0.661000	0.082286
-0.012459	0.646000	0.074755
-0.028842	0.658000	0.056531
-0.014816	0.650000	0.066101
0.032286	0.837000	-0.002935
0.033673	0.835000	-0.002928
-0.020577	0.652000	0.065161
-0.021620	0.649000	0.076240
0.014816	0.650000	0.078637
-0.038361	0.663000	0.069748
0.006891	0.655000	0.058570
0.009145	0.652000	0.064018
0.001145	0.653000	0.057246
-0.036136	0.687000	0.015659
-0.027221	0.675000	0.015386
-0.024117	0.655000	0.063164
-0.005847	0.667000	0.093558
-0.033285	0.678000	0.028530
-0.003430	0.652000	0.057159
-0.034769	0.661000	0.066060
-0.006859	0.652000	0.084595
0.015066	0.661000	0.056789
0.000000	0.650000	0.084335
-0.003408	0.648000	0.065897
0.008002	0.652000	0.085738
0.006891	0.655000	0.055125
-0.024117	0.655000	0.056273
-0.004559	0.650000	0.061542
0.019702	0.661000	0.060266
-0.039692	0.686000	0.024056
-0.002279	0.650000	0.061542
-0.014793	0.649000	0.081930
-0.015931	0.649000	0.080792
0.007965	0.649000	0.080792
-0.009145	0.652000	0.056015
0.024191	0.657000	0.080636
0.025497	0.661000	0.073014
0.001145	0.653000	0.053812
0.017279	0.657000	0.064509
-0.030866	0.652000	0.078879
-0.028842	0.658000	0.063453
0.006817	0.648000	0.078395
-0.039692	0.686000	0.020447
0.028194	0.670000	0.063436
-0.032156	0.655000	0.072351
0.019643	0.659000	0.064705
-0.004573	0.652000	0.060588
-0.014816	0.650000	0.063821
-0.017200	0.654000	0.052747
-0.037286	0.686000	0.019245
0.017384	0.661000	0.055630
-0.038321	0.683000	0.026346
-0.037069	0.682000	0.027503
-0.013676	0.650000	0.061542
-0.035978	0.684000	0.033580
0.002265	0.646000	0.072490
0.025497	0.661000	0.074173
-0.003398	0.646000	0.069092
0.025767	0.668000	0.065589
0.017226	0.655000	0.067758
-0.013592	0.646000	0.077020
0.017148	0.652000	0.075449
-0.008149	0.664000	0.091973
0.000000	0.652000	0.060588
-0.018179	0.648000	0.076123
-0.020149	0.676000	0.016594
0.002269	0.647000	0.069199
-0.035764	0.658000	0.076144
-0.033508	0.659000	0.068171
-0.031292	0.661000	0.061425
-0.021820	0.655000	0.057422
0.002272	0.648000	0.068170
0.000000	0.652000	0.052586
0.013718	0.652000	0.070877
0.018347	0.654000	0.082561
-0.013634	0.648000	0.070442
-0.020300	0.827000	-0.010150
-0.008186	0.667000	0.095897
-0.009145	0.652000	0.060588
-0.027180	0.674000	0.027180
-0.019434	0.652000	0.059445
-0.040954	0.687000	0.030113
0.011397	0.650000	0.080916
-0.032009	0.652000	0.080022
0.019494	0.654000	0.076828
-0.022969	0.655000	0.059719
-0.030817	0.676000	0.023705
-0.015955	0.650000	0.061542
-0.023896	0.649000	0.079654
0.009117	0.650000	0.070659
0.006859	0.652000	0.065161
-0.038601	0.688000	0.012063
-0.003398	0.646000	0.070225
-0.027689	0.658000	0.054224
-0.019315	0.648000	0.074987
0.019583	0.657000	0.086396
0.024264	0.659000	0.073949
-0.020577	0.652000	0.066304
0.010336	0.655000	0.058570
0.030818	0.837000	-0.004403
0.020609	0.653000	0.074420
0.012575	0.652000	0.068590
-0.013676	0.650000	0.064961
-0.005663	0.646000	0.077020
-0.008174	0.666000	0.093418
-0.031292	0.661000	0.062583
-0.034779	0.684000	0.016790
0.012536	0.650000	0.078637
-0.032107	0.654000	0.073388
-0.039750	0.687000	0.025295
-0.012536	0.650000	0.062682
0.003435	0.653000	0.061826
0.012671	0.657000	0.057597
-0.030866	0.652000	0.077736
-0.022758	0.649000	0.080792
-0.018319	0.653000	0.056101
0.010257	0.650000	0.068380
-0.032353	0.659000	0.063550
0.012575	0.652000	0.085738
0.017226	0.655000	0.066609
-0.022899	0.653000	0.065261
-0.030866	0.652000	0.076593
-0.020609	0.653000	0.058391
-0.017095	0.650000	0.060402
-0.034576	0.680000	0.027422
0.017305	0.658000	0.061146
-0.029996	0.658000	0.063453
-0.022486	0.675000	0.021303
-0.012864	0.667000	0.094727
-0.028886	0.659000	0.061239
-0.026374	0.654000	0.065361
-0.010320	0.654000	0.052747
0.018543	0.661000	0.057948
0.000000	0.647000	0.068064
0.014975	0.657000	0.061053
-0.005847	0.667000	0.094727
0.032286	0.837000	-0.001468
-0.012748	0.661000	0.089239
-0.034453	0.655000	0.073500
0.017305	0.658000	0.062299
0.002290	0.653000	0.061826
-0.001140	0.650000	0.085475
-0.028446	0.676000	0.010667
-0.011344	0.647000	0.079408
-0.039583	0.664000	0.072181
-0.020482	0.649000	0.076240
-0.025266	0.655000	0.051679
-0.032303	0.658000	0.066914
0.013718	0.652000	0.085738
-0.020514	0.650000	0.069520
-0.036036	0.663000	0.067423
0.016004	0.652000	0.073163
-0.018347	0.654000	0.055041
-0.006806	0.647000	0.079408
-0.006838	0.650000	0.052425
-0.010210	0.647000	0.069199
0.011397	0.650000	0.079777
0.019494	0.654000	0.071094
-0.025266	0.655000	0.060867
-0.014747	0.647000	0.077140
-0.009117	0.650000	0.063821
-0.021720	0.652000	0.067447
-0.001133	0.646000	0.075888
-0.007017	0.667000	0.095897
0.021820	0.655000	0.078093
0.017174	0.653000	0.082435
-0.026037	0.675000	0.015386
-0.036136	0.687000	0.010841
-0.011432	0.652000	0.060588
-0.003403	0.647000	0.078274
0.012575	0.652000	0.082308
-0.035928	0.661000	0.073014
-0.028446	0.676000	0.011853
0.019494	0.654000	0.075681
-0.027562	0.655000	0.064312
-0.020640	0.654000	0.053894
-0.016004	0.652000	0.059445
-0.019434	0.652000	0.058302
0.001140	0.650000	0.085475
-0.015955	0.650000	0.060402
0.005681	0.648000	0.069306
-0.010304	0.653000	0.057246
0.018543	0.661000	0.055630
-0.029631	0.676000	0.015408
0.013823	0.657000	0.061053
-0.027689	0.658000	0.061146
-0.009145	0.652000	0.061731
-0.008002	0.652000	0.058302
-0.037395	0.688000	0.013269
-0.028667	0.654000	0.068801
-0.029631	0.650000	0.082056
0.028236	0.671000	0.064707
-0.001140	0.650000	0.084335
-0.025034	0.649000	0.079654
0.013718	0.652000	0.083452
0.012575	0.652000	0.067447
-0.042220	0.688000	0.026538
-0.012594	0.653000	0.057246
-0.022758	0.649000	0.076240
0.003403	0.647000	0.074871
-0.042159	0.687000	0.021682
0.019494	0.654000	0.080268
0.027019	0.670000	0.065785
-0.019374	0.650000	0.071799
-0.004538	0.647000	0.066930
0.021920	0.658000	0.072683
-0.004573	0.652000	0.057159
0.023039	0.657000	0.079484
-0.039692	0.686000	0.032475
-0.033187	0.676000	0.027261
0.009187	0.655000	0.059719
0.012671	0.657000	0.054141
-0.033762	0.664000	0.057046
-0.026076	0.676000	0.009482
-0.012594	0.653000	0.054956
-0.031955	0.675000	0.027221
-0.006870	0.653000	0.049232
-0.029587	0.675000	0.024854
0.002286	0.652000	0.062875
0.017174	0.653000	0.081290
-0.005716	0.652000	0.059445
0.024191	0.657000	0.078332
-0.027520	0.654000	0.068801
-0.035764	0.658000	0.074990
-0.013613	0.647000	0.073736
-0.009103	0.649000	0.064861
-0.016078	0.655000	0.051679
-0.021720	0.652000	0.068590
0.024228	0.658000	0.081912
-0.010257	0.650000	0.062682
-0.009033	0.644000	0.074524
0.009103	0.649000	0.071689
0.003430	0.652000	0.062875
0.024559	0.667000	0.066660
-0.007978	0.650000	0.062682
-0.029859	0.655000	0.070054
-0.034663	0.659000	0.070482
-0.012498	0.648000	0.080667
-0.020482	0.649000	0.073964
0.009089	0.648000	0.078395
-0.010320	0.654000	0.053894
-0.005698	0.650000	0.055844
-0.025073	0.650000	0.070659
-0.010320	0.654000	0.051601
-0.022520	0.676000	0.015408
-0.002265	0.646000	0.074755
-0.003435	0.653000	0.049232
-0.029719	0.678000	0.011888
0.018291	0.652000	0.073163
